0.5229
0.1711
0.1715
0.1682
0.1262
0.1644
0.1261
0.1650
0.1695
0.1320
0.1264
0.1262
0.1652
0.1262
0.1260
0.1316
0.1287
0.1264
0.1315
0.1260
0.1261
0.1263
0.1316
0.1266
0.1262
0.1261
0.1316
0.1270
0.1261
0.1272
0.1262
0.1266
0.1263
0.1308
0.1261
0.1261
0.1265
0.1306
0.1261
0.1264
0.1296
0.1261
0.1261
0.1261
0.1281
0.1261
0.1261
0.1275
0.1316
0.1267
0.1264
0.1321
0.1263
0.1265
0.1262
0.1321
0.1283
0.1260
0.1318
0.1295
0.1260
0.1261
0.1316
0.1270
0.1262
0.1320
0.1269
0.1659
0.1318
0.1263
0.1655
0.1264
0.1261
0.1703
0.1646
0.1647
0.1702
0.1743
0.1266
0.1670
0.1667
0.1323
0.1651
0.1708
0.1266
0.1316
0.1648
0.1260
0.1709
0.1262
0.1710
0.1660
0.1645
0.1701
0.1646
0.1650
0.1663
0.1649
0.1668
0.1700
0.1646
0.1649
0.1316
0.1646
0.1316
0.1260
0.1644
0.1660
0.1702
0.1657
0.1647
0.1698
0.1651
0.1643
0.1725
0.1655
0.1646
0.1699
0.1645
0.1651
0.1711
0.1264
0.1315
0.1644
0.1645
0.1647
0.1294
0.1264
0.1667
0.1647
0.1314
0.1651
0.1319
0.1265
0.1273
0.1265
0.1699
0.1660
0.1659
0.1286
0.1268
0.1274
0.1322
0.1262
0.1678
0.1647
0.1646
0.1668
0.1650
0.1262
0.1703
0.1276
0.1698
0.1261
0.1708
0.1649
0.1262
0.1261
0.1315
0.1261
0.1261
0.1664
0.1265
0.1656
0.1261
0.1260
0.1261
0.1310
0.1260
0.1264
0.1315
0.1649
0.1315
0.1260
0.1261
0.1261
0.1713
0.1649
0.1261
0.1645
0.1261
0.1261
0.1642
0.1264
0.1263
0.1703
0.1261
0.1316
0.1261
0.1261
0.1263
0.1318
0.1261
0.1261
0.1315
0.1650
0.1261
0.1262
0.1263
0.1262
0.1318
0.1264
0.1261
0.1262
0.1316
0.1262
0.1267
0.1269
0.1302
0.1268
0.1261
0.1316
0.1262
0.1262
0.1267
0.1367
0.1264
0.1263
0.1327
0.1274
0.1261
0.1261
0.1375
0.1263
0.1264
0.1320
0.1266
0.1267
0.1265
0.1316
0.1265
0.1263
0.1317
0.1262
0.1262
0.1264
0.1316
0.1264
0.1262
0.1317
0.1263
0.1262
0.1263
0.1316
0.1267
0.1264
0.1261
0.1315
0.1262
0.1262
0.1318
0.1265
0.1262
0.1263
0.1315
0.1263
0.1261
0.1263
0.1276
0.1263
0.1262
0.1318
0.1263
0.1262
0.1262
0.1261
0.1261
0.1262
0.1264
0.1317
0.1261
0.1263
0.1318
0.1260
0.1262
0.1262
0.1320
0.1264
0.1263
0.1293
0.1276
0.1261
0.1262
0.1320
0.1263
0.1263
0.1264
0.1316
0.1262
0.1262
0.1317
0.1262
0.1264
0.1263
0.1264
0.1262
0.1266
0.1262
0.1318
0.1262
0.1264
0.1320
0.1261
0.1267
0.1270
0.1313
0.1261
0.1264
0.1321
0.1263
0.1266
0.1264
0.1316
0.1262
0.1262
0.1276
0.1313
0.1262
0.1263
0.1319
0.1262
0.1262
0.1264
0.1315
0.1263
0.1261
0.1316
0.1262
0.1263
0.1263
0.1315
0.1264
0.1263
0.1262
0.1314
0.1262
0.1266
0.1265
0.1263
0.1266
0.1268
0.1314
0.1263
0.1262
0.1264
0.1318
0.1262
0.1264
0.1298
0.1262
0.1264
0.1270
0.1324
0.1262
0.1262
0.1318
0.1264
0.1263
0.1263
0.1315
0.1260
0.1261
0.1264
0.1309
0.1261
0.1263
0.1318
0.1263
0.1261
0.1260
0.1316
0.1264
0.1265
0.1315
0.1261
0.1262
0.1262
0.1318
0.1266
0.1263
0.1262
0.1320
0.1263
0.1262
0.1317
0.1261
0.1264
0.1269
0.1318
0.1261
0.1262
0.1316
0.1262
0.1262
0.1264
0.1315
0.1262
0.1263
0.1263
0.1314
0.1263
0.1266
0.1328
0.1265
0.1261
0.1263
0.1335
0.1265
0.1271
0.1335
0.1270
0.1261
0.1277
0.1318
0.1263
0.1261
0.1321
0.1263
0.1263
0.1269
0.1319
0.1262
0.1263
0.1314
0.1263
0.1263
0.1261
0.1316
0.1261
0.1264
0.1267
0.1315
0.1263
0.1267
0.1320
0.1262
0.1263
0.1262
0.1316
0.1263
0.1263
0.1319
0.1263
0.1267
0.1266
0.1318
0.1263
0.1262
0.1263
0.1315
0.1264
0.1271
0.1273
0.1266
0.1265
0.1268
0.1332
0.1267
0.1272
0.1320
0.1263
0.1262
0.1277
0.1324
0.1265
0.1263
0.1263
0.1283
0.1263
0.1262
0.1319
0.1264
0.1264
0.1263
0.1320
0.1263
0.1263
0.1318
0.1262
0.1262
0.1264
0.1316
0.1264
0.1262
0.1264
0.1307
0.1262
0.1263
0.1317
0.1263
0.1263
0.1265
0.1316
0.1262
0.1263