0.2086
0.3946
0.1599
0.1789
0.2399
0.2324
0.1891
0.2317
0.2386
0.2355
0.2293
0.1854
0.1920
0.1883
0.1863
0.1853
0.1877
0.1879
0.1870
0.2388
0.1870
0.1877
0.1856
0.2440
0.2357
0.2355
0.2411
0.1868
0.2611
0.2469
0.2350
0.1731
0.2017
0.2026
0.2019
0.2019
0.2492
0.2573
0.1874
0.2522
0.2534
0.2315
0.2361
0.1884
0.2438
0.2279
0.2370
0.2395
0.2295
0.2360
0.2356
0.1939
0.2330
0.2418
0.2334
0.1893
0.2165
0.1611
0.1608
0.1627
0.1598
0.1643
0.2098
0.1884
0.1908
0.1896
0.2324
0.1909
0.1913
0.1920
0.1897
0.2290
0.2398
0.2404
0.1898
0.1871
0.2353
0.1955
0.2417
0.2454
0.2321
0.1920
0.2480
0.2378
0.2334
0.2422
0.2326
0.2380
0.1816
0.2003
0.2005
0.1946
0.2491
0.2562
0.2595
0.2290
0.2551
0.2346
0.2313
0.2373
0.2307
0.2301
0.2400
0.2293
0.2319
0.2413
0.2280
0.2667
0.1944
0.2600
0.2421
0.1631
0.1948
0.1947
0.1982
0.2304
0.2421
0.2302
0.1890
0.1910
0.1930
0.2343
0.2373
0.1885
0.1882
0.2430
0.2345
0.1895
0.1894
0.1888
0.1875
0.1874
0.1891
0.1872
0.1857
0.2428
0.1886
0.2406
0.2472
0.2435
0.2328
0.2385
0.2397
0.1596
0.1976
0.1599
0.1929
0.1917
0.1869
0.1870
0.2554
0.1895
0.2625
0.2563
0.2552
0.1890
0.2282
0.2335
0.2384
0.1873
0.2305
0.1906
0.1856
0.1874
0.2299
0.1859
0.2285
0.2691
0.2344
0.1881
0.2290
0.2365
0.1970
0.1969
0.1982
0.1945
0.1970
0.2282
0.1847
0.2359
0.2371
0.1869
0.1906
0.2472
0.1924
0.2395
0.2359
0.2450
0.1887
0.1874
0.1878
0.1871
0.1943
0.1972
0.2505
0.1911
0.1913
0.1902
0.1922
0.2621
0.1933
0.2379
0.2451
0.1886
0.2344
0.2210
0.1959
0.1953
0.1967
0.2419
0.1896
0.2597
0.2600
0.2003
0.2436
0.1888
0.2322
0.1939
0.1916
0.1930
0.1901
0.1861
0.1883
0.1874
0.2370
0.2713
0.2045
0.1968
0.1919
0.1902
0.2386
0.1902
0.2321
0.1903
0.1863
0.2296
0.1598
0.2010
0.1601
0.1624
0.2020
0.1682
0.1882
0.2409
0.1874
0.1884
0.2369
0.2331
0.1884
0.1889
0.1906
0.2329
0.1884
0.1899
0.1936
0.2356
0.1879
0.1888
0.1890
0.1886
0.1906
0.1880
0.1872
0.1891
0.1878
0.1869
0.1890
0.1903
0.1924
0.1892
0.1872
0.1870
0.1872
0.1874
0.1878
0.1901
0.1907
0.1886
0.2324
0.2512
0.1657
0.1614
0.1594
0.1609
0.1669
0.1767
0.1910
0.1888
0.1890
0.1886
0.2612
0.1873
0.2545
0.2557
0.1922
0.2282
0.1897
0.1883
0.2300
0.1905
0.2326
0.1880
0.1893
0.1944
0.1906
0.1889
0.1858
0.1871
0.1874
0.1874
0.1904
0.1931
0.1891
0.1901
0.1886
0.1873
0.1880
0.1907
0.1910
0.1803
0.1644
0.1597
0.1604
0.1569
0.1586
0.1945
0.2482
0.2417
0.1949
0.1909
0.1885
0.2373
0.1939
0.1943
0.1905
0.1960
0.1904
0.2372
0.1910
0.1940
0.1897
0.1905
0.1908
0.1895
0.1889
0.1896
0.1900
0.1881
0.1901
0.2009
0.1973
0.1922
0.2361
0.1878
0.1891
0.2458
0.1908
0.2430
0.1899
0.1882
0.2347
0.1603
0.2044
0.1617
0.1644
0.1912
0.1947
0.1909
0.2615
0.2655
0.2689
0.1909
0.1908
0.1925
0.2429
0.2362
0.1966
0.1937
0.1918
0.2317
0.1867
0.1899
0.1914
0.2312
0.1871
0.1889
0.1897
0.1896
0.2297
0.1888
0.1910
0.1888
0.1879
0.1849
0.1998
0.1602
0.1666
0.2025
0.1602
0.1669
0.1886
0.1922
0.2339
0.1871
0.2460
0.2050
0.1887
0.2421
0.1949
0.1943
0.1897
0.1873
0.1872
0.1889
0.1878
0.1885
0.1922
0.2406
0.1888
0.1887
0.1884
0.1881
0.1915
0.1898
0.2357
0.1922
0.1891
0.1919
0.2363
0.1878
0.1892
0.1919
0.1935
0.1888
0.1873
0.1878
0.1880
0.2390
0.1893
0.1617
0.1636
0.1961
0.1605
0.1843
0.1970
0.1879
0.1881
0.1884
0.1960
0.1925
0.1901
0.1874
0.1889
0.1932
0.1884
0.2120
0.1983
0.1867
0.2464
0.1873
0.1874
0.1889
0.1883
0.1887
0.1904
0.1899
0.1897
0.1887
0.2305
0.2398
0.1938
0.1929
0.1883
0.1883
0.1905
0.1891
0.1875
0.1864
0.1863
0.1877
0.1883
0.1880
0.1861
0.1664
0.1596
0.1607
0.1589
0.1621
0.1970
0.1867
0.1906
0.1870
0.1881
0.1862
0.2418
0.1893
0.1864
0.1875
0.1874
0.1893
0.1874
0.1882
0.1879
0.1933
0.1923
0.1876
0.1881
0.1890
0.1890
0.1889
0.1890
0.1935
0.1951
0.1982
0.1892
0.1878
0.1883
0.1904
0.1907
0.1880
0.2425
0.1899
0.1899
0.1897
0.1893
0.1885
0.2558
0.2041
0.1997
0.1880
0.1883
0.2133
0.1612
0.1648
0.1600
0.2547
0.1924
0.1928
0.1986
0.1928
0.1882
0.1863
0.1901
0.1890
0.1961
0.1984
0.1906
0.1893
0.1901
0.1934
0.2352
0.1889
0.1880
0.1898
0.1903
0.1921
0.1934
0.1867
0.1898
0.1893
0.1877
0.1891
0.1891
0.1929
0.1890
0.1911
0.1895
0.1899
0.1886
0.1878
0.1886
0.1895
0.1887
0.1881
0.1594
0.1615
0.1616
0.1599
0.1645
0.1686
0.1638
0.1806
0.1901
0.1900
0.1912
0.1866
0.1881
0.1886
0.1880
0.1874
0.1893
0.1910
0.1955
0.1903
0.1961
0.1873
0.1867
0.1870
0.1875
0.1938
0.1969
0.1972
0.1931
0.1894
0.1924
0.1903
0.1860
0.1858
0.1869
0.1937
0.1939
0.1874
0.1944
0.1922
0.1907
0.1897
0.1882
0.1874
0.1866
0.1876
0.1896
0.1901
0.1904
0.1923
0.1898
0.1905
0.1867
0.1883
0.1860
0.1625
0.1595
0.1598
0.1603
0.1763
0.1889
0.1863
0.1858
0.1877
0.1892
0.1870
0.1865
0.1865
0.1877
0.1870
0.1873
0.1873
0.1952
0.1908
0.2048
0.2132
0.2104
0.2100
0.2099
0.1891
0.1900
0.1917
0.1897
0.1919
0.1897
0.1870
0.1865
0.1868
0.1872
0.1886
0.1924
0.1909
0.1896
0.1902
0.1894
0.1874
0.1870
0.1880
0.1875
0.1894
0.1884
0.1886
0.1884
0.1635
0.1681
0.1612
0.1595
0.1665
0.1598
0.1789
0.1875
0.1890
0.1892
0.1899
0.1885
0.1879
0.1884
0.1896
0.1878
0.1882
0.1897
0.1917
0.1903
0.1899
0.1887
0.1881
0.1893
0.1891
0.1870
0.1899
0.1969
0.1919
0.1989
0.1899
0.1904
0.1862
0.1888
0.1880
0.1870
0.1846
0.1873
0.1900
0.1892
0.1878
0.1877
0.1895
0.1881
0.1864
0.1908
0.1905
0.1931
0.1922
0.1930
0.1906
0.1895
0.1921
0.1915
0.1674
0.1667
0.1623
0.1668
0.1804
0.1885
0.1862
0.1881
0.1886
0.1936
0.1895
0.1908
0.1943
0.1934
0.1922
0.1929
0.1913
0.1971
0.1991
0.1860
0.1872
0.1901
0.1893
0.1916
0.1884
0.1925
0.1927
0.1902
0.1882
0.1898
0.1878
0.1891
0.1903
0.1904
0.1905
0.1936
0.1929
0.1911
0.1898
0.1885
0.1908
0.1913
0.1914
0.1916
0.1908
0.1925
0.1946
0.1742
0.1632
0.1646
0.1658
0.1630
0.1642
0.1632
0.1732
0.1893
0.1901
0.1933
0.1937
0.1967
0.1993
0.1965
0.2422
0.1926
0.1890
0.1888
0.1924
0.1945
0.1917
0.1928
0.1902
0.1930
0.1921
0.1913
0.1905
0.1963
0.1905
0.1920
0.1937
0.1906
0.1964
0.1957
0.1888
0.1907
0.1901
0.1893
0.1954
0.1888
0.1970
0.1900
0.1897
0.1932
0.1945
0.1905
0.1903
0.1888
0.1885
0.1769
0.1639
0.1610
0.1623
0.1699
0.1964
0.1996
0.1929
0.1888
0.1891
0.1893
0.1900
0.1906
0.1904
0.1938
0.1900
0.2018
0.2015
0.1966
0.1953
0.1926
0.1915
0.1919
0.1886
0.1900
0.1898
0.1894
0.1876
0.1952
0.1930
0.1922
0.2047
0.1939
0.1920
0.1892
0.1902
0.1893
0.1908
0.1924
0.1896
0.1889
0.1883
0.1902
0.1928
0.1918
0.1787
0.1620
0.1640
0.1615
0.1635
0.1643
0.1672
0.1909
0.1925
0.1930
0.1896
0.1924
0.1986
0.1957
0.1903
0.1919
0.1893
0.1902
0.1900
0.1890
0.1885
0.1902
0.1917
0.1906
0.1937
0.1943
0.1885
0.1881
0.1883
0.1898
0.1876
0.1871
0.1920
0.1929
0.1911
0.1907
0.1965
0.1920
0.1905
0.1878
0.1882
0.1881
0.1886
0.1909
0.1922
0.1980
0.1912
0.1900
0.1896
0.1893
0.1897
0.1908
0.1695
0.1678
0.1611
0.1644
0.1808
0.1877
0.1892
0.1900
0.1896
0.1901
0.1894
0.1922
0.1943
0.1923
0.1936
0.1928
0.1977
0.2021
0.1868
0.1879
0.1895
0.2403
0.1906
0.1864
0.1899
0.1893
0.1917
0.1929
0.1905
0.1931
0.1913
0.2363
0.1910
0.1947
0.1923
0.1906
0.1939
0.1972
0.1954
0.1914
0.1931
0.1898
0.1898
0.1712
0.1668
0.1619
0.1634
0.1710
0.1621
0.1643
0.1711
0.1924
0.1900
0.1905
0.1899
0.2425
0.1981
0.1945
0.1980
0.1933
0.1961
0.2421
0.1945
0.1915
0.1934
0.1924
0.1887
0.1871
0.1870
0.2387
0.2361
0.1889
0.1901
0.1994
0.1974
0.1925
0.1910
0.1929
0.1895
0.1887
0.1893
0.1893
0.1891
0.1917
0.1902
0.1968
0.1990
0.1991
0.2032
0.1911
0.1600
0.1606
0.1647
0.1597
0.1821
0.1903
0.1901
0.1895
0.1880
0.1870
0.1873
0.1893
0.1896
0.1904
0.1903
0.1968
0.1952
0.2034
0.2022
0.1926
0.1942
0.1942
0.1912
0.1878
0.1901
0.1909
0.1914
0.1915
0.1921
0.1930
0.1926
0.1957
0.2601
0.1908
0.1904
0.1930
0.4783
0.1746
0.1625
0.1635
0.1686
0.1619
0.1849
0.1910
0.1926
0.1932
0.1912
0.1905
0.1875
0.1900
0.1869
0.1879
0.1885
0.1900
0.1867
0.1878
0.1917
0.1914
0.1879
0.1874
0.1875
0.1882
0.1891
0.1903
0.1901
0.1905
0.1940
0.1879
0.1877
0.1870
0.1882
0.1873
0.1882
0.1898
0.1878
0.1903
0.1890
0.1868
0.1880
0.1877
0.1895
0.1892
0.1896
0.1898
0.1914
0.1908
0.1877
0.1863
0.1895
0.1872
0.1730
0.1592
0.1611
0.1648
0.1642
0.1872
0.1871
0.1893
0.1868
0.1870
0.1873
0.1890
0.1868
0.1868
0.1909
0.1896
0.1904
0.1895
0.1909
0.1880
0.1989
0.1951
0.1872
0.1871
0.1876
0.1888
0.1890
0.1947
0.1924
0.1927
0.1913
0.1861
0.1886
0.1903
0.1910
0.1878
0.1894
0.1904
0.1912
0.1880
0.1870
0.1869
0.1877
0.1871
0.1873
0.1883
0.1890
0.1907
0.1897
0.1865
0.1804
0.1604
0.1590
0.1601
0.1676
0.1592
0.1620
0.1636
0.1796
0.1890
0.1876
0.1873
0.1888
0.1915
0.1928
0.1987
0.1943
0.1933
0.1896
0.1894
0.1924
0.1918
0.1935
0.1905
0.1908
0.1966
0.1932
0.1957
0.1962
0.1953
0.1936
0.1922
0.1896
0.1906
0.1930
0.1901
0.1886
0.1923
0.1940
0.1938
0.1944
0.1946
0.1914
0.1914
0.1904
0.1899
0.1914
0.1884
0.2491
0.1920
0.1929
0.1667
0.1645
0.1668
0.1618
0.1793
0.1949
0.1923
0.1947
0.1908
0.1956
0.1938
0.1888
0.1894
0.1908
0.1902
0.1945
0.1995
0.1909
0.1905
0.1913
0.1908
0.1881
0.1864
0.1852
0.1885
0.1876
0.1873
0.1893
0.1905
0.1873
0.1862
0.1874
0.1873
0.1896
0.1911
0.1886
0.1901
0.1954
0.1990
0.2004
0.1922
0.1922
0.1889
0.1874
0.1896
0.1883
0.1687
0.1624
0.1592
0.1606
0.1593
0.1728
0.1832
0.2011
0.1939
0.1971
0.1910
0.1928
0.1873
0.1889
0.1891
0.1891
0.1882
0.1918
0.1914
0.1932
0.1919
0.1913
0.1889
0.1896
0.1923
0.1890
0.1919
0.1887
0.1915
0.1891
0.1939
0.1893
0.1934
0.1887
0.1871
0.1890
0.1902
0.1899
0.1907
0.1901
0.1934
0.1939
0.1898
0.1901
0.1881
0.1892
0.1889
0.1904
0.1907
0.1910
0.1947
0.1944
0.1951
0.1643
0.1609
0.1640
0.1600
0.1753
0.1905
0.1936
0.1927
0.1912
0.1929
0.1889
0.1867
0.1887
0.1879
0.1886
0.1883
0.1896
0.2011
0.2031
0.1931
0.1904
0.1883
0.1884
0.1866
0.1878
0.1882
0.1880
0.1897
0.1906
0.1935
0.1917
0.1898
0.1893
0.1892
0.1891
0.1925
0.1923
0.1896
0.1910
0.1961
0.1888
0.1921
0.1888
0.1891
0.1898
0.1900
0.2467
0.1623
0.1639
0.1671
0.1617
0.1631
0.1620
0.1622
0.1773
0.1972
0.1952
0.1887
0.1886
0.1891
0.1905
0.1906
0.1904
0.1902
0.1901
0.1923
0.1921
0.1878
0.1883
0.1872
0.1887
0.1887
0.1899
0.1897
0.1894
0.1939
0.1938
0.1914
0.1935
0.1910
0.1897
0.1908
0.1905
0.1898
0.1903
0.1915
0.1946
0.1897
0.1962
0.1913
0.1950
0.1895
0.1890
0.1883
0.1892
0.1895
0.1910
0.1965
0.1929
0.1927
0.1833
0.1616
0.1638
0.1671
0.1687
0.1924
0.1901
0.1902
0.1911
0.1895
0.1987
0.1886
0.1878
0.1893
0.1904
0.1929
0.1913
0.1983
0.1977
0.1862
0.1944
0.1965
0.1935
0.1928
0.1897
0.1879
0.1861
0.1909
0.1884
0.1887
0.1899
0.1905
0.1913
0.1916
0.1917
0.1901
0.1892
0.1886
0.1891
0.1893
0.1884
0.1907
0.1919
0.1912
0.1902
0.1897
0.1878
0.1698
0.1609
0.1586
0.1621
0.1662
0.1599
0.1682
0.1911
0.1955
0.1884
0.1875
0.1879
0.1873
0.1883
0.1877
0.1890
0.1915
0.1898
0.1883
0.1859
0.1890
0.1873
0.1890
0.1878
0.1886
0.1926
0.1877
0.1874
0.1874
0.1881
0.1887
0.1912
0.1889
0.1904
0.1940
0.1905
0.1898
0.1901
0.1880
0.1886
0.1881
0.1883
0.1884
0.1900
0.1891
0.1897
0.1873
0.1889
0.1895
0.1888
0.1878
0.1915
0.1910
0.1916
0.1806
0.1657
0.1620
0.1703
0.1644
0.1894
0.1870
0.1897
0.1933
0.1908
0.1887
0.1883
0.1872
0.1883
0.1898
0.1897
0.1893
0.1949
0.1988
0.1995
0.1889
0.1900
0.1923
0.1885
0.1889
0.1920
0.1900
0.1893
0.1896
0.1915
0.1911
0.1921
0.1900
0.1872
0.1886
0.1891
0.1892
0.1908
0.1892
0.1941
0.1927
0.1908
0.1883
0.1875
0.1892
0.1895
0.1901
0.1898
0.1729
0.1606
0.1612
0.1720
0.1624
0.1630
0.1665
0.1648
0.1887
0.1902
0.1909
0.1896
0.1915
0.1933
0.1925
0.1918
0.1895
0.1878
0.1892
0.1890
0.1918
0.1891
0.1900
0.1923
0.1961
0.1965
0.1937
0.1894
0.1943
0.1905
0.1889
0.1871
0.1873
0.1917
0.1979
0.1881
0.1916
0.1931
0.1966
0.1937
0.1874
0.1878
0.1888
0.1894
0.1878
0.1915
0.1920
0.1914
0.1871
0.1868
0.1855
0.1873
0.1880
0.1886
0.1809
0.1673
0.1609
0.1645
0.1720
0.1917
0.1867
0.1880
0.1882
0.1873
0.1909
0.1879
0.1868
0.1871
0.1892
0.1877
0.1875
0.1891
0.1909
0.1968
0.2000
0.1874
0.1848
0.1867
0.1939
0.1913
0.1865
0.1910
0.1868
0.1908
0.1888
0.1880
0.1862
0.1865
0.1896
0.1880
0.1889
0.1896
0.1966
0.2050
0.1968
0.1918
0.1932