1.7246
1.8929
1.7379
1.5460
1.7089
1.5556
1.7433
1.5320
1.6696
1.5001
1.7115
1.7070
1.5819
1.6969
1.5529
1.6894
1.5161
1.6636
1.7320
1.5395
1.7599
1.5355
1.6332
1.5188
1.7464
1.5359
1.6881
1.7083
1.6042
1.7333
1.5545
1.7830
1.4947
1.7363
1.5922
1.6304
1.6481
1.4904
1.6818
1.6441
1.6617
1.5058
1.7580
1.5245
1.6339
1.5215
1.6723
1.7028
1.5326
1.7448
1.4806
1.6705
1.5875
1.7105
1.7422
1.5884
1.6452
1.5557
1.6667
1.4800
1.6988
1.5842
1.6871
1.6093
1.7656
1.6755
1.4886
1.6308
1.5466
1.7167
1.5195
1.6928
1.5375
1.7252
1.5201
1.6881
1.7637
1.5853
1.6711
1.5001
1.6674
1.4750
1.6625
1.5184
1.7012
1.4888
1.6121
1.6562
1.5231
1.7929
1.4981
1.6642
1.4929
1.6383
1.6630
1.4943
1.6636
1.5224
1.6762
1.5558
1.6748
1.5019
1.6795
1.5896
1.6905
1.7387
1.5428
1.6644
1.5652
1.6751
1.4986
1.6909
1.5052
1.6868
1.5600
1.6897
1.6441
1.5591
1.6659
1.5412
1.7223
1.5190
1.6815
1.5278
1.6781
1.5209
1.6688
1.6890
1.5655
1.7298
1.5665
1.7306
1.5338
1.7212
1.7211
1.5957
1.7766
1.5651
1.7092
1.5004
1.6847
1.5055
1.7252
1.5007
1.6361
1.7029
1.4984
1.6798
1.5343
1.6785
1.5536
1.7052
1.5625
1.7172
1.5004
1.6465
1.6258
1.4574
1.5885
1.4830
1.6308
1.5379
1.6444
1.5114
1.7107
1.4921
1.7487
1.6136
1.5136