0.5741
0.2248
0.2129
0.2040
0.2053
0.2140
0.2133
0.2180
0.2143
0.1752
0.1698
0.2108
0.2026
0.1567
0.2063
0.1735
0.2116
0.2294
0.1709
0.2171
0.1764
0.2231
0.1820
0.2194
0.2288
0.2117
0.2198
0.2193
0.2052
0.1861
0.2181
0.1808
0.2103
0.2077
0.1738
0.2151
0.2288
0.2180
0.1939
0.2188
0.2041
0.2029
0.2019
0.2056
0.2043
0.2060
0.2125
0.2081
0.1799
0.2066
0.2305
0.2125
0.2122
0.2039
0.2193
0.2095
0.2094
0.2102
0.1710
0.1619
0.2254
0.2137
0.2197
0.2232
0.2180
0.2017
0.2144
0.2085
0.1633
0.2113
0.2035
0.4593
0.2099
0.2187
0.1987
0.2049
0.2031
0.2150
0.1666
0.1738
0.1742
0.2048
0.2118
0.2174
0.2274
0.2164
0.1997
0.2025
0.1960
0.2126
0.2090
0.2049
0.1996
0.1996
0.2017
0.2042
0.2012
0.2076
0.1769
0.1618
0.2053
0.2010
0.1738
0.2084
0.2236
0.2067
0.2254
0.2142
0.2207
0.2225
0.2186
0.2209
0.2191
0.1832
0.1638
0.1825
0.1862
0.2091
0.2080
0.1798
0.2179
0.2422
0.2210
0.2145
0.2158
0.2106
0.2051
0.1770
0.1768
0.2180
0.1797
0.1654
0.1749
0.2249
0.1796
0.1840
0.2220
0.1955
0.1979
0.1894
0.1863
0.2160
0.2157
0.1750
0.2026
0.1834
0.1700
0.1635
0.1721
0.1733
0.2155
0.1760
0.1577
0.1706
0.2072
0.1823
0.2046
0.1686
0.1645
0.2062
0.1799
0.1755
0.2016
0.1738
0.1640
0.1751
0.2141
0.2075
0.2250
0.1801
0.1745
0.1800
0.1617
0.1700
0.1734
0.1592
0.1747
0.1738
0.1682
0.1603
0.1720
0.2144
0.1838
0.1674
0.2005
0.1712
0.2063
0.1754
0.1817
0.1769
0.1630
0.2136
0.1709
0.2132
0.2261
0.1707
0.1726
0.1824
0.1750
0.1696
0.1824
0.1828
0.1828
0.1609
0.1699
0.1776
0.1583
0.1702
0.1809
0.1667
0.1579
0.1741
0.1678
0.2120
0.1626
0.2054
0.1798
0.2162
0.1824
0.2182
0.1697
0.1781
0.1827
0.1650
0.1843
0.1850
0.1798
0.1636
0.1771
0.1730
0.1726
0.2044
0.1687
0.2166
0.1657
0.1771
0.2094
0.1746
0.1572
0.1747
0.1783
0.1826
0.2131
0.1893
0.1673
0.1693
0.2107
0.1842
0.1800
0.1807
0.1631
0.1835
0.1787
0.1791
0.1827
0.1651
0.1790
0.1806
0.1599
0.1737
0.1772
0.1764
0.1617
0.1814
0.1754
0.1739
0.1670
0.1744
0.1786
0.1619
0.1660
0.1737
0.1648
0.2139
0.1623
0.1694
0.2056
0.1808
0.1808
0.1721
0.1848
0.2223
0.1768
0.1895
0.2193
0.2286
0.1761
0.1805
0.1786
0.1797
0.1665
0.1809
0.1818
0.1805
0.1626
0.1769
0.1833
0.1852
0.1724
0.1683
0.1815
0.1773
0.1678
0.1599
0.1729
0.1821
0.1701
0.1841
0.1767
0.1876
0.1850
0.1675
0.1675
0.1822
0.1835
0.1651
0.1790
0.1727
0.2077
0.1782
0.1564
0.1798
0.1739
0.1618
0.1684
0.1783
0.1794
0.1596
0.1736
0.1792
0.1634
0.1680
0.1806
0.3733
0.1559
0.1691
0.1745
0.1591
0.1730
0.1751
0.1576
0.1671
0.1752
0.1561
0.1712
0.1725
0.1551
0.1719
0.1802
0.1714
0.2052
0.1723
0.1820
0.1820
0.1848
0.1711
0.1659
0.1778
0.1748
0.1634
0.1700
0.1762
0.1575
0.1714
0.1839
0.1837
0.2101
0.2111
0.2448
0.1757
0.1791
0.1739
0.1560
0.1723
0.1783
0.1617
0.1706
0.1725
0.1625
0.1639
0.1749
0.2155
0.1776
0.1589
0.1752
0.1795
0.1862
0.1768
0.1756
0.1860
0.1907
0.2043
0.1774
0.1760
0.1688
0.1826
0.1803
0.1747
0.1662
0.1760
0.2124
0.1783
0.1824
0.1823
0.1660
0.1741
0.1735
0.1558
0.1678
0.1789
0.1694
0.1745
0.1843
0.1807
0.1800
0.1613
0.1781
0.1799
0.2115
0.1802
0.1723
0.1669
0.1717
0.1814
0.1608
0.1809
0.1835
0.1787
0.1733
0.1633
0.1751
0.1760
0.2056
0.2223
0.1843
0.2125
0.1792
0.1564
0.1796
0.1827
0.1838
0.1585
0.1771
0.1754
0.1640
0.1674
0.1767
0.1769
0.1545
0.1713
0.1754
0.1589
0.1659
0.1765
0.1596
0.1752
0.1735
0.1754
0.1725
0.1817
0.1885
0.1836
0.1907
0.1751
0.1784
0.1813
0.1775
0.1802
0.1606
0.1773
0.1799
0.1727
0.1624
0.1694
0.1623
0.1626
0.1755
0.2068
0.1782
0.1588
0.1689
0.2140
0.1755
0.1679
0.1562
0.1750
0.2081
0.1791
0.1732
0.1666
0.1747
0.1681
0.1575
0.2052
0.1725
0.1718
0.2060
0.1640
0.1701
0.1750
0.1794
0.1640
0.1761
0.1770
0.2053
0.1831
0.1721
0.1847
0.1794
0.1793
0.1592
0.1690
0.1735
0.1684
0.1658
0.1756
0.1813
0.1606
0.1699
0.1781
0.1793
0.1657
0.1856
0.1851
0.1799
0.1814
0.1689
0.1696
0.1820
0.1664
0.1636
0.1745
0.1844
0.1612
0.1792
0.1816
0.1759
0.1621
0.1750
0.1751
0.1595
0.1640
0.1719
0.1593
0.1771
0.1759
0.1736
0.1707
0.1744
0.1787
0.1703
0.1691
0.1798
0.1767
0.1750
0.2169
0.1705
0.1719
0.1796
0.1778
0.1627
0.1688
0.1735
0.1632
0.1741
0.1953
0.1941
0.1894
0.1778
0.1616
0.1729
0.1755
0.1628
0.1673
0.1775
0.1689
0.1592
0.1748
0.1689
0.1557
0.1741
0.1772
0.1665
0.1775
0.1748
0.1646
0.1602
0.1768
0.1855
0.1662
0.1742
0.1737
0.1666
0.1665
0.1703
0.1762
0.1665
0.1738
0.1725
0.1681
0.1663
0.1840
0.1883
0.1886
0.3296
0.1796
0.1638
0.1672
0.1782
0.1798
0.1577
0.1782
0.1787
0.1863
0.1733
0.1687
0.1811
0.1801
0.1724
0.1709
0.1841
0.1765
0.1718
0.1659
0.1740
0.1695
0.1602
0.1787
0.1794
0.1634
0.1727
0.1797
0.1730
0.1549
0.1736
0.1803
0.1820
0.1708
0.1830
0.1781
0.1754
0.1563
0.1745
0.1776
0.1647
0.1783
0.1781
0.1773
0.1706
0.1749
0.1817
0.1783
0.1649
0.1674
0.1822
0.1807
0.1625
0.1738
0.1727
0.1707
0.1628
0.1733
0.1715
0.1638
0.1683
0.1818
0.1771
0.1724
0.1809
0.1744
0.1567
0.1661
0.1788
0.2001
0.1728
0.1707
0.2199
0.1748
0.1877
0.1779
0.1827
0.1588
0.1804
0.1801
0.1786
0.1601
0.2118
0.1709
0.1755
0.1759
0.1667
0.1698
0.1725
0.1615
0.1715
0.1844
0.1818
0.1646
0.1732
0.1750
0.1705
0.2152
0.1630
0.1718
0.1813
0.1863
0.1680
0.1750
0.1757
0.1829
0.1639
0.1817
0.1877
0.1892
0.1861
0.1680
0.1737
0.1802
0.1833
0.1824
0.1643
0.1715
0.1739
0.1579
0.1674
0.1745
0.1603
0.1745
0.1788
0.1763
0.1544
0.1710
0.1743
0.1574
0.1696
0.1714
0.1592
0.1700
0.1809
0.1753
0.1706
0.1793
0.1761
0.1576
0.1674
0.1743
0.1733
0.1653
0.1749
0.1670
0.1586
0.1764
0.1868
0.1680
0.1674
0.1768
0.1781
0.1553
0.1787
0.1781
0.1850
0.1673
0.1753
0.1757
0.1680
0.1631
0.1795
0.1756
0.1546
0.1742
0.1801
0.1663
0.1682
0.1744
0.1782
0.1573
0.1678
0.1700
0.1634
0.1725
0.1836
0.1795
0.1602
0.1833
0.1771
0.1570
0.1647
0.1759
0.1675
0.1734
0.1817
0.1847
0.1854
0.1712
0.1787
0.1847
0.1795
0.1777
0.1669
0.1758
0.1784
0.1850
0.1679
0.1748
0.1762
0.1719
0.2088
0.1604
0.1808
0.1760
0.1628
0.1715
0.1736
0.1739
0.1614
0.2166
0.2012
0.1691
0.1774
0.1857
0.1817
0.1586
0.1740
0.1775
0.1579
0.1795
0.1902
0.1840
0.1702
0.1708
0.1815
0.1856
0.1822
0.1612
0.1849
0.1821
0.1791
0.1581
0.1689
0.2081
0.1708
0.1692
0.3394
0.1847
0.1667
0.1726
0.1717
0.1728
0.1600
0.1707
0.1771
0.1654
0.1841
0.1864
0.1834
0.2163
0.1755
0.1682
0.1627
0.1703
0.1631
0.1635
0.1819
0.1821
0.1686
0.1695
0.1714
0.1785
0.1668
0.1788
0.1775
0.1752
0.1615
0.1731
0.1792
0.1597
0.1697
0.1748
0.1616
0.1720
0.1794
0.1791
0.1597
0.1745
0.1746
0.1593
0.1652
0.1750
0.1661
0.1733
0.1853
0.1801
0.1836
0.1638
0.1761
0.1856
0.1762
0.1572
0.1855
0.1750
0.1779
0.1679
0.1832
0.1839
0.1778
0.1579
0.1686
0.1757
0.1686
0.1679
0.1800
0.1782
0.1667
0.1711
0.1748
0.1741
0.1609
0.1713
0.1709
0.1542
0.1699
0.1662
0.1649
0.1723
0.1721
0.1619
0.1722
0.1763
0.1663
0.1814
0.1743
0.1778
0.1590
0.1673
0.1778
0.1600
0.1692
0.1752
0.1600
0.1606
0.1773
0.1738
0.1722
0.1815
0.1841
0.1829
0.1673
0.1704
0.1702
0.1701
0.1657
0.1816
0.1762
0.1690
0.1697
0.1722
0.1657
0.1591
0.1761
0.1738
0.1634
0.1776
0.1813
0.1731
0.1603
0.1762
0.1752
0.1558
0.1780
0.1838
0.1890
0.1868
0.1627
0.1769
0.1736
0.1586
0.1645
0.1724
0.1600
0.1853
0.1756
0.1841
0.1603
0.1707
0.1773
0.1681
0.1637
0.1735
0.1701
0.1574
0.1731
0.1668
0.1580
0.1715
0.1701
0.1695
0.1775
0.1755
0.1754
0.1725
0.1765
0.1794
0.1837
0.1660
0.1827
0.1783
0.1804
0.1760
0.1688
0.1839
0.1830
0.1811
0.1646
0.1707
0.1761
0.1731
0.1650
0.1999
0.2065
0.1772
0.1842
0.1685
0.1642
0.2047
0.1789
0.1791
0.1652
0.1624
0.1946
0.1841
0.1856
0.1671
0.1773
0.1935
0.1796
0.1769
0.1603
0.1719
0.2028
0.1994
0.1852
0.1861
0.1629
0.1796
0.1750
0.1670
0.1571
0.1734
0.1710
0.1599
0.1738
0.1751
0.1592
0.1721
0.1773
0.1608
0.1864
0.1791
0.1764
0.1596
0.1768
0.1832
0.1747
0.1617
0.1705
0.1780
0.1701
0.1637
0.1730
0.1643
0.1638
0.1707
0.1682
0.1709
0.1747
0.1797
0.1819
0.1608
0.1761
0.1778
0.1643
0.1705
0.1760
0.1816
0.1620
0.1736
0.1725
0.1761
0.1717
0.1802
0.1757
0.1650
0.1650
0.1733
0.1727
0.1642
0.1800
0.1767
0.1716
0.1679
0.1748
0.1818
0.1760
0.1618
0.1745
0.1676
0.1595
0.1711
0.1801
0.1632
0.1747
0.1754
0.1625
0.1766
0.1800
0.1772
0.1681
0.1704
0.1746
0.1672
0.1631
0.1822
0.1839
0.1808
0.1614
0.1865
0.1816
0.1746
0.1560
0.1682
0.1767
0.1589
0.1764
0.1736
0.1643
0.1704
0.1817
0.1775
0.1642
0.1749
0.1771
0.1804
0.1587
0.1750
0.2108
0.2062
0.1754
0.1774
0.1601
0.1719
0.1771
0.1711
0.1662
0.1772
0.1824