0.5659
0.3624
0.2745
0.2278
0.2284
0.2273
0.3701
0.2233
0.2309
0.3604
0.2327
0.2241
0.3472
0.2341
0.2318
0.2318
0.3721
0.2396
0.2350
0.3491
0.2413
0.2259
0.3526
0.2311
0.2737
0.3606
0.2279
0.2498
0.3761
0.2365
0.2301
0.3617
0.2330
0.2770
0.3932
0.2294
0.2246
0.3980
0.2733
0.2335
0.2568
0.3669
0.2263
0.2265
0.3533
0.2417
0.2453
0.3642
0.2347
0.2356
0.3517
0.2311
0.2308
0.2294
0.3677
0.2276
0.2360
0.3707
0.2350
0.2289
0.4236
0.2748
0.2855
0.4213
0.2551
0.2390
0.4010
0.2304
0.2383
0.3899
0.2368
0.2395
0.3824
0.2409
0.2449
0.3911
0.2435
0.2426
0.2300
0.3918
0.2420
0.2407
0.3747
0.2345
0.2379
0.3699
0.2378
0.2398
0.3871
0.2258
0.2403
0.2388
0.3721
0.2254
0.2409
0.3531
0.2350
0.2281
0.3958
0.2304
0.2304
0.3858
0.2301
0.2392
0.4058
0.2302
0.2359
0.3633
0.2293
0.2370
0.3689
0.2436
0.2704
0.3618
0.2367
0.2322
0.2280
0.4306
0.2426
0.2705
0.3873
0.2519
0.2837
0.3962
0.2457
0.2539
0.3900
0.2424
0.2362
0.2430
0.3634
0.2391
0.2488
0.3676
0.2260
0.2304
0.4093
0.2315
0.2304
0.3866
0.2326
0.2377
0.3718
0.2476
0.2471
0.3840
0.2306
0.2316
0.3994
0.2293
0.2375
0.3845
0.2563
0.2336
0.2302
0.3722
0.2374
0.2341
0.3538
0.2390
0.2307
0.3612
0.2314
0.2226
0.3680
0.2307
0.2412
0.2257
0.3610
0.2363
0.2342
0.3595
0.2329
0.2283
0.3535
0.2378
0.2355
0.3496
0.2248
0.2269
0.3600
0.2301
0.2336
0.3684
0.2363
0.2355
0.3596
0.2319
0.2354
0.3546
0.2282
0.2283
0.2283
0.3524
0.2283
0.2265
0.3975
0.2348
0.2316
0.3522
0.2379
0.2283
0.3492
0.2294
0.2279
0.2520
0.3552
0.2292
0.2314
0.3600
0.2338
0.2292
0.3661
0.2380
0.2338
0.3563
0.2322
0.2340
0.3674
0.2397
0.2394
0.3492
0.2344
0.2207
0.3695
0.2282
0.2335
0.3773
0.2262
0.2315
0.2364
0.4031
0.2362
0.2558
0.3938
0.2383
0.2326
0.3744
0.2406
0.2666
0.3862
0.2434
0.2353
0.2289
0.3554
0.2369
0.2374
0.3691
0.2411
0.2559
0.3804
0.2421
0.2388
0.3846
0.2598
0.2408
0.3866
0.2440
0.2433
0.3825
0.2404
0.2513
0.3823
0.2508
0.2490
0.4014
0.2788
0.2465
0.2409
0.3891
0.2332
0.2378
0.3856
0.2373
0.2392
0.3648
0.2293
0.2234
0.3645
0.2343
0.2408
0.2507
0.3933
0.2371
0.2277
0.3548
0.2296
0.2292
0.3549
0.2407
0.2371
0.3706
0.2402
0.2326
0.3495
0.2299
0.2347
0.3496
0.2353
0.2240
0.3520
0.2328
0.2264
0.3595
0.2315
0.2243
0.2361
0.3900
0.2442
0.2291
0.3700
0.2271
0.2324
0.3564
0.2267
0.2380
0.3525
0.2442
0.2420
0.2325
0.3720
0.2328
0.2394
0.3551
0.2494
0.2375
0.3748
0.2355
0.2387
0.3976
0.2563
0.2429
0.3847
0.2335
0.2401
0.3829
0.2432
0.2483
0.3659
0.2274
0.2396
0.3601
0.2450
0.2393
0.2649
0.4314
0.2324
0.2380
0.3631
0.2308
0.2247
0.3758
0.2425
0.2323
0.3553
0.2328
0.2232
0.2275
0.3485
0.2291
0.2430
0.3581
0.2401
0.2380
0.3712
0.2382
0.2356
0.3485
0.2271
0.2323
0.3603
0.2246
0.2292
0.3672
0.2362
0.2786
0.3899
0.2393
0.2334
0.3620
0.2304
0.2265
0.2360
0.3610
0.2328
0.2271
0.4214
0.2756
0.2486
0.3837
0.2452
0.2748
0.3535
0.2344
0.2565
0.2327
0.3613
0.2292
0.2300
0.3608
0.2407
0.2458
0.3872
0.2441
0.2418
0.4789
0.2380
0.2719
0.3614
0.2255
0.2364
0.3887
0.2302
0.2262
0.3570
0.2243
0.2256
0.3980
0.2428
0.2385
0.3033
0.4304
0.2309
0.2296
0.3694
0.2284
0.2240
0.3602
0.2410
0.2763
0.3692
0.2332
0.2301
0.2426
0.3720
0.2338
0.2378
0.3662
0.2277
0.2364
0.3758
0.2400
0.2361
0.3767
0.2249
0.2404
0.3679
0.2314
0.2389
0.3803
0.2412
0.2296
0.3777
0.2494
0.2337
0.3775
0.2388
0.2292
0.2428
0.3925
0.2406
0.2311
0.3754
0.2446
0.2353
0.3786
0.2341
0.2603
0.3629
0.2425
0.2329
0.2244
0.3655
0.2371
0.2375
0.3702
0.2353
0.2370
0.3741
0.2400
0.2468
0.4285
0.2542
0.2368
0.3825
0.2386
0.2428
0.3814
0.2473
0.2367
0.3900
0.2768
0.2464
0.3588
0.2316
0.2416
0.2424
0.3671
0.2359
0.2430
0.4296
0.2317
0.2457
0.3709
0.2406
0.2421
0.3898
0.2500
0.2794
0.2462
0.3983
0.2378
0.2344
0.3569
0.2444
0.2335
0.3528
0.2336
0.2315
0.4250
0.2345
0.2266
0.3513
0.2391
0.2384
0.3742
0.2370
0.2318
0.3774
0.2365
0.2385
0.3702
0.2373
0.2429
0.2369
0.3848
0.2372
0.2437
0.3779
0.2386
0.2395
0.3675
0.2475
0.2377
0.3853
0.2281
0.2378
0.2487
0.3934
0.2492
0.2584
0.4821
0.2430
0.2362
0.4040
0.2365
0.2346
0.3849
0.2363
0.2398
0.4242
0.2590
0.2385
0.3779
0.2962
0.2423
0.3778
0.2384
0.2405
0.3646
0.2297
0.2349
0.2368
0.3587
0.2327
0.2315
0.3774
0.2346
0.2362
0.3801
0.2384
0.2275
0.3582
0.2243
0.2358
0.2343
0.3583
0.2387
0.2417
0.3871
0.2392
0.2402
0.3931
0.2355
0.2337
0.3782
0.2362
0.2384
0.3825
0.2928
0.2498
0.3850
0.2347
0.2385
0.3739
0.2295
0.2393
0.3537
0.2331
0.2356
0.2389
0.3688
0.2305
0.2134
0.3530
0.2174
0.2133
0.3593
0.2202
0.2149
0.3613
0.2262
0.2247
0.2280
0.3489
0.2304
0.2332
0.4192
0.2266
0.2271
0.3558
0.2292
0.2430
0.3564
0.2462
0.2374
0.3776
0.2261
0.2292
0.3826
0.2837
0.2698
0.3871
0.2379
0.2289
0.3637
0.2332
0.2443
0.2389
0.3723
0.2392
0.2309
0.3675
0.2379
0.2390
0.3714
0.2407
0.2314
0.3684
0.2325
0.2382
0.2356
0.3681
0.2352
0.2401
0.3841
0.2376
0.2317
0.3985
0.2282
0.2411
0.3896
0.2357
0.2196
0.3702
0.2337
0.2349
0.3766
0.2386
0.2509
0.3633
0.2344
0.2242
0.3497
0.2389
0.2396
0.2296
0.3518
0.2215
0.2220
0.3613
0.2315
0.2274
0.3643
0.2250
0.2850
0.3895
0.2345
0.2422
0.2348
0.3764
0.2402
0.2440
0.3416
0.2298
0.2305
0.3997
0.2223
0.2260
0.3894
0.2268
0.2366
0.3551
0.2342
0.2275
0.4083
0.2353
0.2276
0.3568
0.2296
0.2353