0.4334
0.4294
0.4282
0.4280
0.4281
0.4277
0.4294
0.4301
0.4288
0.4286
0.3620
0.3622
0.3625
0.3628
0.3623
0.4312
0.4292
0.4296
0.4272
0.4292
0.4283
0.4293
0.4286
0.4281
0.4281
0.4292
0.4294
0.4284
0.4292
0.4322
0.4293
0.3642
0.4306
0.4302
0.4294
0.4293
0.4291
0.4291
0.4289
0.4286
0.4303
0.4295
0.4293
0.3628
0.4300
0.4297
0.4283
0.5849
0.4315
0.4304
0.4302
0.4308
0.4296
0.4291
0.4329
0.4313
0.4302
0.4307
0.4292
0.4306
0.4295
0.4305
0.4287
0.4306
0.4296
0.4300
0.4296
0.4312
0.4298
0.4298
0.4310
0.4308
0.4303
0.4358
0.4762
0.4566
0.4305
0.4333
0.4328
0.4318
0.4301
0.4303
0.4331
0.4318
0.4302
0.4300
0.4300
0.4303
0.4308
0.4303
0.4295
0.4310
0.4295
0.4302
0.4299
0.4296
0.4285
0.4295
0.4298
0.4313
0.4328
0.4410
0.4348
0.4328
0.4294
0.4313
0.4300
0.4304
0.4293
0.4300
0.4290
0.4304
0.4301
0.4308
0.4294
0.4291
0.4294
0.4320
0.4333
0.4308
0.4287
0.4307
0.4290
0.4326
0.4345
0.4321
0.4297
0.4296
0.4294
0.4292
0.4298
0.4323
0.4299
0.4310
0.4343
0.4326
0.4329
0.4312
0.4288
0.4295
0.4288
0.4296
0.4297
0.4316
0.4300
0.4293
0.4305
0.4311
0.4296
0.4309
0.4299
0.4319
0.4286
0.4304
0.4299
0.3636
0.4311
0.4309
0.4318
0.4326
0.4317
0.4310
0.4295
0.4352
0.4295
0.4328
0.4286
0.4330
0.4304
0.4304
0.4315
0.4301
0.4408
0.4306
0.4308
0.4305
0.4285
0.4317
0.4298
0.4320
0.5951
0.4313
0.4328
0.4306
0.4307
0.4291
0.4334
0.4296
0.4339
0.4298
0.4302
0.4301
0.4303
0.4306
0.4308
0.4306
0.4313
0.4297
0.4286
0.4286
0.4322
0.4296
0.4306
0.4285
0.4325
0.4304
0.4308
0.4307
0.4296
0.4296
0.4295
0.4301
0.4304
0.4291
0.4298
0.4328
0.4335
0.4310
0.4298
0.4309
0.4297
0.4309
0.4302
0.4299
0.4300
0.4290
0.4289
0.4293
0.4298
0.4301
0.4307
0.4295
0.4300
0.4318
0.4307
0.4319
0.4296
0.3630
0.4337
0.4337
0.4333
0.4302
0.4333
0.4382
0.4325
0.4310
0.4315
0.4298
0.4305
0.4298
0.4306
0.4316
0.4304
0.3640
0.4333
0.3631
0.4317
0.4337
0.4314
0.3635
0.4305
0.3630
0.4319
0.4342
0.4305
0.4318
0.4318
0.4364
0.3640
0.4299
0.3625
0.4308
0.4312
0.4304
0.4286
0.4297
0.4284
0.4300
0.4300
0.3624
0.3627
0.4297
0.3629
0.3627
0.4308
0.3629
0.3628
0.4324
0.4325
0.4309
0.4304
0.3628
0.4313
0.4301
0.4987
0.3633
0.3624
0.4313
0.4299
0.4297
0.4298
0.3626
0.4315
0.3624
0.3622
0.3624
0.3615
0.3635
0.3628
0.3620
0.3622
0.3624
0.4310
0.3644
0.4300
0.4302
0.4294
0.4355
0.4337
0.3634
0.4302
0.3630
0.3630
0.3631
0.4326
0.4313
0.4294
0.3631
0.4313
0.4313
0.4311
0.4291
0.4307
0.3630
0.4293
0.4301
0.4294
0.4334
0.3631
0.4301
0.4298
0.3627
0.4304
0.4299
0.3627
0.4303
0.3624
0.4293
0.4299
0.3628
0.3626
0.4314
0.4333
0.4301
0.3633
0.3631
0.3627
0.3632
0.3630
0.4310
0.4323
0.4318
0.3645
0.4324
0.3629
0.3627
0.3624
0.3627
0.4372
0.3642
0.4305
0.4300
0.4319
0.4312
0.3633
0.4312
0.3627
0.4321
0.3641
0.4315
0.4314
0.3633
0.3633
0.4322
0.3635
0.4321
0.3631
0.3645
0.3642
0.3633
0.3635
0.4309
0.3629
0.4315
0.4329
0.4312
0.4301
0.4293
0.4311
0.3631
0.4305
0.4306
0.4308
0.3635
0.3629
0.3629
0.4330
0.3641
0.3635
0.3628
0.4311
0.4294
0.3644
0.3650
0.4308
0.4300
0.4294
0.4301
0.5871
0.4295
0.4294
0.4294
0.4302
0.3621
0.4283
0.4281
0.4285
0.3624
0.4294
0.4295
0.4292
0.3622
0.4307
0.3624
0.3628
0.3624
0.4312
0.3628
0.4305
0.4304
0.3623
0.3627
0.4302
0.3625
0.4292
0.4298
0.3623
0.3625
0.3622
0.4298
0.4301
0.4303
0.3624
0.3626
0.3628
0.3627
0.3623
0.4317
0.4311
0.4304
0.3622
0.4312
0.4315
0.3628
0.3627
0.3626
0.3621
0.4308
0.4299
0.3637
0.4319
0.4313
0.3631
0.4320
0.3635
0.4331
0.3627
0.4298
0.4305
0.4303
0.4315
0.3633
0.3627
0.3625
0.4313
0.3629
0.3626
0.3630
0.3626
0.3625
0.3629
0.4313
0.3633
0.4322
0.4310
0.3636
0.3631
0.3627
0.3624
0.3624
0.3633
0.3630
0.3630
0.3624
0.4299
0.3633
0.4315
0.3638
0.4338
0.4337
0.4332
0.3635
0.3635
0.3639
0.3628
0.3623
0.3642
0.3628
0.3626
0.3629
0.3629
0.3630
0.3626
0.3625
0.5010
0.3642
0.3628
0.3624
0.3623
0.4312
0.3625
0.3623
0.4310
0.4317
0.3626
0.3622
0.3625
0.4308
0.3618
0.4321
0.3634
0.3623
0.3628
0.3623
0.3620
0.3621
0.3624
0.3619
0.3619
0.3631
0.3630
0.3626
0.4316
0.3630
0.3629
0.3631
0.3628
0.4321
0.4346
0.3632
0.4330
0.3629
0.3623
0.4294
0.3621
0.4454
0.4323
0.4295
0.3631
0.3631
0.4296
0.4291
0.3625
0.4301
0.3637
0.4322
0.3638
0.3620
0.3627
0.3621
0.3617
0.3619
0.3619
0.3614
0.3626
0.3621
0.3620
0.3620
0.3621
0.3622
0.3622
0.3634
0.3634
0.3625
0.3619
0.3628
0.3624
0.3625
0.3624
0.3618
0.3622
0.3625
0.3620
0.3625
0.3625
0.3623
0.3619
0.3622
0.3624
0.3627
0.3619
0.3626
0.3625
0.4299
0.3627
0.3622
0.4296
0.4309
0.3632
0.3631
0.4317
0.4289
0.3620
0.3624
0.4292
0.4297
0.3618
0.4337
0.4292
0.3627
0.3625
0.3619
0.3632
0.3623
0.3626
0.3621
0.4320
0.4353
0.3630
0.4291
0.3627
0.4301
0.4297
0.4315
0.4331
0.3636
0.3628
0.3629
0.3631
0.3622
0.3630
0.3627
0.4303
0.3628
0.3638
0.5150
0.4371
0.3634
0.3641
0.4312
0.4302
0.3618
0.4310
0.4304
0.3627
0.4306
0.3621
0.4300
0.4302
0.4317
0.4300
0.3625
0.3629
0.3627
0.3622
0.3627
0.3633
0.3629
0.3628
0.3617
0.3627
0.3625
0.3621
0.3624
0.3622
0.3621
0.3631
0.3625
0.3629
0.3653
0.3632
0.3640
0.3629
0.3621
0.3631
0.3628
0.4312
0.3653
0.4316
0.3634
0.3631
0.3624
0.3639
0.3632
0.4313
0.4309
0.3623
0.3635
0.4356
0.4325
0.4314
0.3626
0.3639
0.3630
0.4322
0.3638
0.4301
0.3638
0.3632
0.4300
0.3633
0.3622
0.4343
0.3647
0.3627
0.4304
0.3628
0.4297
0.4311
0.3629
0.3641
0.4321
0.3640
0.4320
0.3626
0.3637
0.4308
0.3632
0.3636
0.4311
0.3638
0.3636
0.4296
0.4321
0.4308
0.3637
0.3631
0.3626
0.3641
0.3632
0.4302
0.3644
0.3626
0.3635
0.4314
0.3632
0.3632
0.3628
0.3628
0.3633
0.3625
0.3627
0.3625
0.3622
0.4326
0.3637
0.4311
0.3646
0.3628
0.4308
0.3632
0.3627
0.5194
0.3642
0.3642
0.3636
0.3621
0.3630
0.3625
0.4314
0.4350
0.3627
0.3630
0.3630
0.3618
0.3642
0.3622
0.3629
0.3649
0.4337
0.3635
0.3629
0.4310
0.3634
0.3628
0.3629
0.4312
0.3625
0.3631
0.3620
0.3619
0.3645
0.3625
0.3625
0.3631
0.3624
0.3626
0.3626
0.3630
0.3643
0.3639
0.3622
0.3628
0.3632
0.3630
0.3626
0.3621
0.4311
0.3628
0.3632
0.3647
0.3631
0.3632
0.3634
0.3625
0.3632
0.3628
0.3625
0.3643
0.3634
0.3624
0.3631
0.3628
0.3627
0.3629
0.4315
0.4316
0.3627
0.3626
0.3629
0.3622
0.3627
0.3626
0.3624
0.3627
0.4301
0.3625
0.3638
0.3629
0.3627
0.3629
0.3628
0.3632
0.3632
0.3631
0.3640
0.3627
0.3628
0.4323
0.3634
0.3644
0.3644
0.3632
0.4323
0.3627
0.3626
0.3632
0.3623
0.3633
0.4376
0.3648
0.3636
0.3626
0.3625
0.3643
0.3628
0.3631
0.3629
0.3651
0.3630
0.3627
0.4526
0.3657
0.3630
0.3630
0.3627
0.3620
0.3625
0.3626
0.3623
0.3628
0.3625
0.3631
0.3634
0.4317
0.3639
0.3637
0.4315
0.3633
0.4309
0.4311
0.3640
0.3633
0.3634
0.3626
0.4318
0.3647
0.3630
0.3649
0.3644
0.3632
0.3639
0.3633
0.3626
0.3634
0.4883
0.3656
0.3636
0.3621
0.3634
0.3626
0.3620
0.3633
0.3624
0.3622
0.3626
0.3622
0.3626
0.3633
0.3629
0.3627
0.3622
0.3618
0.3632
0.3625
0.3625
0.3639
0.3629
0.3627
0.3625
0.3625
0.3629
0.3626
0.4314
0.3635
0.3621
0.3628
0.4310
0.3622
0.3629
0.3636
0.3644
0.3650
0.3627
0.3637
0.3630
0.3636
0.3639
0.3629
0.3625
0.3627
0.3629
0.3624
0.3646
0.3625
0.3628
0.3630
0.3625
0.3629
0.3628
0.3628
0.3627
0.3638
0.3626
0.3635
0.3624
0.3626
0.4314
0.4298
0.3631
0.3629
0.4299
0.3627
0.3635
0.3631
0.3625
0.4292
0.3635
0.4308
0.3645
0.4318
0.4298
0.3636
0.3625
0.3627
0.3625
0.3629
0.3630
0.3627
0.3621