0.2141
0.2066
0.1390
0.1392
0.1391
0.1392
0.1390
0.1394
0.1391
0.1395
0.1392
0.1394
0.2070
0.2055
0.2061
0.2058
0.2060
0.2178
0.2110
0.2079
0.2075
0.2078
0.2107
0.2075
0.2091
0.2067
0.2087
0.2097
0.2085
0.2062
0.2064
0.2079
0.2073
0.2078
0.2085
0.2076
0.2063
0.2066
0.2069
0.2062
0.2065
0.2066
0.2067
0.2063
0.2089
0.2077
0.2065
0.2065
0.2069
0.2069
0.2056
0.2068
0.2054
0.2066
0.2055
0.2062
0.2084
0.2064
0.2060
0.2058
0.2079
0.2061
0.2113
0.2068
0.2065
0.2074
0.2092
0.2069
0.2064
0.2056
0.2073
0.2069
0.2070
0.2070
0.2065
0.2062
0.2064
0.2068
0.2060
0.2058
0.2056
0.2058
0.2057
0.2063
0.2058
0.2073
0.2055
0.2048
0.2055
0.2056
0.2077
0.2053
0.2042
0.2058
0.2065
0.2051
0.2054
0.2107
0.2059
0.2056
0.2065
0.2078
0.2045
0.2053
0.2091
0.2077
0.2342
0.2129
0.2100
0.2094
0.2123
0.2100
0.2087
0.2070
0.2078
0.2073
0.2114
0.2057
0.2055
0.2066
0.2056
0.2107
0.2059
0.2057
0.2062
0.2064
0.1399
0.2063
0.2060
0.2059
0.2060
0.2060
0.2058
0.2067
0.2059
0.2048
0.2055
0.2055
0.2050
0.2055
0.2046
0.2059
0.2057
0.2061
0.2057
0.2060
0.1393
0.2054
0.2046
0.2056
0.2048
0.1396
0.1389
0.2061
0.1391
0.2052
0.1397
0.1396
0.2071
0.2071
0.2065
0.2051
0.2055
0.2051
0.2054
0.2046
0.2040
0.2044
0.1392
0.2039
0.1392
0.2057
0.2068
0.2071
0.2049
0.1392
0.2052
0.1394
0.2047
0.2053
0.2050
0.1391
0.2051
0.2054
0.2051
0.1392
0.2063
0.2052
0.2046
0.2058
0.1392
0.1391
0.1393
0.1393
0.2051
0.2047
0.2054
0.2069
0.2051
0.2053
0.1392
0.1395
0.1392
0.2064
0.2049
0.2058
0.2055
0.2055
0.2055
0.2049
0.2083
0.1393
0.1393
0.2055
0.2058
0.1394
0.2050
0.1399
0.1395
0.2076
0.2054
0.2057
0.1390
0.1390
0.2051
0.2054
0.2057
0.3763
0.1393
0.2073
0.2055
0.1390
0.1389
0.2058
0.2060
0.2053
0.1388
0.2057
0.2055
0.1389
0.2068
0.2051
0.2052
0.1388
0.2053
0.2054
0.1389
0.1388
0.2055
0.2048
0.1391
0.1394
0.1391
0.1389
0.2051
0.1387
0.1387
0.1388
0.2052
0.1391
0.1390
0.1390
0.1389
0.1389
0.1389
0.1390
0.1389
0.2092
0.1390
0.2083
0.1390
0.1389
0.1390
0.1390
0.1388
0.2062
0.2062
0.1389
0.1390
0.2053
0.2057
0.1389
0.1389
0.1401
0.1399
0.1389
0.1399
0.1395
0.1390
0.1388
0.1390
0.1389
0.1390
0.1390
0.1390
0.1388
0.1390
0.1388
0.1389
0.1389
0.1388
0.1392
0.1389
0.1387
0.1390
0.2069
0.2055
0.2051
0.1387
0.1388
0.1389
0.2061
0.1389
0.1390
0.1397
0.2117
0.1412
0.1399
0.1400
0.1400
0.2087
0.2084
0.2077
0.1407
0.1396
0.1403
0.1405
0.1406
0.2078
0.1394
0.1391
0.1391
0.1390
0.1389
0.1388
0.1390
0.1391
0.1389
0.2059
0.1389
0.1389
0.1391
0.2079
0.1393
0.1389
0.1391
0.1391
0.1387
0.1390
0.1389
0.1390
0.1393
0.1396
0.1395
0.1391
0.1391
0.1390
0.1390
0.1392
0.1389
0.1388
0.1388
0.1389
0.1390
0.1390
0.1390
0.1388
0.1387
0.1389
0.1390
0.2072
0.1390
0.2049
0.1389
0.1387
0.1389
0.2053
0.1390
0.1387
0.1389
0.1389
0.1390
0.1389
0.1390
0.1390
0.1389
0.2058
0.2054
0.2051
0.2050
0.1389
0.1388
0.1390
0.1390
0.1390
0.2053
0.1392
0.1388
0.2070
0.2060
0.1392
0.1394
0.1390
0.1390
0.1390
0.1389
0.2113
0.2063
0.1390
0.1390
0.1390
0.1391
0.2056
0.2078
0.2059
0.1389
0.1389
0.1397
0.1395
0.1392
0.1392
0.1389
0.1390
0.2070
0.1389
0.1389
0.2052
0.2045
0.1394
0.2056
0.1390
0.1389
0.1389
0.1390
0.1390
0.1389
0.1389
0.1389
0.2071
0.2052
0.1388
0.1389
0.1390
0.1389
0.1388
0.1391
0.1391
0.1390
0.1389
0.1390
0.1393
0.2070
0.1391
0.1389
0.1390
0.1390
0.1389
0.1390
0.1390
0.1391
0.1395
0.1391
0.1390
0.1390
0.1432
0.1401
0.1392
0.1390
0.1388
0.2066
0.1390
0.1389
0.2098
0.2057
0.1390
0.1390
0.2050
0.1390
0.2043
0.1389
0.2053
0.1391
0.2056
0.1403
0.1391
0.1391
0.2066
0.2131
0.1408
0.2074
0.2062
0.1391
0.1391
0.1389
0.1390
0.1389
0.1390
0.1391
0.1390
0.1389
0.1391
0.1393
0.1390
0.1389
0.1390
0.1390
0.1390
0.1390
0.1390
0.2069
0.1391
0.1390
0.1391
0.2077
0.1391
0.1386
0.1389
0.1389
0.1390
0.1389
0.1390
0.1389
0.1389
0.1390
0.1390
0.1389
0.2063
0.1390
0.1389
0.1390
0.2066
0.1395
0.1390
0.2061
0.2058
0.1389
0.1389
0.1390
0.1392
0.1392
0.1391
0.1390
0.1390
0.1389
0.1390
0.1389
0.1390
0.1390
0.2061
0.1400
0.1396
0.1395
0.1390
0.1391
0.1392
0.1393
0.1391
0.1388
0.1390
0.1394
0.1390
0.1389
0.1389
0.1390
0.1391
0.1402
0.1397
0.1391
0.1391
0.1389
0.1390
0.1387
0.1388
0.1390
0.1388
0.1388
0.1388
0.1389
0.1389
0.2064
0.1389
0.2062
0.1392
0.1389
0.1389
0.1389
0.1390
0.1391
0.2056
0.1389
0.2047
0.1387
0.1389
0.1389
0.1391
0.1393
0.1390
0.2068
0.2066
0.1393
0.1390
0.1399
0.1390
0.1389
0.1390
0.1390
0.1393
0.1391
0.1390
0.1391
0.1391
0.1391
0.1390
0.1390
0.2072
0.1391
0.1389
0.2069
0.1396
0.1391
0.1389
0.1389
0.1390
0.1390
0.1390
0.1390
0.2064
0.1390
0.1390
0.1390
0.2050
0.2055
0.2051
0.2047
0.2054
0.1391
0.1389
0.1390
0.1394
0.1401
0.1401
0.1403
0.1401
0.1404
0.1402
0.1402
0.1409
0.1404
0.2086
0.2082
0.1406
0.1406
0.1402
0.1403
0.1395
0.1392
0.1391
0.1391
0.1391
0.2064
0.2071
0.1392
0.2063
0.1394
0.1391
0.1389
0.1392
0.1392
0.1390
0.1390
0.1392
0.2068
0.1393
0.1390
0.1393
0.1391
0.2062
0.1391
0.1397
0.1393
0.1391
0.2069
0.1404
0.1393
0.1392
0.1392
0.1392
0.1391
0.1392
0.1392
0.1392
0.1391
0.1391
0.1392
0.1392
0.2075
0.1395
0.2069
0.2064
0.1393
0.1392
0.1399
0.1391
0.2063
0.1391
0.2063
0.2062
0.1396
0.1393
0.1391
0.1393
0.1391
0.1390
0.1391
0.1392
0.1391
0.1393
0.1390
0.1391
0.1391
0.1391
0.1391
0.1392
0.1391
0.1392
0.1391
0.1392
0.1391
0.1391
0.1392
0.1391
0.1392
0.1391
0.1391
0.1389
0.1390
0.1391
0.1390
0.1390
0.1389
0.1395
0.1392
0.1394
0.1389
0.1390
0.1390
0.1390
0.1389
0.1391
0.1391
0.1393
0.1404
0.1393
0.1391
0.1392
0.1390
0.1391
0.1389
0.1389
0.1391
0.1394
0.1391
0.1391
0.1391
0.1390
0.1390
0.1390
0.1390
0.1389
0.1388
0.1388
0.1390
0.1390
0.1389
0.1390
0.1388
0.1390
0.1390
0.1389
0.1389
0.1389
0.1390
0.1389
0.1390
0.1389
0.1391
0.1389
0.2061
0.2051
0.1390
0.1390
0.1390
0.1390
0.1388
0.1390
0.1389
0.1390
0.1389
0.1390
0.1390
0.1390
0.1395
0.1390
0.1390
0.1390
0.1390
0.1389
0.1390
0.1389
0.1389
0.1389
0.1393
0.1390
0.1391
0.1389
0.1389
0.1390
0.1389
0.1388
0.1390
0.1390
0.1390
0.2069
0.1396
0.2049
0.1390
0.2055
0.2047
0.1390
0.1389
0.2050
0.1401
0.1391
0.1391
0.1391
0.1390
0.1390
0.1389
0.1389
0.1390
0.1389
0.1389
0.2063
0.1390
0.1389
0.1390
0.1391
0.1389
0.1390
0.1390
0.2064
0.1394
0.1390
0.2053
0.1390
0.1392
0.1390
0.2052
0.1391
0.2045
0.1391
0.1399
0.1393
0.1389
0.1389
0.1390
0.1390
0.1401
0.2088
0.1398
0.1392
0.1390
0.1391
0.1393
0.1389
0.1390
0.1391
0.1390
0.1393
0.2074
0.2074
0.1412
0.1404
0.1405
0.1404
0.1407
0.1403
0.1412
0.1416
0.1409
0.1403
0.1403
0.1411
0.1422
0.1438
0.1406
0.1398
0.1393
0.1392
0.1391
0.1392
0.1392
0.1389
0.1392
0.1390
0.1389
0.1389
0.1392
0.1389
0.1390
0.1392
0.1390
0.1391
0.1391
0.1391
0.1390
0.1401
0.1398
0.1393
0.1391
0.1390
0.1391
0.1390
0.1391
0.1391
0.1391
0.1390
0.1389
0.1389
0.1389
0.1390
0.1391
0.1392
0.1389
0.1390
0.1390
0.1389
0.1389
0.1392
0.1394
0.1393
0.1391
0.1390
0.1390
0.1390
0.1391
0.1392
0.1390
0.1390
0.1394
0.1391
0.1394
0.1390
0.1394
0.1392
0.1391
0.1390
0.1391
0.1392
0.1399
0.1399
0.1394
0.1391
0.1390
0.1390
0.1391
0.1390
0.1390
0.1390
0.1390
0.2061
0.1394
0.1392
0.1391
0.1393
0.2071
0.1391
0.1390
0.1392
0.1391
0.1390
0.1390
0.1391
0.1390
0.1390
0.1390
0.1390
0.1389
0.1392
0.1391
0.1390
0.1391
0.1391
0.1390
0.1389
0.1392
0.1390
0.1390
0.1390
0.1388