0.4938
0.4343
0.4344
0.4365
0.4349
0.4384
0.4314
0.4282
0.4296
0.4298
0.4301
0.4294
0.4294
0.4289
0.4296
0.4361
0.4375
0.3672
0.4352
0.4353
0.4341
0.4320
0.4310
0.4291
0.4305
0.4322
0.4375
0.4319
0.4365
0.3681
0.3707
0.3700
0.3673
0.3684
0.4349
0.4307
0.4316
0.4301
0.4294
0.3625
0.3647
0.3640
0.3622
0.4302
0.4349
0.4377
0.4363
0.4369
0.4364
0.4376
0.4329
0.4334
0.5960
0.4310
0.4294
0.4351
0.4369
0.4366
0.4374
0.4363
0.4348
0.4302
0.4294
0.4331
0.4337
0.4328
0.4300
0.4307
0.4299
0.4294
0.4352
0.4370
0.4372
0.4365
0.4376
0.4363
0.4327
0.4331
0.4304
0.4429
0.4397
0.4345
0.4335
0.4373
0.4355
0.4367
0.4384
0.4358
0.4412
0.4340
0.3637
0.4306
0.4304
0.4297
0.4296
0.4305
0.4379
0.4369
0.4355
0.4368
0.4373
0.4353
0.4316
0.4304
0.4296
0.4304
0.4300
0.4309
0.4305
0.4382
0.4398
0.4375
0.4373
0.4390
0.4356
0.4307
0.4305
0.4311
0.4293
0.4290
0.4328
0.4288
0.4301
0.4359
0.4375
0.4375
0.4380
0.4370
0.4343
0.4313
0.4314
0.4297
0.4283
0.4338
0.4315
0.4361
0.6213
0.4357
0.4392
0.4362
0.4313
0.4306
0.4303
0.4303
0.4299
0.4304
0.4298
0.4308
0.4312
0.4314
0.4366
0.4377
0.4395
0.4360
0.4365
0.4371
0.4324
0.4321
0.4302
0.4293
0.4301
0.4362
0.4367
0.4367
0.4379
0.4378
0.4376
0.4315
0.4305
0.4327
0.4326
0.4306
0.4304
0.4296
0.4292
0.4349
0.4380
0.4361
0.4386
0.4373
0.4372
0.4331
0.4303
0.4291
0.4299
0.4331
0.4310
0.4311
0.4362
0.4429
0.3673
0.4352
0.4368
0.4361
0.4327
0.4316
0.4297
0.4328
0.4309
0.3623
0.4302
0.4328
0.3675
0.4364
0.4378
0.6233
0.4367
0.4337
0.4312
0.4298
0.4288
0.4286
0.4288
0.4307
0.4330
0.4365
0.4360
0.4366
0.4400
0.4333
0.4301
0.4316
0.4313
0.3623
0.4282
0.4330
0.4320
0.4392
0.4306
0.4342
0.4362
0.4376
0.3674
0.4358
0.4329
0.4336
0.4325
0.4314
0.4298
0.4289
0.4299
0.4351
0.4365
0.4370
0.4356
0.4377
0.4363
0.4323
0.4330
0.4325
0.4309
0.4310
0.4291
0.4291
0.4289
0.3627
0.4345
0.4384
0.4368
0.4399
0.4401
0.4362
0.3631
0.4304
0.4308
0.3638
0.4309
0.4291
0.3655
0.4404
0.4373
0.4371
0.4384
0.4352
0.4311
0.4300
0.4324
0.4306
0.4315
0.4303
0.3623
0.4286
0.4318
0.4416
0.4373
0.4369
0.4347
0.3679
0.5886
0.3645
0.4298
0.4339
0.4330
0.4302
0.4356
0.4362
0.3669
0.4365
0.4359
0.4358
0.4318
0.4301
0.4295
0.4315
0.3616
0.3615
0.4307
0.4359
0.4343
0.3674
0.4352
0.4370
0.4366
0.4363
0.3640
0.4319
0.4340
0.3636
0.4304
0.4344
0.4311
0.4332
0.4376
0.4380
0.4364
0.3679
0.4356
0.3645
0.3624
0.3632
0.3629
0.3621
0.4310
0.4296
0.3625
0.4300
0.3626
0.3660
0.4352
0.4385
0.3678
0.3661
0.3677
0.3660
0.3654
0.3639
0.4310
0.4294
0.4287
0.3622
0.4337
0.4364
0.4369
0.3673
0.3681
0.3673
0.3639
0.4316
0.4303
0.4292
0.3632
0.4451
0.4344
0.4302
0.4292
0.3625
0.3652
0.4361
0.4390
0.3696
0.3669
0.4371
0.3660
0.4313
0.3630
0.3623
0.3616
0.3632
0.4308
0.3657
0.3673
0.4363
0.4368
0.4370
0.4367
0.4341
0.4334
0.4333
0.4297
0.4298
0.4293
0.3622
0.3627
0.4349
0.3692
0.3665
0.4363
0.4370
0.5223
0.4330
0.4306
0.4288
0.4315
0.4328
0.3626
0.3623
0.4325
0.3671
0.4350
0.3672
0.4357
0.4359
0.4319
0.4299
0.3627
0.4301
0.4300
0.4314
0.4320
0.4342
0.3655
0.4350
0.4365
0.4338
0.4356
0.3659
0.3642
0.3628
0.4300
0.4304
0.3619
0.3625
0.3617
0.3651
0.4372
0.3698
0.3678
0.4354
0.3679
0.4358
0.4307
0.3626
0.3631
0.3642
0.3630
0.4311
0.4297
0.3625
0.4315
0.4298
0.4347
0.4383
0.3675
0.4362
0.3663
0.3663
0.3646
0.3630
0.3626
0.3623
0.3623
0.3626
0.3624
0.3652
0.3664
0.3667
0.3675
0.3668
0.3682
0.3668
0.3628
0.3622
0.3619
0.3618
0.3622
0.3618
0.3616
0.3616
0.3615
0.3615
0.3649
0.3674
0.3672
0.3672
0.3673
0.3676
0.3665
0.3643
0.3627
0.3624
0.3620
0.3619
0.3621
0.3620
0.3618
0.3668
0.3670
0.3677
0.3671
0.3667
0.3670
0.3649
0.3624
0.3621
0.3646
0.3630
0.3628
0.3629
0.4304
0.3623
0.3623
0.4331
0.3680
0.3666
0.3670
0.3683
0.4359
0.3671
0.3642
0.3635
0.3627
0.3646
0.3644
0.3648
0.3655
0.3663
0.4372
0.3677
0.4348
0.5851
0.3653
0.4314
0.4330
0.3627
0.4288
0.4289
0.3617
0.3649
0.3638
0.3621
0.3629
0.3655
0.3660
0.3672
0.3664
0.3659
0.3667
0.3639
0.3638
0.3653
0.3629
0.3636
0.3619
0.3612
0.3615
0.3644
0.3679
0.3671
0.3663
0.4366
0.4359
0.3661
0.3627
0.3623
0.3630
0.3616
0.3618
0.4304
0.3637
0.3625
0.3613
0.3614
0.3628
0.3661
0.4363
0.4369
0.3667
0.4348
0.3660
0.3629
0.4304
0.4294
0.3622
0.3616
0.4292
0.3645
0.4371
0.3671
0.4357
0.3668
0.3675
0.3652
0.3633
0.3621
0.3619
0.3619
0.3620
0.3619
0.3630
0.3622
0.3618
0.3630
0.3652
0.3660
0.3667
0.3664
0.3663
0.3675
0.4367
0.3640
0.4306
0.3627
0.3620
0.3619
0.3616
0.3616
0.3620
0.3663
0.3661
0.3671
0.3667
0.3667
0.3664
0.3635
0.3621
0.3649
0.3632
0.3620
0.3622
0.3646
0.3627
0.3622
0.3620
0.3660
0.3660
0.3665
0.3680
0.4349
0.4354
0.4307
0.4304
0.3631
0.3648
0.3638
0.4315
0.3629
0.3627
0.3661
0.3672
0.3680
0.3670
0.3671
0.3671
0.3642
0.4300
0.4336
0.4328
0.3627
0.3618
0.3619
0.3640
0.3635
0.4308
0.4355
0.3670
0.3667
0.4362
0.3670
0.3657
0.3653
0.3632
0.3626
0.3621
0.3644
0.3638
0.3624
0.3634
0.5419
0.4361
0.3665
0.4417
0.3701
0.3660
0.4342
0.3637
0.4345
0.3638
0.3639
0.3646
0.3624
0.3625
0.3643
0.4318
0.4333
0.3674
0.3690
0.3684
0.3666
0.3667
0.3668
0.3643
0.3640
0.3628
0.4320
0.4331
0.3645
0.3633
0.3675
0.3675
0.3673
0.3661
0.3680
0.3662
0.3633
0.3622
0.3656
0.3630
0.3622
0.3619
0.3620
0.3615
0.3623
0.3619
0.3652
0.3672
0.4379
0.3676
0.3680
0.3669
0.3641
0.3634
0.3625
0.3630
0.3650
0.3649
0.3636
0.3622
0.3649
0.3671
0.3671
0.3672
0.3676
0.3660
0.3673
0.3644
0.3627
0.4328
0.4300
0.3633
0.3623
0.3622
0.3625
0.4334
0.3653
0.3672
0.3667
0.4358
0.3684
0.3684
0.3664
0.3659
0.3651
0.3630
0.4314
0.3627
0.3640
0.3617
0.3652
0.4369
0.4392
0.4380
0.3673
0.3669
0.3644
0.3632
0.4314
0.4306
0.3620
0.3620
0.3635
0.3632
0.3624
0.4315
0.3652
0.3678
0.3677
0.3674
0.3681
0.3676
0.4359
0.4322
0.3636
0.3623
0.3628
0.3627
0.3621
0.3620
0.4318
0.4351
0.3672
0.3672
0.4378
0.3699
0.3662
0.3637
0.4313
0.3624
0.3622
0.3620
0.3620
0.3618
0.3619
0.3620
0.3638
0.5221
0.3678
0.3660
0.3654
0.3667
0.4350
0.3643
0.3622
0.3617
0.3619
0.4295
0.3615
0.3620
0.3662
0.4395
0.3675
0.3669
0.4400
0.3678
0.3645
0.4305
0.3626
0.3655
0.3635
0.3625
0.3647
0.3628
0.3718
0.3648
0.3635
0.3677
0.3662
0.3666
0.3668
0.3664
0.3665
0.3643
0.3633
0.3622
0.3622
0.3621
0.3630
0.3640
0.3657
0.3668
0.3662
0.3671
0.3676
0.3657
0.3660
0.3632
0.3655
0.3646
0.3637
0.3621
0.3618
0.3617
0.3622
0.3622
0.4313
0.3677
0.3661
0.3675
0.3670
0.3661
0.3671
0.3640
0.3628
0.3623
0.4324
0.3661
0.3637
0.3626
0.3619
0.3635
0.3677
0.3669
0.4344
0.3677
0.3674
0.3668
0.3630
0.3625
0.3626
0.3619
0.3634
0.3623
0.3630
0.3622
0.4305
0.3628
0.3641
0.3667
0.3665
0.3665
0.3668
0.4363
0.3667
0.4323
0.3629
0.3621
0.3617
0.3618
0.3618
0.3620
0.3658
0.3685
0.3670
0.3661
0.3662
0.3669
0.3636
0.3624
0.3620
0.3616
0.3619
0.3645
0.3626
0.3622
0.3633
0.3635
0.3644
0.3627
0.3660
0.3672
0.3669
0.3679
0.3666
0.3671
0.3654
0.3626
0.3652
0.3631
0.3622
0.3646
0.3629
0.3647
0.4323
0.3656
0.3664
0.4361
0.3673
0.4406
0.3671
0.3638
0.3633
0.3624
0.3619
0.3618
0.3618
0.3620
0.3624
0.3626
0.5508
0.3665
0.3668
0.3672
0.3658
0.3670
0.4345
0.3666
0.3638
0.3623
0.3711
0.4448
0.3721
0.3694
0.3734
0.3697
0.3699
0.4418
0.3702
0.3688
0.3692
0.3686
0.3681
0.3700
0.3691
0.3703
0.3715
0.3690
0.3690
0.3697
0.3685
0.3694
0.3693