0.7322
0.2692
0.2676
0.2659
0.2709
0.1761
0.2686
0.2699
0.1756
0.1754
0.1753
0.2689
0.2673
0.2685
0.2692
0.2688
0.2689
0.1754
0.1753
0.2690
0.2687
0.2751
0.2701
0.2687
0.2691
0.2692
0.2704
0.2684
0.1755
0.2690
0.2693
0.2681
0.2694
0.2693
0.2694
0.2698
0.2692
0.2702
0.2694
0.1754
0.1756
0.1755
0.1755
0.1756
0.1754
0.2693
0.1757
0.2703
0.2717
0.2725
0.1775
0.2726
0.2727
0.1769
0.2693
0.2695
0.2701
0.2686
0.2686
0.2681
0.2708
0.2711
0.2685
0.2698
0.2693
0.2701
0.2672
0.2687
0.2679
0.2706
0.2684
0.2693
0.2686
0.2698
0.2674
0.2682
0.2691
0.2691
0.2686
0.2703
0.2687
0.2691
0.2719
0.2676
0.2686
0.2683
0.2691
0.2685
0.2796
0.2673
0.2699
0.2679
0.2705
0.2686
0.2674
0.2683
0.2687
0.2688
0.2695
0.2689
0.2691
0.2695
0.2710
0.2691
0.2682
0.2715
0.2721
0.2701
0.2692
0.2687
0.2690
0.2685
0.2697
0.2686
0.2688
0.2697
0.2679
0.2685
0.2689
0.2692
0.2702
0.2692
0.2703
0.2688
0.2688
0.2704
0.2699
0.2699
0.2691
0.2692
0.2691
0.2671
0.2690
0.2679
0.2685
0.2690
0.2681
0.2678
0.2687
0.2686
0.2697
0.2687
0.2675
0.2693
0.2689
0.2694
0.2678
0.2681
0.2678
0.2687
0.2678
0.2685
0.2704
0.2676
0.2690
0.2693
0.2687
0.2685
0.2689
0.2695
0.2699
0.2675
0.2683
0.2676
0.2716
0.2671
0.1755
0.2679
0.2690
0.2702
0.2692
0.2690
0.2691
0.2692
0.2701
0.2691
0.2676
0.2693
0.2677
0.2674
0.2693
0.2673
0.2695
0.2690
0.2672
0.2685
0.2694
0.2689
0.2692
0.2686
0.2693
0.2671
0.2713
0.2690
0.2683
0.2672
0.2672
0.2676
0.2700
0.2673
0.2679
0.2692
0.1755
0.2675
0.2703
0.1760
0.2675
0.2691
0.2688
0.2689
0.2691
0.2701
0.2700
0.1759
0.2694
0.2687
0.2682
0.2682
0.2701
0.2691
0.2688
0.2687
0.2690
0.2688
0.2692
0.2684
0.2688
0.2681
0.2691
0.2680
0.2685
0.2686
0.2689
0.2695
0.2689
0.2684
0.2693
0.2684
0.2679
0.2693
0.2698
0.2690
0.2673
0.2691
0.2682
0.2691
0.2696
0.2709
0.2707
0.2694
0.2697
0.2707
0.2677
0.2697
0.2711
0.2692
0.2675
0.2687
0.2701
0.2674
0.2704
0.2712
0.2697
0.2678
0.2696
0.2675
0.2764
0.1759
0.2719
0.2700
0.2700
0.1758
0.2672
0.2692
0.2700
0.2680
0.1756
0.1754
0.2673
0.1757
0.2684
0.2675
0.2692
0.2696
0.2693
0.2676
0.2696
0.2681
0.2680
0.2696
0.2687
0.2689
0.1757
0.2694
0.1756
0.1757
0.1756
0.2696
0.2697
0.2672
0.1758
0.2711
0.2695
0.1756
0.2696
0.2674
0.2674
0.1757
0.2692
0.2684
0.2675
0.1758
0.2713
0.1757
0.2679
0.2688
0.2690
0.2781
0.2768
0.1756
0.2703
0.2859
0.2724
0.1760
0.2694
0.1758
0.1757
0.2703
0.2694
0.2711
0.1757
0.2675
0.2670
0.2701
0.1756
0.1757
0.3263
0.1760
0.1756
0.1756
0.1762
0.1755
0.1754
0.1755
0.1755
0.1753
0.1753
0.1754
0.1753
0.1755
0.1754
0.1758
0.1754
0.1754
0.1754
0.1753
0.1754
0.1752
0.1753
0.1753
0.1753
0.1754
0.1754
0.1754
0.1753
0.1754
0.2725
0.2707
0.2700
0.2715
0.2681
0.2701
0.2682
0.2702
0.2703
0.2703
0.1753
0.2675
0.2700
0.2707
0.2679
0.2700
0.1755
0.2711
0.2699
0.1755
0.2704
0.2797
0.1754
0.1753
0.1753
0.1755
0.1755
0.1755
0.1753
0.1753
0.1754
0.1754
0.1754
0.1754
0.1755
0.1763
0.1755
0.1754
0.1755
0.1754
0.1755
0.1753
0.1753
0.1754
0.1754
0.1753
0.1758
0.1756
0.1754
0.1755
0.1754
0.1754
0.1753
0.1754
0.1753
0.1754
0.1753
0.1754
0.1761
0.1754
0.1757
0.1755
0.1754
0.1754
0.1753
0.1755
0.1754
0.1755
0.1754
0.1754
0.1756
0.1752
0.1755
0.1755
0.1753
0.1753
0.1754
0.1755
0.1754
0.1754
0.1754
0.1753
0.1753
0.1756
0.1757
0.1760
0.1753
0.1754
0.1754
0.1753
0.1754
0.1754
0.1753
0.1755
0.1753
0.1758
0.1755
0.1755
0.1755
0.1754
0.1754
0.1754
0.1755
0.1752
0.1754
0.1754
0.1753
0.1762
0.1756
0.1754
0.1755
0.1753
0.1754
0.1755
0.1752
0.1757
0.1753
0.1755
0.1754
0.1754
0.1754