0.6433
0.2257
0.2233
0.2225
0.2222
0.2228
0.2223
0.2223
0.2222
0.2273
0.2220
0.2218
0.2214
0.3312
0.3341
0.3540
0.3272
0.3234
0.3268
0.3289
0.3307
0.3286
0.3293
0.3256
0.3267
0.3265
0.3274
0.3326
0.3331
0.3330
0.3340
0.3282
0.3286
0.3351
0.3285
0.3247
0.3288
0.3340
0.3262
0.3270
0.3287
0.3255
0.3275
0.3285
0.3382
0.3299
0.3275
0.3295
0.3281
0.3265
0.3325
0.3308
0.3243
0.3260
0.3374
0.3306
0.3280
0.3330
0.3314
0.3252
0.3263
0.3285
0.3238
0.3227
0.3277
0.3276
0.3277
0.3251
0.3258
0.3310
0.3276
0.3289
0.3298
0.3329
0.3328
0.3304
0.3321
0.3257
0.3299
0.3299
0.3292
0.3294
0.3313
0.3248
0.3269
0.3307
0.3271
0.3243
0.3284
0.3250
0.3265
0.3334
0.3376
0.3291
0.3304
0.3273
0.3289
0.3279
0.3312
0.3275
0.3355
0.3315
0.3335
0.3303
0.3289
0.3316
0.3259
0.3266
0.3358
0.3264
0.3247
0.3277
0.3390
0.3277
0.3423
0.3346
0.3327
0.3256
0.3298
0.3312
0.3272
0.3267
0.3269
0.3318
0.3337
0.3320
0.3283
0.3249
0.2244
0.3293
0.3257
0.2226
0.3421
0.3349
0.3343
0.3311
0.3326
0.3324
0.3425
0.3279
0.3245
0.3331
0.3285
0.3272
0.3256
0.3295
0.3247
0.3254
0.3328
0.3317
0.3365
0.3287
0.3260
0.3288
0.3270
0.3322
0.3290
0.3296
0.3269
0.3278
0.3322
0.3272
0.3310
0.3318
0.3273
0.2252
0.2222
0.3244
0.3241
0.2229
0.3294
0.2229
0.2220
0.3366
0.3257
0.3248
0.3392
0.2247
0.3326
0.3292
0.3383
0.3315
0.2228
0.2245
0.2225
0.2230
0.2219
0.2241
0.2223
0.3336
0.3253
0.3318
0.3275
0.3289
0.3245
0.3321
0.3270
0.3260
0.3299
0.3343
0.3276
0.2238
0.3447
0.3306
0.3323
0.3308
0.2225
0.3265
0.3282
0.3275
0.3315
0.3332
0.3297
0.3312
0.3296
0.3369
0.2267
0.3269
0.3292
0.3386
0.2226
0.3313
0.3294
0.3275
0.3255
0.3309
0.2232
0.3297
0.3266
0.3369
0.3291
0.2226
0.2269
0.2225
0.2234
0.2230
0.2257
0.2224
0.2234
0.2229
0.3347
0.2231
0.3274
0.2224
0.3287
0.3262
0.2230
0.3252
0.2243
0.3269
0.2229
0.2228
0.2237
0.2218
0.2221
0.3271
0.3292
0.3396
0.3256
0.3283
0.2241
0.2229
0.2228
0.2237
0.2254
0.2226
0.3321
0.2263
0.2245
0.3279
0.3265
0.3339
0.2237
0.3289
0.2227
0.3350
0.2234
0.2223
0.2215
0.3314
0.2230
0.3304
0.2235
0.2233
0.2224
0.2227
0.2219
0.2263
0.2218
0.2221
0.2223
0.2259
0.2221
0.2237
0.2228
0.2267
0.2225
0.2229
0.2227
0.2239
0.2254
0.2232
0.2234
0.2233
0.2252
0.2231
0.2224
0.2227
0.2232
0.2224
0.2233
0.2227
0.2250
0.2247
0.2225
0.2230
0.2249
0.3376
0.2234
0.3290
0.2267
0.3438
0.2231
0.2230
0.2237
0.2236
0.2232
0.2269
0.2223
0.2227
0.2232
0.2224
0.2254
0.3343
0.3276
0.3275
0.2227
0.2231
0.3282
0.3295
0.2235
0.3300
0.3248
0.3398
0.2222
0.3288
0.3321
0.3293
0.2230
0.2225
0.2230
0.3305
0.2236
0.2224
0.3355
0.2242
0.3322
0.2265
0.3279
0.2245
0.2224
0.3319
0.2238
0.2227
0.3264
0.3393
0.3324
0.2224
0.2226
0.3385
0.3292
0.2226
0.2260
0.2232
0.2220
0.3351
0.3325
0.3257
0.2221
0.3311
0.3263
0.3277
0.3281
0.3342
0.3298
0.3262
0.3282
0.3261
0.3281
0.2224
0.3298
0.2226
0.2216
0.3247
0.3334
0.2236
0.2227
0.2221
0.2273
0.2234
0.2229
0.2232
0.2255
0.2236
0.2238
0.2225
0.2236
0.2236
0.2234
0.2225
0.2229
0.3342
0.3280
0.2225
0.2226
0.2241
0.2234
0.2215
0.2213
0.2259
0.2246
0.2231
0.2226
0.3472
0.2252
0.2218
0.2234
0.2221
0.2221
0.2225
0.3297
0.2241
0.2221
0.2220
0.2228
0.2232
0.2230
0.2226
0.2215
0.2262
0.2227
0.2219
0.2214
0.2261
0.2230
0.2231
0.2216
0.2217
0.2224
0.2237
0.2245
0.2232
0.2292
0.2232
0.3358
0.2233
0.3361
0.2233
0.2216
0.2224
0.2228
0.2230
0.2227
0.2226
0.3292
0.3271
0.3260
0.3268
0.3265
0.3262
0.2218
0.2221
0.2254
0.2240
0.2223
0.2221
0.2224
0.2215
0.2220
0.2227
0.2241
0.2240
0.2219
0.3271
0.3268
0.3307
0.2227
0.2214
0.3261
0.3280
0.2233
0.2225
0.2232
0.2235
0.3249
0.3251
0.2224
0.2222
0.2227
0.2235
0.2233
0.2262
0.2228
0.2223
0.2229
0.2274
0.3334
0.2228
0.3273
0.2245
0.2296
0.2224
0.2219
0.2242
0.3352
0.2230
0.2222
0.2251
0.2219
0.2222
0.2223
0.2244
0.2231
0.2239
0.2226
0.2284
0.2234
0.2228
0.2227
0.2227
0.2241
0.2227
0.2225
0.2231
0.2270
0.2224
0.2227
0.2222
0.2238
0.2223
0.2228
0.2225
0.2255
0.2234
0.2229
0.2233
0.2234
0.2255
0.2234
0.2226
0.2226
0.2286
0.2233
0.2220
0.2218
0.2255
0.2228
0.2224
0.2223
0.2233
0.3319
0.3290
0.3261
0.3304
0.4016
0.3313
0.3277
0.3326
0.3250
0.2220
0.3253
0.3332
0.2227
0.3255
0.2225
0.2266
0.3307
0.2228
0.2262
0.2240
0.2223
0.2226
0.2216
0.2220
0.2220
0.2237
0.2225
0.2232
0.2248
0.2224
0.2222
0.2219
0.2282
0.2228
0.2218
0.2217
0.2307
0.2236
0.2220
0.2219
0.2251
0.2232
0.2235
0.2225
0.2261
0.2235
0.2222
0.2217
0.2214
0.2270
0.2221
0.2221
0.2217
0.2262
0.2229
0.2231
0.2215
0.2224
0.2218
0.2225
0.2221
0.2217
0.2226
0.2222
0.2229
0.2224
0.2225
0.2223
0.2221
0.2230
0.2224
0.2234
0.2222
0.2229
0.2216
0.2252
0.2223
0.2227
0.2215
0.2227
0.2229
0.2221
0.2218
0.2224
0.2267
0.2223
0.2219
0.2220
0.2224
0.2214
0.2237
0.2229
0.2220
0.2277
0.2234
0.2230
0.2225
0.2256
0.2221
0.2221
0.2226
0.2233
0.2227
0.2224
0.2223
0.2254
0.2268
0.2237
0.2234
0.2230
0.2233
0.2231
0.2242
0.2225
0.2262
0.2233
0.2236
0.2221
0.2269
0.2220
0.2228
0.2229
0.2266
0.2289
0.2241
0.2225
0.2253
0.2232
0.2231
0.2226
0.2249
0.2255
0.2246
0.2224
0.2238
0.2226
0.2233
0.2232
0.2223
0.2241
0.2219
0.2222
0.2218
0.2242
0.2226
0.2226
0.2220
0.2227
0.2263
0.2230
0.2229
0.2226
0.2256
0.2231
0.2236
0.2225
0.2233
0.2238
0.2238
0.3305
0.2243
0.2224
0.2227
0.2221
0.2238
0.2252
0.2234
0.2226
0.2218
0.2263
0.2222
0.3275
0.2219
0.3492
0.3328
0.2224
0.2236
0.2228
0.3269
0.2227
0.3317
0.2230
0.3275
0.2223
0.2242
0.2221
0.2222
0.2221
0.3309
0.2222
0.2223
0.2227
0.2242
0.2235
0.2241
0.2228
0.2253
0.2241
0.2233
0.2230
0.2231
0.2251
0.2243
0.2220
0.2223
0.2255
0.2225
0.2236
0.2216
0.2233
0.2218
0.2228
0.2228
0.2251
0.2233
0.2225
0.2223
0.2221
0.2244
0.2222
0.2223
0.2215
0.2260
0.2236
0.2241
0.2221
0.2252
0.2234
0.2233
0.3332
0.3319
0.2247
0.3255
0.3276
0.2251
0.3298
0.3271
0.2284
0.3302
0.2241
0.2237
0.2257
0.3335
0.2245
0.2230
0.2246
0.2232
0.2237
0.2227
0.2266
0.2246
0.2246
0.2225
0.2247
0.3322
0.2230
0.2219
0.2227
0.2221
0.2220
0.3303
0.3273
0.2235
0.3269
0.3301
0.2234
0.2217
0.2221
0.2217
0.2251
0.2227
0.2224
0.2221
0.2220
0.2255
0.2241
0.2248
0.2224
0.2257
0.2235
0.2234
0.2220
0.2233
0.2223
0.2228
0.2221
0.2219
0.3319
0.2230
0.2223
0.2215
0.2271
0.2233
0.2235
0.2225
0.2243
0.2227
0.2238
0.2220
0.2273
0.2227
0.2243
0.2226
0.2263
0.2238
0.2226
0.2221
0.2224
0.2251
0.2220
0.2220
0.2223
0.2242
0.2228
0.2232
0.2223
0.2228
0.2229
0.2229
0.2220
0.2224
0.2284
0.2237
0.2235
0.2227
0.2265
0.2236
0.2233
0.2223
0.2242
0.2231
0.2228
0.2226
0.2234
0.2224
0.2218
0.2221
0.2216
0.2291
0.2236
0.2235
0.2230
0.2263
0.2228
0.2226
0.2230
0.2243
0.2224
0.2227
0.2226
0.2242
0.3354
0.2245
0.2227
0.2250
0.3325
0.2232
0.3249
0.2237
0.2231
0.2220
0.2225
0.3257
0.2224
0.2223
0.2224
0.2219
0.2265
0.2228
0.2236
0.2222
0.2256
0.2233
0.3296
0.2219
0.2221
0.2223
0.2236
0.2222
0.2257
0.2247
0.2232
0.2222
0.2230
0.2230
0.2232
0.2225
0.2214
0.2271
0.2214
0.2217
0.2217
0.2222
0.2222
0.2224
0.3294
0.2230
0.2230
0.2224
0.2227
0.2217
0.2253
0.2229
0.2233
0.2226
0.2244
0.2236
0.2235
0.3303
0.2243
0.2240
0.2246
0.2224
0.2224
0.2225
0.3310
0.2220
0.2257
0.2229
0.2229
0.2222
0.2217
0.2260
0.2221
0.2224
0.3289
0.2240
0.2218
0.2217
0.2213
0.3308
0.2228
0.2237
0.2225
0.2253
0.2241
0.2238
0.2230
0.2242
0.2248
0.2238
0.2232
0.2259
0.2237
0.2225
0.2226
0.3299
0.2254
0.2237
0.2228
0.2227
0.2269
0.2239
0.2234
0.2222
0.2268
0.2236
0.2241
0.2229
0.2272
0.2232
0.2226
0.2211
0.2227
0.2232
0.2228
0.2222
0.2221
0.2246
0.2246
0.2237
0.3296
0.3305
0.2224
0.2215
0.2217
0.2231
0.2215
0.2215
0.2215
0.2226
0.2222
0.2221
0.3420
0.2234
0.2221
0.2229
0.3256
0.2239
0.2217
0.2223
0.2221
0.2222
0.3334
0.2226
0.3262
0.2223
0.2223
0.2224
0.3264
0.3253
0.2284
0.3307
0.3269
0.3332
0.3306
0.3286
0.2253
0.2231
0.2221
0.2228
0.2220
0.2227
0.2220
0.2229
0.2218
0.2220
0.2243
0.2225
0.2224
0.2226
0.2228
0.3290
0.2225
0.2216
0.2268
0.2229
0.2242
0.3287
0.2275
0.2232
0.2228
0.2220
0.2274
0.3309
0.2225
0.3343
0.2229
0.2221
0.2220
0.2222
0.3284
0.3303
0.2230
0.2218
0.2240
0.2221
0.2222
0.2225
0.3281
0.2238
0.3266
0.2224
0.2234
0.2220
0.2220
0.2220
0.3302
0.2239
0.3319
0.2232
0.2265
0.2220
0.2220
0.2221
0.2258
0.3318
0.2226
0.2222
0.2239
0.2232
0.2229
0.2223
0.3330
0.2243
0.2233
0.2228
0.2230
0.2231
0.2221
0.2226
0.2219
0.2241
0.2219
0.2231
0.2223
0.2223
0.2240
0.2227
0.2223
0.2224
0.2231
0.2235
0.2242
0.2225
0.2234
0.2223
0.2224
0.2219
0.2266
0.2229
0.2247
0.2228
0.2228
0.2226
0.2221
0.2225
0.2223
0.2240
0.2235
0.2222
0.2214
0.2226
0.2236
0.2220
0.2230
0.3276
0.2234
0.2219
0.2227
0.2222
0.2229
0.2220
0.2221
0.2220
0.2239
0.2248
0.2235
0.2229
0.2224
0.2227
0.2227
0.2240
0.2228
0.2300
0.2232
0.2223
0.2216
0.2230
0.2219
0.2233
0.2235
0.2259
0.3321
0.3256
0.2225
0.3399
0.2253
0.2233
0.2224
0.2227
0.2226
0.3344
0.2227
0.3394
0.3264
0.3253
0.2238
0.2221
0.2227
0.2216
0.2227
0.2332
0.2227
0.2222
0.2221
0.2237
0.2226
0.2220
0.2214
0.2226
0.2225
0.2226
0.2223
0.2224
0.2220
0.2219
0.2221
0.2215
0.2227
0.2227
0.2227
0.2217
0.2229
0.2231
0.2241
0.2226
0.2227
0.2235
0.2232
0.2234
0.2229
0.2265
0.2217
0.2221
0.2227
0.2230
0.2252
0.2234
0.2223
0.2216
0.2255
0.2233
0.2227
0.2216
0.2225
0.2236
0.2231
0.3293
0.2252
0.3300
0.2240
0.2215
0.2244
0.2235
0.2225
0.2218
0.2255
0.2217
0.2221
0.2222
0.2217
0.2268
0.2225
0.2217
0.2213
0.2235
0.2223
0.2236
0.2226
0.2241
0.2265
0.2237
0.2222
0.2222
0.2236
0.2220
0.2234
0.2219
0.2227
0.2237
0.2224
0.2219
0.2229
0.2247
0.2219
0.2217
0.2213
0.2228
0.2219
0.2233
0.2242
0.2266
0.2229
0.2226
0.2226
0.2232
0.2225
0.2222
0.2226
0.2220
0.2240
0.2241
0.2241
0.2226
0.2236
0.3438
0.2234
0.2277
0.2239
0.2228
0.2223
0.2223
0.2229
0.2220
0.2230
0.2224
0.2239
0.2232
0.2234
0.2226
0.2227
0.3390
0.2233
0.2218
0.2246
0.2226
0.2221
0.2217
0.2220
0.2228
0.2265
0.2229
0.2228
0.2338
0.2247
0.2228
0.2224
0.3467
0.3289
0.2228
0.3322
0.3273
0.2219
0.2252
0.2226
0.2233
0.2241
0.2236
0.2258
0.2243
0.2253
0.2229
0.2249
0.2232
0.2236
0.2224
0.3333
0.2245
0.2225
0.2219
0.2237
0.2222
0.2232
0.2219
0.2236
0.2231
0.3303
0.3265
0.2237
0.2232
0.2216
0.2213
0.2222
0.2267
0.2224
0.2226
0.2219
0.2225
0.2216
0.2231
0.2231
0.2234
0.2223
0.2228
0.2236
0.2225
0.2230
0.2227
0.2233
0.2217
0.2240
0.2235
0.2222
0.2222
0.2230
0.2282
0.2225
0.2221
0.2215
0.2229
0.2220
0.2234
0.2233
0.2231
0.2226
0.2225
0.2226
0.2244
0.2264
0.2224
0.3272
0.2239
0.2241
0.2237
0.2228
0.2223
0.3369
0.2238
0.2220
0.2236
0.2248
0.2228
0.2223
0.2222
0.2248
0.2234
0.3425
0.2258
0.2219
0.2222
0.2225
0.3257
0.2271
0.2215
0.2213
0.2219
0.2241
0.2231
0.2231
0.2217
0.2238
0.2226
0.3325
0.2228
0.3361
0.2244
0.2224
0.2212
0.3269
0.2236
0.2234
0.2224
0.2244
0.2238
0.2222
0.2223
0.2254
0.2225
0.2233
0.2227
0.2277
0.2263
0.2253
0.2225
0.2227
0.2258
0.2238
0.2235
0.2225
0.2229
0.3329
0.2228
0.2226
0.2244
0.2227
0.2223
0.2223
0.2226
0.2232
0.2240
0.2231
0.2246
0.2245
0.2231
0.2224
0.2217
0.2234
0.2240
0.2252
0.2217
0.2223
0.2226
0.2229
0.2227
0.2244
0.2231
0.2222
0.2219
0.2222
0.2236
0.2243
0.2227
0.2215
0.2234
0.2220
0.2221
0.2226
0.2231
0.2260
0.2237
0.2235
0.2223
0.2259
0.2223
0.2220
0.2215
0.2225
0.2227
0.2224
0.2221
0.2243
0.2222
0.2257
0.2219
0.2214
0.2221
0.2215
0.3284
0.3269
0.3321
0.2225
0.3247
0.2217
0.2268
0.2232
0.3266
0.2222
0.2262
0.2220
0.2221
0.2214
0.3260
0.2227
0.3269
0.2226
0.2244
0.2222
0.2220
0.2216
0.2215
0.2227
0.2229
0.2224
0.2218
0.2234
0.2218
0.2221
0.2216
0.2215
0.2224
0.3273
0.2226
0.2216
0.2263
0.2218
0.2220
0.2223
0.2260
0.2225
0.2222
0.2222
0.2225
0.2273
0.2235
0.2234
0.2220
0.2250
0.2224
0.2239
0.2228
0.2245
0.2218
0.2222
0.2214
0.2213
0.2229
0.2228
0.2223
0.2224
0.2241
0.2222
0.2223
0.2219
0.2219
0.2219
0.2228
0.2223
0.2213
0.2260
0.2217
0.2226
0.3376
0.2278
0.2239
0.2243
0.2227
0.2236
0.2224
0.2252
0.2224
0.2232
0.2235
0.2226
0.2217
0.2251
0.2242
0.2230
0.2225
0.2219
0.2223
0.2222
0.2233
0.2223
0.2233
0.2219
0.2220
0.2220
0.2220
0.2221
0.2231
0.2243
0.2224
0.2268
0.2234
0.2240
0.2224
0.2267
0.2229
0.2245
0.3297
0.2255
0.2228
0.2218
0.2214
0.2254
0.3252
0.2231
0.2222
0.2216
0.2238
0.2224
0.2223
0.2212
0.2261
0.2230
0.2220
0.2224
0.2247
0.2224
0.2218
0.2217
0.2215
0.3432
0.2227
0.2224
0.2251
0.2237
0.2238
0.2223
0.2249
0.2244
0.2234
0.2222
0.2215
0.2288
0.2219
0.2218
0.2214
0.2230
0.2237
0.2281
0.2224
0.2250
0.2240
0.2233
0.2214
0.2239
0.2242
0.2234
0.2226
0.2222
0.2237
0.2227
0.2226
0.2223
0.2225
0.2230
0.2225
0.2222
0.3334
0.3388
0.2237
0.2220
0.2243
0.2217
0.2222
0.2215
0.2222
0.2221
0.2223
0.2217
0.2218
0.2245
0.2217
0.2228
0.2227
0.2269
0.2226
0.2233
0.2225
0.2256
0.2244
0.2225
0.2220
0.2214
0.2248
0.3311
0.2225
0.2221
0.2238
0.2232
0.2217
0.2213
0.2229
0.2233
0.2233
0.2227
0.2271
0.2239
0.2229
0.2227
0.2224
0.2276
0.2241
0.2226
0.2215
0.2241
0.2216
0.2232
0.3282
0.3266
0.2218
0.2218
0.2217
0.2247
0.2244
0.2223
0.2221
0.2220
0.2260
0.2219
0.2221
0.2219
0.2228
0.2219
0.2224
0.2222
0.2226
0.2255
0.2222
0.3274
0.2245
0.2241
0.2220
0.2225
0.2221
0.2254
0.2224
0.2246
0.3291
0.2236
0.2226
0.2222
0.2216
0.2245
0.2233
0.2230
0.2217
0.2225
0.2248
0.2230
0.2224
0.3249
0.2244
0.2228
0.2231
0.2222
0.2234
0.2223
0.2225
0.2229
0.2244
0.2256
0.2223
0.2228
0.3283
0.2236
0.2227
0.2222
0.2219
0.2260
0.2227
0.2232
0.2229
0.2241
0.2243
0.2246
0.2224
0.2248
0.2236
0.2220
0.2230
0.2221
0.2251
0.2225
0.2226
0.2218
0.2247
0.2231
0.2222
0.2236
0.2266
0.2239
0.2230
0.2230
0.2246
0.2231
0.2231
0.2226
0.2222
0.2230
0.2226
0.2223
0.2226
0.2245
0.2235
0.2237
0.2229
0.2256
0.2242
0.2230
0.2215
0.2217
0.2259
0.2228
0.2223
0.2223
0.2248
0.2229
0.2223
0.2220
0.2287
0.2229
0.2225
0.2228
0.2306
0.2232
0.2222
0.2216
0.2265
0.2228
0.2218
0.2219
0.2222
0.2243
0.2219
0.2219
0.2217
0.2249
0.2249
0.2263
0.2224
0.2230
0.2254
0.2233
0.2226
0.2218
0.2255
0.2227
0.2238
0.2215
0.2246
0.2238
0.2235
0.2227
0.2229
0.2224
0.2224
0.2225
0.2219
0.2257
0.2219
0.2234
0.2223
0.2245
0.2220
0.2230
0.2223
0.2230
0.2231
0.2238
0.2227
0.2223
0.2269
0.2226
0.2232
0.2219
0.2229
0.2241
0.2240
0.2226
0.2256
0.2233
0.2225
0.2217
0.2236
0.2257
0.2217
0.2217
0.2215
0.2246
0.2229
0.2230
0.2228
0.2255
0.2236
0.2226
0.2215
0.2224
0.2253
0.2220
0.2223
0.2228
0.2240
0.2221
0.2238
0.2226
0.2235
0.2241
0.2240
0.2229
0.2241
0.2233
0.2232
0.2221
0.2216
0.2232
0.2232
0.3316
0.2226
0.2243
0.2220
0.2218
0.2215
0.2243
0.2223
0.2259
0.2214
0.2230
0.2239
0.2221
0.2216
0.2215
0.2226
0.2228
0.2224
0.2224
0.2247
0.2240
0.2224
0.2223
0.2218
0.2254
0.2219
0.2216
0.2216
0.2234
0.2220
0.2219
0.2221
0.2228
0.2234
0.2234
0.2227
0.2218
0.2231
0.3272
0.2220
0.2224
0.2241
0.2235
0.3288
0.2226
0.3299
0.2232
0.2223
0.2218
0.2230
0.2231
0.3274
0.2228
0.2276
0.2248
0.2221
0.2216
0.2214
0.2234
0.2214
0.2218
0.2220
0.2259
0.2233
0.2230
0.2222
0.2237
0.2287
0.2226
0.2225
0.2226
0.2292
0.2242
0.2219
0.2221
0.2258
0.2230
0.2225
0.2225
0.2232
0.2227
0.2226
0.2224
0.2258
0.2242
0.2229
0.2226
0.2224
0.2230
0.2221
0.2219
0.2220
0.2312
0.2226
0.2232
0.2225
0.2269
0.2231
0.2228
0.2224
0.2237
0.2235
0.2221
0.2215
0.2220
0.2265
0.2236
0.2228
0.2218
0.2252
0.2237
0.2255
0.2217
0.2240
0.2222
0.2238
0.2226
0.2233
0.2252
0.2237
0.2250
0.2229
0.2248
0.2260
0.2225
0.2224
0.2272
0.2231
0.2223
0.2223
0.2253
0.2236
0.2255
0.2224
0.2232
0.2242
0.2222
0.2224
0.2239
0.2241
0.2234
0.2225
0.3300
0.2251
0.2230
0.4032
0.2217
0.2216
0.2250
0.2237
0.3315
0.2253
0.2256
0.2232
0.2226
0.2223
0.2249
0.2230
0.2233
0.2222
0.2233
0.2224
0.2217
0.2221
0.2229
0.2252
0.2239
0.2223
0.2223
0.2252
0.2229
0.2248
0.2231
0.2261
0.2229
0.2227
0.2217
0.3318
0.2237
0.2230
0.2224
0.2225
0.2223
0.2217
0.2215
0.2222
0.2246
0.3351
0.2227
0.3252
0.2233
0.2238
0.2229
0.2219
0.2265
0.2227
0.2217
0.2217
0.2237
0.2226
0.2224
0.2224
0.3319
0.2228
0.2226
0.2220
0.2237
0.2243
0.2224
0.2216
0.2212
0.2242
0.2227
0.2236
0.2229
0.2228
0.2230
0.2223
0.2217
0.2227
0.2236
0.2227
0.2239
0.2221
0.2228
0.2218
0.2228
0.2216
0.2252
0.2258
0.2242
0.2230
0.2276
0.2245
0.2243
0.2231
0.2249
0.2242
0.2223
0.2228
0.2215
0.2252
0.2234
0.2236
0.2222
0.2231
0.2227
0.2229
0.2221
0.2245
0.2228
0.2219
0.2230
0.2220
0.2235
0.2217
0.2220
0.2222
0.2253
0.2235
0.2238
0.2225
0.2228
0.2270
0.2238
0.2224
0.2220
0.2222
0.2230
0.2255
0.2224
0.2269
0.2225
0.2219
0.2214
0.2230
0.2229
0.2235
0.2225
0.2225
0.2248
0.2222
0.2219
0.2217
0.2247
0.2230
0.2235
0.2224
0.2231
0.2240
0.2230
0.2231
0.2220
0.2268
0.2229
0.2239
0.2216
0.2245
0.2230
0.2228
0.2226
0.2233
0.2233
0.2228
0.2226
0.2225
0.2249
0.2233
0.2231
0.2223
0.2235
0.2221
0.2232
0.2216
0.2227
0.2225
0.2236
0.2227
0.2217
0.2238
0.2220
0.2220
0.2221
0.2258
0.2220
0.2222
0.2221
0.2229
0.2335
0.2224
0.2224
0.2223
0.2221
0.2233
0.2222
0.2216
0.2225
0.2237
0.2232
0.2218
0.2263
0.2230
0.2237
0.2223
0.2222
0.2248
0.2243
0.2230
0.2217
0.2224
0.2223
0.2217
0.2215
0.2228
0.2233
0.2219
0.2224
0.2214
0.2231
0.2216
0.2230
0.2230
0.2256
0.2246
0.2230
0.2227
0.2239
0.2314
0.2227
0.2231
0.2252
0.2288
0.2256
0.2224
0.2250
0.2270
0.2247
0.2224
0.2223
0.2250
0.2225
0.2225
0.2221
0.2229
0.2225
0.2221
0.2225
0.2239
0.2220
0.2221
0.2216
0.2223
0.2227
0.2229
0.2222
0.2218
0.2230
0.2222
0.2239
0.2224
0.2232
0.2299
0.2242
0.2227
0.2244
0.2246
0.2226
0.2216
0.2220
0.2223
0.2220
0.2216
0.2214
0.2221
0.2239
0.2216
0.2217
0.2213
0.2225
0.2225
0.2233
0.2226
0.2245
0.2225
0.2232
0.2215
0.2212
0.2234
0.2223
0.2227
0.2223
0.2249
0.2227
0.2220
0.2212
0.2213
0.2248
0.2218
0.2224
0.2217
0.2219
0.2231
0.2220
0.2214
0.2219
0.2230
0.2219
0.2220
0.2231
0.2265
0.2230
0.2225
0.2229
0.2269
0.2240
0.2242
0.2215
0.2248
0.2246
0.2228
0.2228
0.2216
0.2260
0.2230
0.2225
0.2217
0.2225
0.2220
0.2225
0.2221
0.2230
0.2232
0.2234
0.2229
0.2220
0.2231
0.2226
0.2235
0.2224
0.2250
0.2221
0.2227
0.2226
0.2230
0.2272
0.2228
0.2236
0.2230
0.2296
0.2227
0.2226
0.2227
0.2239
0.2235
0.2234
0.2225
0.2263
0.2232
0.2229
0.2226
0.2233
0.2243