0.2760
0.2723
0.2324
0.2348
0.2311
0.2331
0.2339
0.2318
0.2317
0.2308
0.2314
0.2308
0.2327
0.2725
0.2736
0.2743
0.2811
0.2827
0.2778
0.2789
0.2790
0.2772
0.2755
0.2333
0.2731
0.2738
0.2765
0.2750
0.2787
0.2766
0.2771
0.2763
0.2756
0.2745
0.2344
0.2341
0.2740
0.2775
0.2744
0.2768
0.2739
0.2815
0.2751
0.2791
0.2828
0.2762
0.2776
0.2745
0.2796
0.2793
0.2741
0.2803
0.2793
0.2801
0.2770
0.2799
0.2825
0.2801
0.2855
0.2817
0.2788
0.2762
0.2804
0.2773
0.2747
0.2721
0.2789
0.2785
0.2753
0.2822
0.2346
0.2320
0.2797
0.2813
0.2792
0.2718
0.2804
0.2808
0.2847
0.2776
0.2795
0.2810
0.2870
0.2831
0.2801
0.2837
0.2791
0.2835
0.2860
0.2886
0.2791
0.2741
0.2818
0.2329
0.2803
0.2791
0.2848
0.2340
0.2812
0.2768
0.2317
0.2437
0.2887
0.2314
0.2793
0.2775
0.2825
0.2826
0.2348
0.2835
0.2810
0.2871
0.2811
0.2815
0.2837
0.2826
0.2810
0.2838
0.2795
0.2333
0.2327
0.2783
0.2361
0.2737
0.2339
0.2810
0.3048
0.3121
0.2355
0.2696
0.2716
0.2973
0.3000
0.2503
0.2441
0.2471
0.2978
0.2933
0.2723
0.3149
0.2486
0.2646
0.3010
0.2314
0.2920
0.2783
0.2474
0.2391
0.2614
0.2940
0.3095
0.3006
0.2401
0.2972
0.2418
0.2660
0.2372
0.3102
0.2907
0.2491
0.2523
0.2961
0.2565
0.2993
0.3013
0.2378
0.3066
0.3142
0.2919
0.2309
0.2521
0.2731
0.2929
0.2474
0.2936
0.2924
0.2376
0.2356
0.2965
0.2468
0.2692
0.2390
0.2608
0.2349
0.3090
0.2965
0.2943
0.2911
0.3037
0.5006
0.3122
0.2971
0.2905
0.3052
0.2541
0.2969
0.2608
0.2475
0.2452
0.2595
0.2411
0.2528
0.2356
0.2440
0.2354
0.2799
0.2773
0.2363
0.2809
0.2311
0.2318
0.2504
0.2310
0.2305
0.2428
0.2716
0.2363
0.2310
0.2471
0.2421
0.2521
0.2792
0.2385
0.2842
0.2718
0.2813
0.2792
0.2315
0.2441
0.2309
0.2305
0.2836
0.2475
0.2344
0.2346
0.2376
0.2377
0.2391
0.2805
0.2440
0.2804
0.2334
0.2376
0.2419
0.2401
0.2324
0.2365
0.2382
0.2339
0.2425
0.2316
0.2343
0.2434
0.2310
0.2812
0.2845
0.2326
0.2343
0.2363
0.2310
0.2450
0.2310
0.2798
0.2333
0.2829
0.2324
0.2349
0.2413
0.2341
0.2391
0.2308
0.2313
0.2386
0.2308
0.2794
0.2309
0.2335
0.2779
0.2329
0.2492
0.2715
0.2441
0.2706
0.2348
0.2431
0.2319
0.2340
0.2848
0.2344
0.2858
0.2428
0.2743
0.2838
0.2802
0.2373
0.2377
0.2334
0.2427
0.2347
0.2310
0.2798
0.2330
0.2372
0.2307
0.2416
0.2309
0.2304
0.2448
0.2317
0.2338
0.2366
0.2327
0.2433
0.2323
0.2335
0.2440
0.2329
0.2307
0.2425
0.2347
0.2410
0.2359
0.2844
0.2320
0.2309
0.2414
0.2371
0.2375
0.2444
0.2312
0.2303
0.2418
0.2305
0.2858
0.2336
0.2388
0.2431
0.2370
0.2376
0.2337
0.2337
0.2376
0.2354
0.2420
0.2783
0.2855
0.2444
0.2742
0.2405
0.2414
0.2821
0.2382
0.2378
0.2357
0.2404
0.2323
0.2346
0.2357
0.2307
0.2348
0.2344
0.2805
0.2722
0.2438
0.2307
0.2332
0.2850
0.2394
0.2394
0.2394
0.2803
0.2385
0.2387
0.2314
0.2434
0.2308
0.2327
0.2386
0.2334
0.2327
0.2395
0.2324
0.2355
0.2324
0.2317
0.2412
0.2352
0.2320
0.2379
0.2360
0.2377
0.2372
0.2358
0.2402
0.2770
0.2437
0.2334
0.2421
0.2344
0.2326
0.2394
0.2345
0.2326
0.2821
0.2362
0.2347
0.2358
0.2380
0.2386
0.2323
0.2331
0.2350
0.2304
0.2352
0.2405
0.2321
0.2333
0.2402
0.2321
0.2333
0.2377
0.2318
0.2320
0.2415
0.2353
0.2328
0.2341
0.2339
0.2405
0.2755
0.2389
0.2309
0.2312
0.2398
0.2305
0.2422
0.2310
0.2307
0.2388
0.2346
0.2303
0.2393
0.2306
0.2336
0.2356
0.2308
0.2345
0.2372
0.2337
0.2488
0.2315
0.2336
0.2473
0.2314
0.2321
0.2803
0.2366
0.2350
0.2331
0.2453
0.2314
0.2308
0.2435
0.2342
0.2457
0.2320
0.2323
0.2402
0.2370
0.2363
0.2831
0.2860
0.2313
0.2387
0.2356
0.2459
0.2339
0.2791
0.2345
0.2407
0.2366
0.2338
0.2426
0.2853
0.2397
0.2367
0.2471
0.2356
0.2367
0.2373
0.2795
0.2400
0.2318
0.2441
0.2362
0.2380
0.2373
0.2340
0.2393
0.2409
0.2333
0.2343
0.2415
0.2343
0.2438
0.4264
0.2408
0.2339
0.2348
0.2383
0.2441
0.2770
0.2341
0.2809
0.2352
0.2402
0.2418
0.2390
0.2371
0.2410
0.2400
0.2401
0.2333
0.2395
0.2309
0.2335
0.2772
0.2473
0.2767
0.2368
0.2340
0.2312
0.2409
0.2307
0.2305
0.2393
0.2307
0.2305
0.2420
0.2397
0.2391
0.2810
0.2420
0.2718
0.2368
0.2746
0.2358
0.2347
0.2356
0.2310
0.2349
0.2363
0.2325
0.2432
0.2337
0.2314
0.2412
0.2374
0.2375
0.2415
0.2334
0.2325
0.2852
0.2356
0.2357
0.2403
0.2380
0.2342
0.2492
0.2519
0.2510
0.2479
0.2526
0.2542
0.2543
0.2414
0.2584
0.2354
0.2679
0.2342
0.3074
0.2565
0.2770
0.2515
0.2395
0.2367
0.2400
0.2406
0.2399
0.2375
0.2850
0.2363
0.2380
0.2333
0.2483
0.2313
0.2355
0.2433
0.2371
0.2409
0.2354
0.2345
0.2412
0.2316
0.2308
0.2418
0.2316
0.2364
0.2368
0.2406
0.2544
0.2325
0.2415
0.2594
0.2464
0.2515
0.2505
0.2442
0.2374
0.2447
0.2356
0.2361
0.2390
0.2381
0.2429
0.2375
0.2381
0.2843
0.2395
0.2830
0.2335
0.2419
0.2380
0.2319
0.2440
0.2352
0.2387
0.2360
0.2403
0.2385
0.2420
0.2395
0.2818
0.2410
0.2371
0.2404
0.2333
0.2341
0.2306
0.2380
0.2319
0.2317
0.2436
0.2342
0.2361
0.2345
0.2389
0.2361
0.2421
0.2342
0.2326
0.2406
0.2324
0.2331
0.2384
0.2361
0.2329
0.2343
0.2336
0.2406
0.2334
0.2349
0.2327
0.2812
0.2321
0.2308
0.2385
0.2372
0.2350
0.2324
0.2395
0.2382
0.2430
0.2311
0.2320
0.2362
0.2306
0.2305
0.2418
0.2310
0.2330
0.2424
0.2379
0.2340
0.2407
0.2685
0.2347
0.2558
0.2370
0.2388
0.2394
0.2317
0.2329
0.2440
0.2333
0.2416
0.2313
0.2327
0.2420
0.2314
0.2306
0.2416
0.2329
0.2426
0.2345
0.2315
0.2320
0.2380
0.2312
0.2337
0.2369
0.2328
0.2373
0.2373
0.2355
0.2393
0.2380
0.2328
0.2396
0.2313
0.2344
0.2368
0.2317
0.2364
0.2331
0.2308
0.2440
0.2313
0.2324
0.2423
0.2315
0.2315
0.2420
0.2320
0.2307
0.2428
0.2316
0.2349
0.2359
0.2323
0.2367
0.2346
0.2326
0.2445
0.2313
0.2315
0.2424
0.2319
0.2338
0.2375
0.2341
0.2476
0.2350
0.2317
0.2479
0.2338
0.2364
0.2425
0.2353
0.2462
0.2341
0.2362
0.2408
0.2372
0.2413
0.2362
0.2353
0.2397
0.2412
0.2374
0.2380
0.2395
0.2349
0.2406
0.2335
0.2473
0.2329
0.2359
0.2415
0.2324
0.2367
0.2335
0.2309
0.2438
0.2331
0.2380
0.2441
0.2339
0.2392
0.2403
0.2346
0.2370
0.2362
0.2329
0.2310
0.2382
0.2318
0.2428
0.2334
0.2435
0.2363
0.2397
0.2386
0.2364
0.2386
0.2355
0.2340
0.2403
0.2638
0.2691
0.2319
0.2404
0.2345
0.2316
0.2347
0.2355
0.2318
0.2370
0.2318
0.2309
0.2393
0.2374
0.2357
0.2395
0.2332
0.2455
0.2411
0.2328
0.2367
0.2397
0.2361
0.2400
0.2315
0.2341
0.2376
0.2309
0.2305
0.2394
0.2333
0.2471
0.2323
0.2311
0.2422
0.2330
0.2350
0.2382
0.2311
0.2328
0.2347
0.2362
0.2400
0.2432
0.2347
0.2353
0.2377
0.2352
0.2360
0.2336
0.2326
0.2380
0.2331
0.2417
0.2318
0.2338
0.2411
0.2356
0.2341
0.2440
0.2350
0.2418
0.2324
0.2317
0.2431
0.2313
0.2391
0.2431
0.2333
0.2432
0.2336
0.2817
0.2318
0.2313
0.2850
0.2304
0.2417
0.2321
0.2328
0.2400
0.2319
0.2335
0.2413
0.2322
0.2360
0.2326
0.2307
0.2382
0.2322
0.2314
0.2412
0.2308
0.2308
0.2409
0.2329
0.2437
0.2349
0.2322
0.2435
0.2352
0.2361
0.4292
0.2364
0.2334
0.2354
0.2378
0.2366
0.2328
0.2370
0.2346
0.2415
0.2320
0.2319
0.2385
0.2308
0.2392
0.2330
0.2307
0.2399
0.2328
0.2389
0.2398
0.2343
0.2422
0.2347
0.2311
0.2361
0.2336
0.2341
0.2394
0.2345
0.2370
0.2375
0.2373
0.2366
0.2345
0.2363
0.2403
0.2377
0.2308
0.2391
0.2407
0.2355
0.2378
0.2380
0.2415
0.2433
0.2312
0.2432
0.2348
0.2341
0.2427
0.2314
0.2347
0.2348
0.2309
0.2439
0.2354
0.2356
0.2372
0.2396
0.2399
0.2315
0.2383
0.2408
0.2383
0.2332
0.2425
0.2332
0.2323
0.2385
0.2352
0.2830
0.2314
0.2428
0.2313
0.2307
0.2397
0.2311
0.2313
0.2426
0.2332
0.2415
0.2366
0.2325
0.2434
0.2724
0.2440
0.2327
0.2426
0.2316
0.2314
0.2444
0.2342
0.2334
0.2367
0.2393
0.2402
0.2342
0.2380
0.2403
0.2417
0.2338
0.2338
0.2398
0.2352
0.2396
0.2352
0.2325
0.2439
0.2329
0.2445
0.2316
0.2314
0.2408
0.2321
0.2314
0.2365
0.2318
0.2305
0.2405
0.2308
0.2305
0.2415
0.2333
0.2462
0.2328
0.2306
0.2420
0.2314
0.2308
0.2435
0.2356
0.2424
0.2365
0.2339
0.2437
0.2340
0.2355
0.2398
0.2351
0.2459
0.2349
0.2336
0.2442
0.2355
0.2493
0.2346
0.2317
0.2431
0.2342
0.2384
0.2479
0.2494
0.2431
0.2775
0.2685
0.2376
0.2336
0.2305
0.2442
0.2310
0.2307
0.2573
0.2310
0.2501
0.2311
0.2306
0.2546
0.2435
0.2532
0.2386
0.2628
0.2310
0.2563
0.2311
0.2380
0.2620
0.2544
0.2538
0.2527
0.2481
0.2560
0.2511
0.2517
0.2430
0.2569
0.2333
0.2667
0.2311
0.2305
0.2601
0.2308
0.2957
0.2385
0.2434
0.2308
0.2370
0.2494
0.2511
0.2485
0.2651
0.2332
0.2715
0.2315
0.2679
0.2311
0.2309
0.2506
0.2307
0.2384
0.2491
0.2544
0.2472
0.2640
0.2357
0.2645
0.2310
0.2886
0.2363
0.2409
0.2413
0.2513
0.2476
0.2642
0.2341
0.2668
0.2309
0.2488
0.2316
0.2308
0.2344
0.2468
0.2435
0.2515
0.2378
0.2360
0.2390
0.2870
0.2398
0.2387
0.2310
0.2803
0.2319
0.2321
0.2462
0.2318
0.2394
0.2358
0.2325
0.2403
0.2305
0.2317
0.2392
0.2331
0.2459
0.2342
0.2305
0.2485
0.2425
0.2640
0.2364
0.2655
0.2307
0.2305
0.2655
0.2534
0.2483
0.2584
0.2509
0.2512
0.2477
0.2534
0.2476
0.2507
0.2456
0.2673
0.2315
0.2544
0.2313
0.2342
0.2611
0.2649
0.2418
0.2683
0.2427
0.2658
0.2309
0.2375
0.2413
0.2305
0.2647
0.2308
0.2336
0.2456
0.2319
0.2352
0.2481
0.2369
0.2513
0.2343
0.2701
0.2355
0.2655
0.2567
0.2538
0.2626
0.2376
0.2691
0.2336
0.2382
0.2530
0.2558
0.2344
0.2365
0.2408
0.2357
0.2403
0.2333
0.2322
0.2454
0.2335
0.2313
0.2451
0.2312
0.2309
0.2445
0.2309
0.2318
0.2421
0.2308
0.2304
0.2437
0.2370
0.2351
0.4170
0.2338
0.2319
0.2419
0.2307
0.2306
0.2392
0.2315
0.2335
0.2430
0.2414
0.2340
0.2385
0.2370
0.2358
0.2372
0.2414
0.2381
0.2398
0.2360
0.2386
0.2466
0.2355
0.2364
0.2431
0.2341
0.2430
0.2349
0.2327
0.2479
0.2315
0.2320
0.2461
0.2331
0.2324
0.2405
0.2333
0.2454
0.2316
0.2315
0.2467
0.2324
0.2312
0.2442
0.2343
0.2462
0.2332
0.2320
0.2475
0.2325
0.2315
0.2447
0.2336
0.2368
0.2368
0.2310
0.2378
0.2334
0.2333
0.2385
0.2323
0.2314
0.2460
0.2353
0.2482
0.2365
0.2357
0.2483
0.2319
0.2335
0.2429
0.2335
0.2391
0.2352
0.2319
0.2488
0.2313
0.2309
0.2450
0.2327
0.2395
0.2440
0.2324
0.2322
0.2411
0.2334
0.2438
0.2315
0.2338
0.2413
0.2325
0.2357
0.2447
0.2337
0.2399
0.2419
0.2372
0.2401
0.2346
0.2385
0.2424
0.2418
0.2326
0.2361
0.2417
0.2362
0.2441
0.2392
0.2372
0.2473
0.2314
0.2323
0.2510
0.2312
0.2306
0.2421
0.2319
0.2322
0.2405
0.2310
0.2329
0.2370
0.2309
0.2368
0.2347
0.2321
0.2380
0.2370
0.2312
0.2469
0.2320
0.2331
0.2463
0.2327
0.2368
0.2349
0.2317
0.2314
0.2413
0.2323
0.2453
0.2330
0.2416
0.2364
0.2332
0.2476
0.2316
0.2321
0.2318
0.2865
0.2426
0.2368
0.2370
0.2396
0.2391
0.2359
0.2361
0.2451
0.2335
0.2485
0.2409
0.2356
0.2476
0.2320
0.2310
0.2487
0.2323
0.2321
0.2415
0.2318
0.2307
0.2437
0.2326
0.2370
0.2353
0.2311
0.2474
0.2314
0.2335
0.2443
0.2313
0.2376
0.2363
0.2316
0.2376
0.2394
0.2358
0.2466
0.2328
0.2305
0.2441
0.2334
0.2330
0.2408
0.2317
0.2473
0.2315
0.2313
0.2460
0.2313
0.2334
0.2395
0.2336
0.2469
0.2335
0.2307
0.2421
0.2366
0.2432
0.2357
0.2347
0.2434
0.2366
0.2449
0.2380
0.2315
0.2355
0.2384
0.2315
0.2360
0.2344
0.2309
0.2464
0.2357
0.2484
0.2352
0.2336
0.2473
0.2369
0.2306
0.2462
0.2315
0.2365
0.2366
0.2325
0.2412
0.2419
0.2375
0.2338
0.2368
0.2415
0.2334
0.2331
0.2434
0.2411
0.2388
0.2367
0.2370
0.2463
0.2348
0.2312
0.2409
0.2391
0.2414
0.2341
0.2338
0.2447
0.2320
0.2398
0.2466
0.2329
0.2475
0.2324
0.2312
0.2392
0.2337
0.2314
0.2466
0.2323
0.2308
0.2466
0.2310
0.2817
0.2355
0.2416
0.2322
0.2353
0.2470
0.2350
0.2390
0.2417
0.2369
0.2353
0.2396
0.4355
0.2475
0.2407
0.2467
0.2328
0.2309
0.2420
0.2316
0.2383
0.2318
0.2319
0.2453
0.2353
0.2482
0.2328
0.2343
0.2475
0.2345
0.2411
0.2381
0.2349
0.2407
0.2396
0.2432
0.2382
0.2341
0.2484
0.2364
0.2326
0.2455
0.2326
0.2391
0.2361
0.2333
0.2443
0.2323
0.2312
0.2427
0.2508
0.2470
0.2334
0.2326
0.2441
0.2312
0.2345
0.2376
0.2331
0.2565
0.2314
0.2308
0.2424
0.2312
0.2332
0.2412
0.2336
0.2399
0.2353
0.2323
0.2418
0.2316
0.2344
0.2426
0.2373
0.2389
0.2332
0.2357
0.2403
0.2415
0.2347
0.2343
0.2432
0.2382
0.2380
0.2521
0.2557
0.2370
0.2414
0.2359
0.2449
0.2363
0.2335
0.2403
0.2406
0.2366
0.2392
0.2374
0.2358
0.2347
0.2324
0.2349
0.2409
0.2312
0.2353
0.2423
0.2344
0.2383
0.2362
0.2319
0.2395
0.2330
0.2443
0.2319
0.2318
0.2451
0.2333
0.2381
0.2374
0.2364
0.2414
0.2338
0.2357
0.2395
0.2403
0.2382
0.2389
0.2363
0.2382
0.2447
0.2337
0.2354
0.2372
0.2337
0.2405
0.2313
0.2331
0.2383
0.2318
0.2353
0.2374
0.2316
0.2316
0.2454
0.2346
0.2332
0.2358
0.2333
0.2361
0.2392
0.2364
0.2386
0.2312
0.2354
0.2355
0.2311
0.2352
0.2353
0.2339
0.2402
0.2428
0.2374
0.2431
0.2328
0.2326
0.2423
0.2326
0.2364
0.2370
0.2783
0.2364
0.2413
0.2368
0.2391
0.2378
0.2360
0.2385
0.2328
0.2374
0.2380
0.2386
0.2309
0.2379
0.2409
0.2760
0.2366
0.2353
0.2431
0.2306
0.2363
0.2314
0.2314
0.2444
0.2347
0.2384
0.2368
0.2339
0.2395
0.2815
0.2403
0.2418
0.2409
0.2326
0.2357
0.2451
0.2346
0.2441
0.2365
0.2390
0.2402
0.2408
0.2370
0.2461
0.2333
0.2422
0.2359
0.2364
0.2376
0.2376
0.2373
0.2321
0.2355
0.2345
0.2378
0.2307
0.2328
0.2369
0.2335
0.2416
0.2372
0.2340
0.2321
0.2350
0.2314
0.2416
0.2370
0.2304
0.2379
0.2306
0.2322
0.2355
0.2346
0.2434
0.2397
0.2371
0.2387
0.2345
0.2361
0.2363
0.2352
0.2410
0.2344
0.2344
0.2378
0.2410
0.2377
0.2331
0.2399
0.2446
0.2382
0.2361
0.2361
0.2337
0.2349
0.2377
0.2359
0.2398
0.2360
0.2334
0.2422
0.2332
0.2362
0.2378
0.2373
0.2363
0.2328
0.2351
0.2332
0.2391
0.2309
0.2342
0.2360
0.2331
0.2393
0.2408
0.2376
0.2359
0.2364
0.2398
0.2337
0.2355
0.2401
0.2394
0.2387
0.2463
0.2384
0.2494
0.2355
0.2370
0.2388
0.2419
0.2367
0.2403
0.2403
0.2394
0.2421
0.2325
0.2434
0.2322
0.2441
0.2357
0.2325
0.2683
0.2306
0.2409
0.2308
0.2317
0.2406
0.2306
0.2532
0.2312
0.2308
0.2464
0.2337
0.2465
0.2335
0.2330
0.2459
0.2352
0.2383
0.2373
0.2348
0.2421
0.2394
0.2475
0.2370
0.2471
0.2337
0.2407
0.2305
0.2467
0.2350
0.2459
0.2324
0.2521
0.2352
0.2428
0.2407
0.2451
0.2411
0.2420
0.2430
0.2367
0.2411
0.2409
0.2430
0.2377
0.2434
0.2395
0.2367
0.2450
0.2372
0.2378
0.4627
0.2449
0.2312
0.2399
0.2442
0.2403
0.2365
0.2419
0.2385
0.2430
0.2329
0.2443
0.2400
0.2424
0.2426
0.2337
0.2462
0.2320
0.2326
0.2380
0.2476
0.2415
0.2368
0.2526
0.2424
0.2740
0.2309
0.2305
0.2556
0.2305
0.2590
0.2341
0.2660
0.2344
0.2580
0.2457
0.2603
0.2352
0.2666
0.2330
0.2664
0.2352
0.2639
0.2336
0.2730
0.2309
0.2539
0.2357
0.2354
0.2685
0.2388
0.2614
0.2370
0.2604
0.2378
0.2537
0.2348
0.2627
0.2347
0.2429
0.2438
0.2399
0.2571
0.2514
0.2478
0.2515
0.2490
0.2517
0.2486
0.2618
0.2374
0.3079
0.2592
0.2307
0.2333
0.2582
0.2450
0.2515
0.2516
0.2367
0.2769
0.2371
0.2730
0.2339
0.2732
0.2310
0.2309
0.2539
0.2306
0.2536
0.2333
0.2655
0.2331
0.2663
0.2310
0.2487
0.2326
0.2309
0.2598
0.2340
0.2655
0.2315
0.2473
0.2385
0.2303
0.2560
0.2313
0.2476
0.2335
0.2700
0.2389
0.2665
0.2356
0.2704
0.2337
0.2670
0.2310
0.2305
0.2534
0.2305
0.2595
0.2307
0.2510
0.2336
0.2708
0.2349
0.2666
0.2309
0.2434
0.2416
0.2320
0.2558
0.2353
0.2658
0.2351
0.2650
0.2360
0.2690
0.2310
0.2558
0.2314
0.2308
0.2491
0.2401
0.2567
0.2412
0.2550
0.2386
0.2640
0.2423
0.2575
0.2343
0.2695
0.2380
0.2611
0.2378
0.2597
0.2390
0.2630
0.2400
0.2503
0.2473
0.2530
0.2447
0.2526
0.2499
0.2420
0.2485
0.2578
0.2495
0.2548
0.2471
0.2611
0.2440
0.2571
0.2397
0.2615
0.2337
0.2696
0.2324
0.2319
0.2505
0.2376
0.2545
0.2310
0.2325
0.2531
0.2334
0.2651
0.2395
0.2706
0.2404
0.2564
0.2539
0.2483
0.2583
0.2431
0.2618
0.2352
0.2709
0.2310
0.2590
0.2308
0.2449
0.2382
0.2306
0.2661
0.2307
0.2387
0.2565
0.2522
0.2476
0.2657
0.2396
0.2606
0.2416
0.2590
0.2344
0.2681
0.2334
0.2708
0.2308
0.2544
0.2309
0.2323
0.2534
0.2306
0.2653
0.2330
0.2656
0.2310
0.2532
0.2312
0.2304
0.2582
0.2331
0.2662
0.2311
0.2724
0.2309
0.2545
0.2309
0.2430
0.2410
0.2307
0.2647
0.2339
0.2649
0.2329
0.2687
0.2326
0.2644
0.2317
0.2314
0.2536
0.2310
0.2597
0.2308
0.2559
0.2310
0.2370
0.2633
0.2660
0.2401
0.2661
0.2409
0.2515
0.2396
0.2690
0.2412
0.2580
0.2356
0.2689
0.2312
0.2540
0.2311
0.2305
0.2570
0.2309
0.2541
0.2308
0.2319
0.2524
0.2309
0.2563
0.2309
0.2305
0.2481
0.2316
0.2646
0.2399
0.2454
0.2400
0.2418
0.2342
0.2461
0.2448
0.2352
0.2393
0.2365
0.2410
0.2413
0.2373
0.2356
0.2340
0.2406
0.2369
0.2365
0.2332
0.2392
0.2384
0.2368
0.2399
0.2393
0.2390
0.2413
0.2334
0.2352
0.2394
0.2304
0.4134
0.2331
0.2385
0.2451
0.2366
0.2423
0.2386
0.2358
0.2501
0.2360
0.2399
0.2341
0.2380
0.2481
0.2352
0.2469
0.2374
0.2340
0.2427
0.2409
0.2449
0.2430
0.2355
0.2374
0.2489
0.2428
0.2463
0.2369
0.2392
0.2386
0.2411
0.2391
0.2400
0.2377
0.2345
0.2485
0.2338
0.2321
0.2475
0.2340
0.2423
0.2790
0.2493
0.2320
0.2314
0.2444
0.2307
0.2334
0.2357
0.2374
0.2440
0.2347
0.2405
0.2404
0.2327
0.2411
0.2374
0.2333
0.2331
0.2386
0.2313
0.2304
0.2437
0.2372
0.2409
0.2356
0.2322
0.2405
0.2308
0.2355
0.2351
0.2307
0.2346
0.2443
0.2323
0.2509
0.2308
0.2319
0.2561
0.2352
0.2359
0.2470
0.2523
0.2502
0.2458
0.2557
0.2515
0.2495
0.2530
0.2447
0.2510
0.2501
0.2616
0.2344
0.2425
0.2324
0.2403
0.2426
0.2328
0.2447
0.2599
0.2536
0.2339
0.2456
0.2357
0.2373
0.2440
0.2364
0.2384
0.2352
0.2421
0.2427
0.2431
0.2342
0.2352
0.2412
0.2343
0.2440
0.2313
0.2518
0.2359
0.2435
0.2358
0.2340
0.2382
0.2388
0.2351
0.2368
0.2368
0.2371
0.2373
0.2377
0.2351
0.2416
0.2351
0.2334
0.2400
0.2324
0.2323
0.2362
0.2322
0.2444
0.2331
0.2313
0.2467
0.2320
0.2630
0.2597
0.2614
0.2365
0.2387
0.2385
0.2390
0.2545
0.2565
0.2363
0.2416
0.2332
0.2354
0.2412
0.2396
0.2375
0.2399
0.2340
0.2464
0.2333
0.2574
0.2367
0.2308
0.2353
0.2540
0.2467
0.2420
0.2310
0.2385
0.2722
0.2425
0.2372
0.2332
0.2680
0.2356
0.2446
0.2317
0.2580
0.2313
0.2305
0.2473
0.2309
0.2493
0.2321
0.2339
0.2426
0.2316
0.2326
0.2402
0.2308
0.2365
0.2338
0.2307
0.2384
0.2332
0.2305
0.2479
0.2316
0.2316
0.2456
0.2315
0.2309
0.2435
0.2847
0.2315
0.2311
0.2469
0.2318
0.2305
0.2437
0.2322
0.2367
0.2348
0.2317
0.2489
0.2313
0.2306
0.2429
0.2420
0.2326
0.2476
0.2317
0.2487
0.2335
0.2319
0.2510
0.2307
0.2660
0.2487
0.2681
0.2400
0.2438
0.2476
0.2402
0.2419
0.2452
0.2309
0.2349
0.2461
0.2307
0.2326
0.2395
0.2337
0.2465
0.2333
0.2411
0.2439
0.2313
0.2832
0.2310
0.2317
0.2380
0.2308
0.2519
0.2312
0.2337
0.2398
0.2332
0.2541
0.2310
0.2307
0.2436
0.2310
0.2304
0.2716
0.2565
0.2450
0.2332
0.2597
0.2433
0.2465
0.2348
0.2339
0.2401
0.2337
0.2451
0.2363
0.2339
0.2450
0.2307
0.2308
0.2389
0.2306
0.2328
0.2391
0.2316
0.2330
0.2408
0.2361
0.2325
0.2404
0.2386
0.2336
0.2353
0.2439
0.2423
0.2414
0.2334
0.2388
0.2480
0.2355
0.2431
0.2350
0.2425
0.2398
0.2402
0.2476
0.2419
0.2409
0.2498
0.2399
0.2512
0.2496
0.2575
0.4829
0.2358
0.2741
0.2366
0.2717
0.2308
0.2570
0.2312
0.2311
0.2347
0.2505
0.2391
0.2384
0.2339
0.2323
0.2376
0.2312
0.2420
0.2375
0.2332
0.2402
0.2310
0.2354
0.2361
0.2336
0.2353
0.2325
0.2324
0.2424
0.2348
0.2307
0.2382
0.2475
0.2597
0.2710
0.2405
0.2338
0.2426
0.2319
0.2320
0.2442
0.2371
0.2414
0.2374
0.2538
0.2361
0.2399
0.2490
0.2478
0.2428
0.2413
0.2449
0.2387
0.2460
0.2441
0.2351
0.2307
0.2452
0.2329
0.2303
0.2468
0.2305
0.2516
0.2311
0.2306
0.2461
0.2325
0.2303
0.2421
0.2308
0.2530
0.2307
0.2371
0.2407
0.2329
0.2401
0.2375
0.2340
0.2442
0.2343
0.2437
0.2404
0.2333
0.2449
0.2335
0.2307
0.2460
0.2311
0.2315
0.2438
0.2331
0.2304
0.2406
0.2332
0.2460
0.2311
0.2308
0.2487
0.2308
0.2306
0.2442
0.2333
0.2392
0.2452
0.2305
0.2525
0.2331
0.2459
0.2335
0.2307
0.2438
0.2357
0.2463
0.2333
0.2434
0.2419
0.2394
0.2397
0.2407
0.2364
0.2448
0.2362
0.2471
0.2343
0.2334
0.2445
0.2354
0.2365
0.2380
0.2373
0.2399
0.2347
0.2350
0.2431
0.2361
0.2375
0.2370
0.2368
0.2387
0.2395
0.2326
0.2343
0.2413
0.2308
0.2311
0.2454
0.2341
0.2460
0.2319
0.2329
0.2430
0.2314
0.2348
0.2414
0.2343
0.2329
0.2401
0.2365
0.2347
0.2372
0.2366
0.2427
0.2380
0.2380
0.2380
0.2397
0.2330
0.2349
0.2396
0.2865
0.2356
0.2426
0.2443
0.2352
0.2394
0.2360
0.2368
0.2421
0.2358
0.2327
0.2400
0.2346
0.2373
0.2393
0.2368
0.2387
0.2349
0.2369
0.2357
0.2404
0.2360
0.2337
0.2407
0.2348
0.2402
0.2309
0.2306
0.2446
0.2333
0.2304
0.2466
0.2328
0.2330
0.2369
0.2363
0.2407
0.2384
0.2352
0.2387
0.2306
0.2302
0.2405
0.2317
0.2471
0.2312
0.2305
0.2452
0.2310
0.2336
0.2404
0.2307
0.2323
0.2371
0.2349
0.2440
0.2336
0.2423
0.2416
0.2342
0.2420
0.2339
0.2305
0.2361
0.2328
0.2310
0.2443
0.2359
0.2400
0.2384
0.2327
0.2449
0.2350
0.2334
0.2461
0.2365
0.2482
0.2335
0.2313
0.2477
0.2358
0.2437
0.2341
0.2351
0.2465
0.2345
0.2408
0.2398
0.2341
0.2438
0.2319
0.2312
0.2443
0.2345
0.2379
0.2377
0.2367
0.2835
0.2311
0.2455
0.2316
0.2306
0.2463
0.2313
0.2348
0.2403
0.2336
0.2472
0.2334
0.2487
0.2375
0.2310
0.2308
0.2417
0.2328
0.2489
0.2311
0.2312
0.2448
0.2348
0.2447
0.2340
0.2360
0.2477
0.2311
0.2318
0.2403
0.2360
0.2473
0.2332
0.2439
0.2462
0.2369
0.2463
0.2315
0.2307
0.2646
0.2309
0.2384
0.2483
0.2409
0.2678
0.2396
0.2590
0.2417
0.2572
0.2536
0.2500
0.2494
0.2475
0.2570
0.2313
0.2330
0.2432
0.2358
0.2493
0.2323
0.2308
0.2383
0.2381
0.2354
0.2497
0.2597
0.2367
0.2330
0.2441
0.2358
0.2401
0.2358
0.2386
0.2436
0.2339
0.2421
0.2426
0.2341
0.2460
0.2368
0.2842
0.2316
0.2344
0.2362
0.2348
0.2451
0.2363
0.2405
0.2387
0.2344
0.2456
0.2323
0.2316
0.2450
0.2726
0.2485
0.2367
0.2335
0.2448
0.2351
0.2332
0.2395
0.2380
0.2437
0.2351
0.2448
0.2435
0.2465
0.2356
0.2411
0.2411
0.2353
0.2448
0.2314
0.2325
0.2453
0.2364
0.4486
0.2334
0.2340
0.2530
0.2360
0.2494
0.2328
0.2325
0.2433
0.2424
0.2378
0.2474
0.2332
0.2423
0.2329
0.2309
0.2504
0.2334
0.2337
0.2473
0.2325
0.2475
0.2309
0.2315
0.2452
0.2373
0.2409
0.2419
0.2349
0.2427
0.2404
0.2324
0.2398
0.2320
0.2430
0.2342
0.2437
0.2341
0.2345
0.2464
0.2360
0.2438
0.2337
0.2352
0.2514
0.2349
0.2452
0.2378
0.2312
0.2366
0.2443
0.2359
0.2320
0.2450
0.2356
0.2445
0.2307
0.2319
0.2426
0.2305
0.2310
0.2428
0.2312
0.2436
0.2310
0.2330
0.2488
0.2344
0.2428
0.2412
0.2386
0.2320
0.2397
0.2408
0.2412
0.2320
0.2312
0.2359
0.2316
0.2443
0.2310
0.2307
0.2436
0.2310
0.2305
0.2422
0.2309
0.2307
0.2425