0.3246
0.3288
0.3193
0.2757
0.2773
0.2784
0.2725
0.2733
0.2724
0.2778
0.2720
0.2720
0.2721
0.2777
0.2722
0.2719
0.2753
0.2771
0.2719
0.2717
0.2764
0.2773
0.2725
0.2727
0.2784
0.2778
0.2724
0.2727
0.2772
0.2773
0.2719
0.2722
0.2777
0.2776
0.2721
0.2721
0.2782
0.2781
0.2727
0.3191
0.3194
0.3179
0.3249
0.3179
0.3186
0.2723
0.3186
0.3190
0.3186
0.3269
0.3240
0.3191
0.3180
0.3188
0.3257
0.3230
0.3225
0.3211
0.3257
0.3266
0.3206
0.2729
0.3177
0.3183
0.3187
0.3236
0.3237
0.3183
0.3177
0.3187
0.3232
0.3258
0.3222
0.2720
0.3175
0.3191
0.3191
0.3352
0.3210
0.3206
0.2731
0.3199
0.3188
0.3186
0.3234
0.3210
0.3182
0.3188
0.2720
0.3184
0.3178
0.3180
0.3241
0.3177
0.3196
0.3190
0.3193
0.2771
0.3186
0.3229
0.3179
0.3201
0.3236
0.3275
0.2775
0.2781
0.3183
0.2717
0.3191
0.3213
0.3246
0.3202
0.2726
0.2775
0.3214
0.3192
0.3176
0.3177
0.3175
0.3178
0.3241
0.3220
0.3178
0.3181
0.3183
0.2764
0.3179
0.2780
0.3235
0.2786
0.3204
0.3250
0.2739
0.3307
0.2733
0.2782
0.2723
0.2731
0.2729
0.2775
0.2721
0.2740
0.3210
0.3184
0.3183
0.3185
0.3247
0.3241
0.2737
0.2740
0.3245
0.2772
0.2774
0.2726
0.2722
0.2728
0.2778
0.2721
0.2744
0.3274
0.2725
0.3213
0.3215
0.2731
0.2724
0.2760
0.2719
0.2718
0.2719
0.2776
0.2722
0.2721
0.2757
0.2777
0.2721
0.2720
0.2772
0.2774
0.2769
0.2731
0.2723
0.2772
0.2719
0.2729
0.2746
0.2721
0.2720
0.2720
0.2770
0.2716
0.2718
0.2736
0.4339
0.2734
0.2791
0.2724
0.2720
0.2722
0.2778
0.2725
0.2723
0.2736
0.2780
0.2723
0.2717
0.2720
0.2779
0.2723
0.3203
0.2722
0.2722
0.2782
0.2725
0.2735
0.2721
0.2775
0.2719
0.2721
0.2721
0.2776
0.2743
0.2726
0.2720
0.2774
0.2718
0.2718
0.2777
0.2773
0.2721
0.2716
0.2772
0.2772
0.2790
0.2718
0.2748
0.2773
0.2719
0.2721
0.2770
0.2771
0.2720
0.2723
0.2778
0.2778
0.2720
0.2722
0.2770
0.2771
0.2720
0.2718
0.2779
0.2722
0.2729
0.2720
0.2770
0.2717
0.2720
0.2716
0.2771
0.2726
0.2723
0.2724
0.3240
0.2788
0.2781
0.2733
0.2743
0.2719
0.2770
0.2715
0.2720
0.2768
0.2769
0.2721
0.2720
0.2771
0.2717
0.2727
0.2719
0.2827
0.2718
0.2723
0.2719
0.2769
0.2722
0.2721
0.2718
0.2777
0.2732
0.2725
0.2723
0.2773
0.2754
0.2720
0.2723
0.2775
0.2728
0.2733
0.2735
0.2724
0.2734
0.2728
0.2781
0.2728
0.2728
0.2722
0.2780
0.2720
0.2722
0.2720
0.2783
0.2730
0.2724
0.2729
0.2775
0.2737
0.2725
0.2781
0.2777
0.2721
0.2718
0.2775
0.2768
0.2716
0.2719
0.2776
0.2771
0.2718
0.2719
0.2771
0.2719
0.2717
0.2720
0.2773
0.2722
0.2721
0.2719
0.2769
0.2717
0.2720
0.2757
0.2771
0.2716
0.2721
0.2770
0.2774
0.2725
0.2726
0.2776
0.2773
0.2726
0.2724
0.2768
0.2783
0.2739
0.2732
0.2779
0.2776
0.2721
0.2724
0.2763
0.2783
0.2740
0.2721
0.2759
0.2774
0.2716
0.2716
0.2773
0.2772
0.2721
0.2717
0.2778
0.2788
0.2726
0.2714
0.2769
0.2780
0.2738
0.2723
0.2769
0.2775
0.2721
0.2731
0.2771
0.2773
0.2718
0.2730
0.2774
0.2721
0.2731
0.2728
0.2780
0.2722
0.2727
0.2722
0.2786
0.2730
0.2726
0.2721
0.2773
0.2727
0.2719
0.2721
0.2769
0.2723
0.2720
0.2775
0.2776
0.2725
0.2800
0.2737
0.2847
0.2734
0.2727
0.2721
0.2782
0.2720
0.2721
0.2726
0.2774
0.2720
0.2718
0.2774
0.2774
0.2719
0.2720
0.2763
0.2719
0.2721
0.2723
0.2751
0.2717
0.2717
0.2719
0.2771
0.2718
0.2719
0.2761
0.2769
0.2718
0.2726
0.2772
0.2731
0.2729
0.2725
0.2774
0.2719
0.2720
0.2726
0.2774
0.2724
0.2722
0.2721
0.2772
0.2719
0.2719
0.2740
0.2770
0.2716
0.2726
0.2766
0.2769
0.2720
0.2723
0.2776
0.2757
0.2724
0.2725
0.2774
0.2718
0.2721
0.2716
0.2770
0.2735
0.2719
0.2717
0.2770
0.2719
0.2722
0.2723
0.2775
0.2722
0.2722
0.2778
0.2776
0.2728
0.2723
0.2724
0.2725
0.2721
0.2718
0.2775
0.2732
0.2719
0.2721
0.2750
0.2724
0.2722
0.2761
0.2775
0.2736
0.2721
0.2779
0.2789
0.2725
0.2733
0.2744
0.2772
0.2720
0.2724
0.2760
0.2781
0.2725
0.2728
0.2750
0.2719
0.2720
0.2721
0.2772
0.2718
0.2720
0.2722
0.2773
0.2724
0.2730
0.2721
0.2773
0.2720
0.2729
0.2774
0.2773
0.2731
0.2748
0.2723
0.2784
0.2730
0.2727
0.2761
0.2775
0.2756
0.2724
0.2738
0.2777
0.2726
0.2721
0.2729
0.2721
0.2718
0.2718
0.2722
0.2729
0.2718
0.2743
0.2774
0.2735
0.2737
0.2774
0.2777
0.2721
0.2736
0.2772