0.1279296875
0.12831521034240723
0.11783790588378906
0.12808918952941895
0.12784862518310547
0.12782597541809082
0.12783098220825195
0.12789368629455566
0.12606573104858398
0.12783312797546387
0.12778973579406738
0.12830471992492676
0.12775635719299316
0.12228727340698242
0.12798833847045898
0.12807512283325195
0.12760019302368164
0.127763032913208
0.12687063217163086
0.12784051895141602
0.12759613990783691
0.12810087203979492
0.12798070907592773
0.1242978572845459
0.1278061866760254
0.12780141830444336
0.12786149978637695
0.12794923782348633
0.12275099754333496
0.12985897064208984
0.12766289710998535
0.12773942947387695
0.12804055213928223
0.1115255355834961
0.12834787368774414
0.12772655487060547
0.127791166305542
0.12804913520812988
0.12773776054382324
0.12632203102111816
0.12756657600402832
0.1276414394378662
0.12822532653808594
0.12772774696350098
0.12353515625
0.12793469429016113
0.1276710033416748
0.12777185440063477
0.1280226707458496
0.12601161003112793
0.12773466110229492
0.12763333320617676
0.1281421184539795
0.12813067436218262
0.1255030632019043
0.12803411483764648
0.1281290054321289
0.12768936157226562
0.12787270545959473
0.12756681442260742
0.12697863578796387
0.12768840789794922
0.12782049179077148
0.1282482147216797
0.11600494384765625
0.09048676490783691
0.12801432609558105
0.1280231475830078
0.1277458667755127
0.1277763843536377
0.12004876136779785
0.12906956672668457
0.1276705265045166
0.12790536880493164
0.12830066680908203
0.11005854606628418
0.127760648727417
0.1303396224975586
0.12802934646606445
0.13007855415344238
0.12779688835144043
0.12704038619995117
0.12777209281921387
0.12772560119628906
0.12831592559814453
0.12782073020935059
0.12388086318969727
0.12787389755249023
0.1277318000793457
0.12823128700256348
0.12789297103881836
0.12462687492370605
0.12791919708251953
0.12780475616455078
0.12800812721252441
0.12790679931640625
0.12412834167480469
0.12779760360717773
0.127640962600708
0.127777099609375
0.12794804573059082
0.12780165672302246
0.12659239768981934
0.12773680686950684
0.12773895263671875
0.12813901901245117
0.11699414253234863
0.1284167766571045
0.1277484893798828
0.12799787521362305
0.12765812873840332
0.12799334526062012
0.1268627643585205
0.12775516510009766
0.1276547908782959
0.12836098670959473
0.1278703212738037
0.12347221374511719
0.12777996063232422
0.12827181816101074
0.12803149223327637
0.12769198417663574
0.1251528263092041
0.12789487838745117
0.12770581245422363
0.12790417671203613
0.12814068794250488
0.12223172187805176
0.12777400016784668
0.12767314910888672
0.12832045555114746
0.12808680534362793
0.12782931327819824
0.12612295150756836
0.12778186798095703
0.12785816192626953
0.12870025634765625
0.12656855583190918
0.1260063648223877
0.12778234481811523
0.1281440258026123
0.1278672218322754
0.1278839111328125
0.127244234085083
0.12763261795043945
0.12784934043884277
0.12795257568359375
0.127763032913208
0.12344551086425781
0.12776970863342285
0.12766814231872559
0.12837529182434082
0.12796711921691895
0.1226201057434082
0.12799620628356934
0.12776470184326172
0.1279003620147705
0.12774872779846191
0.12434768676757812
0.12775611877441406
0.12795662879943848
0.1276848316192627
0.1276853084564209
0.12811493873596191
0.12619781494140625
0.12758159637451172
0.1276109218597412
0.12856507301330566
0.1229860782623291
0.12587356567382812
0.12830257415771484
0.127915620803833
0.12775754928588867
0.12783098220825195
0.12600946426391602
0.12777471542358398
0.12783122062683105
0.1279904842376709
0.1279749870300293
0.12215185165405273
0.12786602973937988
0.12836360931396484
0.12803912162780762
0.12763166427612305
0.11872291564941406
0.12838292121887207
0.12783265113830566
0.1277928352355957
0.1281299591064453
0.11939382553100586
0.12777185440063477
0.12795615196228027
0.1278219223022461
0.12801027297973633
0.12772178649902344
0.12737774848937988
0.1278057098388672
0.12775135040283203
0.1278228759765625
0.12764763832092285
0.12378883361816406
0.12764930725097656
0.12750911712646484
0.12798857688903809
0.12806367874145508
0.12700915336608887
0.12787842750549316
0.12778973579406738
0.12812304496765137
0.12793183326721191
0.12549853324890137
0.12795114517211914
0.12773728370666504
0.12777328491210938
0.12839317321777344
0.1224973201751709
0.12856698036193848
0.12764954566955566
0.12780261039733887
0.1278824806213379
0.1146535873413086
0.12802505493164062
0.12780094146728516
0.127730131149292
0.12776446342468262
0.12821459770202637
0.12622499465942383
0.1276702880859375
0.12763166427612305
0.12821125984191895
0.1279304027557373
0.12486433982849121
0.12801837921142578
0.12776422500610352
0.12790346145629883
0.12782573699951172
0.1260547637939453
0.12790465354919434
0.12772679328918457
0.12781190872192383
0.1280660629272461
0.12197661399841309
0.12786006927490234
0.12765860557556152
0.12783575057983398
0.12793922424316406
0.12785768508911133
0.12494659423828125
0.12767505645751953
0.1277754306793213
0.12801194190979004
0.11837291717529297
0.12683343887329102
0.12786579132080078
0.12799572944641113
0.12840509414672852
0.1278829574584961
0.1244974136352539
0.12769556045532227
0.12778639793395996
0.12802624702453613
0.1280820369720459
0.12499141693115234
0.12776970863342285
0.12795567512512207
0.12789559364318848
0.12790155410766602
0.1217041015625
0.1279897689819336
0.12798810005187988
0.12786531448364258
0.1279127597808838
0.1238400936126709
0.127960205078125
0.12780165672302246
0.1301720142364502
0.12805485725402832
0.12788128852844238
0.1269536018371582
0.12770414352416992
0.12785768508911133
0.12843108177185059
0.12499690055847168
0.12582945823669434
0.12802338600158691
0.12781429290771484
0.12774229049682617
0.12786388397216797
0.12576866149902344
0.12776660919189453
0.12773990631103516
0.1280965805053711
0.12812399864196777
0.12418365478515625
0.12808537483215332
0.12783193588256836
0.12793684005737305
0.12773704528808594
0.1220698356628418
0.12796235084533691
0.12783241271972656
0.12770295143127441
0.12792301177978516
0.123321533203125
0.12784838676452637
0.12774419784545898
0.12777209281921387
0.12780356407165527
0.12788629531860352
0.12572646141052246
0.12772321701049805
0.1276707649230957
0.1285569667816162
0.1267857551574707
0.12615036964416504
0.127685546875
0.1277327537536621
0.12783241271972656
0.12780046463012695
0.12653636932373047
0.12773895263671875
0.12773847579956055
0.12840008735656738
0.12790822982788086
0.12282848358154297
0.12814021110534668
0.1279125213623047
0.12785792350769043
0.12784099578857422
0.11879777908325195
0.12807798385620117
0.12790679931640625
0.13493633270263672
0.1377546787261963
0.12393426895141602
0.12785077095031738
0.12830400466918945
0.1278979778289795
0.1277759075164795
0.12786126136779785
0.12724781036376953
0.12782955169677734
0.12779641151428223
0.12827730178833008
0.11989593505859375
0.12898683547973633
0.12781357765197754
0.1280059814453125
0.1278688907623291
0.1277482509613037
0.12671756744384766
0.1277768611907959
0.1277608871459961
0.12819123268127441
0.12794232368469238
0.12240338325500488
0.12771940231323242
0.12793803215026855
0.12787127494812012
0.12815403938293457
0.12704777717590332
0.12786531448364258
0.12778949737548828
0.12798357009887695
0.12781119346618652
0.1244955062866211
0.1282057762145996
0.12796449661254883
0.12762188911437988
0.12789654731750488
0.12823915481567383
0.12668681144714355
0.12784242630004883
0.12768936157226562
0.12815117835998535
0.12090802192687988
0.12678098678588867
0.1278071403503418
0.1279909610748291
0.12774968147277832
0.12784099578857422
0.12443876266479492
0.12781310081481934
0.12781643867492676
0.12807559967041016
0.12796568870544434
0.12384629249572754
0.12796545028686523
0.1278829574584961
0.12799763679504395
0.12780046463012695
0.1267406940460205
0.12812304496765137
0.12784242630004883
0.1278078556060791
0.12777972221374512
0.1237635612487793
0.12782883644104004
0.12767243385314941
0.12784147262573242
0.1281747817993164
0.1280198097229004
0.12729406356811523
0.127777099609375
0.12781929969787598
0.12865471839904785
0.12379837036132812
0.12584710121154785
0.12781882286071777
0.12770366668701172
0.12801146507263184
0.12803053855895996
0.12658452987670898
0.12766313552856445
0.1277763843536377
0.12839984893798828
0.12796950340270996
0.12460613250732422
0.1280066967010498
0.12778639793395996
0.12777471542358398
0.12811660766601562
0.12295365333557129
0.12770485877990723
0.1277329921722412
0.12794232368469238
0.12802839279174805
0.12279725074768066
0.12811946868896484
0.12789297103881836
0.12786269187927246
0.12781453132629395
0.12772035598754883
0.1275937557220459
0.12764239311218262
0.1278226375579834
0.1283736228942871
0.12773561477661133
0.1243600845336914
0.1281111240386963
0.12776756286621094
0.1278820037841797
0.12779831886291504
0.12706899642944336
0.12784290313720703
0.1276564598083496
0.12806391716003418
0.12792658805847168
0.12390685081481934
0.12781047821044922
0.12812232971191406
0.1280045509338379
0.12772560119628906
0.12008023262023926
0.1281266212463379
0.12773942947387695
0.12789416313171387
0.12785553932189941
0.12401151657104492
0.12775564193725586
0.12769842147827148
0.1278672218322754
0.12817835807800293
0.12804007530212402
0.12555289268493652
0.1276850700378418
0.12764835357666016
0.12825369834899902
0.12781453132629395
0.12332963943481445
0.12807083129882812
0.1278679370880127
0.12785005569458008
0.12786579132080078
0.1271975040435791
0.12774109840393066
0.12778425216674805
0.1283421516418457
0.12801361083984375
0.12464237213134766
0.12792515754699707
0.12771201133728027
0.12792062759399414
0.12769746780395508
0.11917614936828613
0.12810111045837402
0.12778830528259277
0.12777161598205566
0.12828493118286133
0.12420153617858887
0.12781143188476562
0.12830901145935059
0.12808465957641602
0.1277930736541748
0.12775611877441406
0.12611746788024902
0.1277172565460205
0.12776398658752441
0.12807250022888184
0.12787747383117676
0.1247396469116211