0.015146017074584961
0.012880325317382812
0.012873411178588867
0.012922525405883789
0.012909173965454102
0.01285099983215332
0.012869596481323242
0.012835264205932617
0.012865066528320312
0.012836694717407227
0.012845754623413086
0.012835502624511719
0.012843608856201172
0.012831449508666992
0.015246391296386719
0.012835025787353516
0.0128326416015625
0.012821674346923828
0.012826919555664062
0.012845993041992188
0.012812137603759766
0.012837409973144531
0.012838125228881836
0.012827873229980469
0.012779474258422852
0.012898445129394531
0.012897014617919922
0.012925863265991211
0.01292729377746582
0.012906312942504883
0.015276193618774414
0.012929439544677734
0.012894392013549805
0.012906789779663086
0.11585855484008789
0.012973785400390625
0.012892723083496094
0.01286935806274414
0.012792110443115234
0.012842893600463867
0.012861251831054688
0.012814998626708984
0.012845039367675781
0.012841939926147461
0.01278066635131836
0.012794017791748047
0.012796401977539062
0.012845993041992188
0.012823343276977539
0.012815237045288086
0.012835025787353516
0.012850046157836914
0.012843608856201172
0.01282358169555664
0.012806892395019531
0.012831687927246094
0.012829065322875977
0.012946367263793945
0.0129852294921875
0.012962102890014648
0.01288914680480957
0.012835264205932617
0.012857675552368164
0.012817859649658203
0.012885570526123047
0.01286768913269043
0.012860774993896484
0.012842893600463867
0.012817144393920898
0.015264272689819336
0.010617733001708984
0.013690710067749023
0.012845277786254883
0.012820720672607422
0.012825965881347656
0.012821435928344727
0.012829303741455078
0.015232563018798828
0.012836933135986328
0.012861967086791992
0.012811422348022461
0.01282644271850586
0.012831449508666992
0.01284646987915039
0.012831449508666992
0.012839317321777344
0.012860298156738281
0.012787580490112305
0.01277613639831543
0.012810945510864258
0.012815237045288086
0.012818336486816406
0.012827396392822266
0.012825250625610352
0.012858390808105469
0.012800931930541992
0.012826919555664062
0.012823104858398438
0.0128326416015625
0.012828826904296875
0.01288747787475586
0.012772083282470703
0.012813806533813477
0.012837409973144531
0.020096540451049805
0.012829780578613281
0.012839794158935547
0.01284646987915039
0.01283884048461914
0.012833118438720703
0.012844562530517578
0.012840509414672852
0.012841463088989258
0.012836456298828125
0.012875556945800781
0.012879133224487305
0.015293121337890625
0.012883424758911133
0.012870073318481445
0.012885808944702148
0.012890338897705078
0.012853145599365234
0.012825489044189453
0.01294565200805664
0.0137481689453125
0.012975692749023438
0.01286172866821289
0.012917041778564453
0.012870311737060547
0.012872457504272461
0.012832164764404297
0.012838602066040039
0.10135960578918457
0.012902975082397461
0.012885808944702148
0.01525425910949707
0.012848854064941406
0.012787818908691406
0.012827396392822266
0.01284027099609375
0.012852191925048828
0.01276397705078125
0.01281881332397461
0.012820720672607422
0.012860536575317383
0.012961626052856445
0.012903928756713867
0.012853145599365234
0.012837409973144531
0.012820243835449219
0.012880325317382812