0.04254770278930664
0.046349287033081055
0.045859336853027344
0.04632925987243652
0.04730534553527832
0.04357266426086426
0.046365976333618164
0.0452122688293457
0.04597282409667969
0.04377245903015137
0.045374155044555664
0.0472109317779541
0.04329967498779297
0.04622054100036621
0.04159140586853027
0.047361135482788086
0.04578685760498047
0.04645538330078125
0.04373288154602051
0.044356584548950195
0.04626297950744629
0.04536032676696777
0.043546438217163086
0.046098947525024414
0.0476682186126709
0.04391026496887207
0.044916629791259766
0.044138193130493164
0.045964717864990234
0.04404902458190918
0.046384334564208984
0.042710304260253906
0.04553103446960449
0.04330277442932129
0.045822858810424805
0.043929338455200195
0.04409623146057129
0.04557013511657715
0.04514813423156738
0.04210400581359863
0.045078277587890625
0.04581737518310547
0.04636716842651367
0.04761505126953125
0.044042348861694336
0.04593181610107422
0.04300332069396973
0.04530620574951172
0.13674616813659668
0.04510211944580078
0.04506969451904297
0.04788088798522949
0.04565882682800293
0.04633760452270508
0.045790910720825195
0.0461580753326416
0.04778861999511719
0.04590034484863281
0.046240806579589844
0.04573631286621094
0.04426074028015137
0.044605255126953125
0.044986724853515625
0.04449653625488281
0.04508185386657715
0.04536128044128418
0.044571876525878906
0.04492950439453125
0.04271245002746582
0.04496264457702637
0.0418400764465332
0.04604363441467285
0.045285701751708984
0.04631829261779785
0.04393768310546875
0.04664754867553711
0.04260516166687012
0.04600930213928223
0.04601573944091797
0.04626011848449707
0.04383587837219238
0.04428243637084961
0.04627180099487305
0.04156613349914551
0.046091556549072266
0.04300403594970703
0.045241355895996094
0.04275965690612793
0.04688119888305664
0.041643381118774414
0.04735207557678223
0.041594743728637695
0.04725170135498047
0.043439388275146484
0.04628443717956543
0.0437924861907959
0.04514503479003906
0.043077945709228516
0.04367351531982422
0.0449831485748291
0.04632163047790527
0.045758962631225586
0.04511213302612305
0.04474520683288574
0.043549537658691406
0.04126334190368652
0.045940399169921875
0.043877363204956055
0.044072628021240234
0.04497122764587402
0.045126914978027344
0.04306769371032715
0.04389333724975586
0.04501175880432129
0.0443117618560791
0.04549431800842285
0.04502582550048828
0.04505348205566406
0.04365277290344238
0.04465055465698242
0.04347348213195801
0.047684431076049805
0.04509115219116211
0.04629683494567871
0.042000532150268555
0.04649090766906738
0.04593038558959961
0.043797969818115234
0.04528164863586426
0.04640078544616699
0.0460050106048584
0.04311776161193848
0.047356367111206055
0.04511117935180664
0.045084238052368164
0.042958974838256836
0.04438066482543945
0.04719686508178711
0.04637598991394043
0.04691028594970703
0.04198098182678223
0.045630693435668945
0.04453897476196289
0.12553024291992188
0.042207956314086914
0.04600882530212402
0.04578590393066406
0.04482674598693848
0.04747605323791504
0.04297924041748047
0.04651784896850586
0.04365658760070801
0.044237613677978516
0.04320168495178223
0.04284381866455078
0.04259037971496582
0.04741263389587402
0.0452268123626709
0.04636430740356445
0.04566192626953125
0.044252872467041016
0.0442349910736084
0.046036481857299805
0.04661226272583008
0.045214176177978516
0.04423069953918457
0.04174947738647461
0.045412540435791016
0.042058467864990234
0.04635977745056152
0.0415346622467041
0.04462790489196777
0.042847633361816406
0.04508185386657715
0.04505753517150879
0.045162200927734375
0.043721914291381836
0.04448843002319336
0.04179644584655762
0.0448148250579834
0.04496407508850098
0.044157981872558594
0.043309926986694336
0.04645705223083496
0.04351234436035156
0.046329498291015625
0.045900821685791016
0.046034812927246094
0.0470890998840332
0.042855262756347656
0.04599642753601074
0.0441436767578125
0.04537653923034668
0.04274892807006836
0.04512214660644531
0.04460644721984863
0.046509742736816406
0.04751443862915039
0.04193878173828125
0.046149253845214844
0.04628586769104004
0.045684814453125
0.04594993591308594
0.04605674743652344
0.04651069641113281
0.043337106704711914
0.04719138145446777
0.04500985145568848
0.04655790328979492
0.0414736270904541
0.04368305206298828
0.046966552734375
0.045084476470947266
0.044924259185791016
0.044025421142578125
0.04540300369262695
0.04509401321411133
0.04428386688232422
0.04596304893493652
0.046454429626464844
0.04546689987182617
0.044497013092041016
0.041925907135009766
0.043515920639038086
0.04451417922973633
0.04506230354309082
0.047684431076049805
0.04290270805358887
0.047020912170410156
0.0426182746887207
0.0462191104888916
0.04704713821411133
0.04646134376525879
0.04760408401489258
0.04522538185119629
0.04417157173156738
0.04722452163696289
0.0465087890625
0.12953543663024902
0.04497647285461426
0.04628443717956543
0.04547476768493652
0.041663408279418945
0.04700922966003418
0.042568206787109375
0.046407461166381836
0.045133352279663086
0.04438900947570801
0.04241371154785156
0.046538352966308594
0.043610334396362305
0.04413294792175293
0.047300100326538086
0.04210209846496582
0.04317808151245117
0.04662680625915527
0.046120643615722656
0.047315359115600586
0.04608559608459473
0.046502113342285156
0.04277396202087402
0.04711461067199707
0.04270005226135254
0.04404926300048828
0.04302692413330078
0.0465083122253418
0.045249223709106445
0.04654431343078613
0.04346728324890137
0.04628896713256836
0.047306060791015625
0.04021120071411133
0.04731130599975586
0.04499101638793945
0.04422140121459961
0.04728341102600098
0.04648900032043457
0.04717373847961426
0.04528689384460449
0.04409432411193848
0.045342445373535156
0.044925689697265625
0.04472541809082031
0.04647016525268555
0.04555344581604004
0.04470491409301758
0.04445791244506836
0.04240775108337402
0.04634428024291992
0.04325151443481445
0.04583454132080078
0.04574131965637207
0.04517674446105957
0.04557538032531738
0.0438685417175293
0.04772019386291504
0.042827606201171875
0.044062137603759766
0.04530143737792969
0.04408860206604004
0.04391598701477051
0.04671335220336914
0.04227900505065918
0.04642081260681152
0.04754376411437988
0.041854143142700195
0.047414541244506836
0.040404558181762695
0.04636693000793457
0.04578113555908203
0.04374074935913086
0.043549299240112305
0.04593062400817871
0.042278289794921875
0.04467368125915527
0.04290294647216797
0.04588603973388672
0.045789480209350586
0.04617476463317871
0.04633593559265137
0.04190230369567871
0.047307729721069336
0.04514622688293457
0.04418516159057617
0.047127723693847656
0.04452347755432129
0.042856693267822266
0.04626274108886719
0.0459897518157959
0.04194164276123047
0.04518842697143555
0.04179644584655762
0.04738664627075195
0.04051828384399414
0.14129209518432617
0.04436373710632324
0.04598569869995117
0.04485630989074707
0.04744696617126465
0.045127153396606445
0.04645800590515137
0.04537320137023926
0.04654097557067871
0.047383785247802734
0.04487919807434082
0.04638552665710449
0.04519939422607422
0.04451394081115723
0.04691815376281738
0.04534602165222168
0.046128273010253906
0.0461118221282959
0.04633927345275879
0.04770612716674805
0.04503941535949707
0.0464632511138916
0.04532909393310547
0.046499013900756836
0.04432845115661621
0.046033620834350586
0.0474545955657959
0.045836448669433594
0.046324729919433594
0.045450448989868164
0.04534578323364258
0.04735755920410156
0.042962074279785156
0.04742264747619629
0.042922258377075195
0.044144630432128906
0.04503679275512695
0.046411991119384766
0.04307150840759277
0.04645895957946777
0.045282840728759766
0.04471778869628906
0.04739499092102051
0.04511713981628418
0.04628705978393555
0.042711496353149414
0.04433178901672363
0.04468488693237305
0.04511237144470215
0.04340195655822754
0.04614543914794922
0.04437589645385742
0.04440116882324219
0.04611063003540039
0.04307222366333008
0.046478986740112305
0.043555259704589844
0.04643964767456055
0.045226335525512695
0.04415416717529297
0.044161081314086914
0.04429197311401367
0.04495716094970703
0.04638862609863281
0.045697689056396484
0.044228315353393555
0.046389102935791016
0.04717516899108887
0.044567108154296875
0.047008514404296875
0.04500722885131836
0.0450439453125
0.04491114616394043
0.04649519920349121
0.041684865951538086
0.04584002494812012
0.04270672798156738
0.04643702507019043
0.045027971267700195
0.04372453689575195
0.04746389389038086
0.04575920104980469
0.046509504318237305
0.043192386627197266
0.04427957534790039
0.04597592353820801
0.046111345291137695
0.04544782638549805
0.04516911506652832
0.04406905174255371
0.0451662540435791
0.046228647232055664
0.04494190216064453
0.046410560607910156
0.0446932315826416
0.1291050910949707
0.04642057418823242
0.04306197166442871
0.04404020309448242
0.04746651649475098
0.042763710021972656
0.046552181243896484
0.04338192939758301
0.04428458213806152
0.04212522506713867
0.04417896270751953
0.04610705375671387
0.04361391067504883
0.044675350189208984
0.04424715042114258
0.047441720962524414
0.043297529220581055
0.04516768455505371
0.04487252235412598
0.04439401626586914
0.039980173110961914
0.04646658897399902
0.042824506759643555
0.044206857681274414
0.04539632797241211
0.04423046112060547
0.046601057052612305
0.04613924026489258
0.04720664024353027
0.045600175857543945
0.04598188400268555
0.04506993293762207
0.04502081871032715
0.04520773887634277
0.044103384017944336
0.04338812828063965
0.04322695732116699
0.047348737716674805
0.04239320755004883
0.04600954055786133
0.04676032066345215
0.04516196250915527
0.04568195343017578
0.04341459274291992
0.05021238327026367
0.046977996826171875
0.04404926300048828
0.043143272399902344
0.04557609558105469
0.04536771774291992
0.04468369483947754
0.043910980224609375
0.042708635330200195
0.046221017837524414
0.04282736778259277
0.044397830963134766
0.042929887771606445
0.04615902900695801
0.04487729072570801
0.045288801193237305
0.044651031494140625
0.044049978256225586
0.04319286346435547
0.04386496543884277
0.04499244689941406
0.044852256774902344
0.04637765884399414
0.04292130470275879
0.04633903503417969
0.04554581642150879
0.04620814323425293
0.04718732833862305
0.04277801513671875
0.04613614082336426
0.04319000244140625
0.04653525352478027
0.04533195495605469
0.04585838317871094
0.04700636863708496
0.04603314399719238
0.0462031364440918
0.04550814628601074
0.04417085647583008
0.04173135757446289
0.045812129974365234
0.0453495979309082
0.04372382164001465
0.044995784759521484
0.0420536994934082
0.04701709747314453
0.042890310287475586
0.04630160331726074
0.045000314712524414
0.04648900032043457
0.04751181602478027
0.12321996688842773
0.04400992393493652
0.04713797569274902
0.04602694511413574
0.04537153244018555
0.04138612747192383
0.046320199966430664
0.04689741134643555
0.04637575149536133
0.045438289642333984
0.0443272590637207