0.05490374565124512
0.04406261444091797
0.05167365074157715
0.047403812408447266
0.05147838592529297
0.04363751411437988
0.053957462310791016
0.044142961502075195
0.05287528038024902
0.04374241828918457
0.053965091705322266
0.04537630081176758
0.05712580680847168
0.04486370086669922
0.05560779571533203
0.04442620277404785
0.05435585975646973
0.04487919807434082
0.05499625205993652
0.04585433006286621
0.19299697875976562
0.05092263221740723
0.045371055603027344
0.047402143478393555
0.04455709457397461
0.044525146484375
0.05922746658325195
0.06206560134887695
0.0837256908416748
0.04444622993469238
0.04820823669433594
0.0485386848449707
0.0457003116607666
0.05070757865905762
0.046050071716308594
0.05363750457763672
0.044153451919555664
0.05087709426879883
0.04413485527038574
0.05480241775512695
0.04420971870422363
0.05281496047973633
0.046903371810913086
0.0589909553527832
0.0460662841796875
0.05522918701171875
0.17659568786621094
0.04512453079223633
0.0542597770690918
0.04386115074157715
0.05078840255737305
0.04463529586791992
0.05564761161804199
0.04891705513000488
0.05303668975830078
0.04379558563232422
0.05304408073425293
0.04806923866271973
0.05499100685119629
0.04438424110412598
0.05346941947937012
0.04427838325500488
0.05287623405456543
0.045166969299316406
0.04988718032836914
0.04770946502685547
0.04974532127380371
0.04517698287963867
0.048577308654785156
0.04987192153930664
0.04471087455749512
0.045909881591796875
0.044281005859375
0.192413330078125
0.05492830276489258
0.04397320747375488
0.05552339553833008
0.04529452323913574
0.05445218086242676
0.04459786415100098
0.05389285087585449
0.04456496238708496
0.0547029972076416
0.044461965560913086
0.05822277069091797
0.044571638107299805
0.053253173828125
0.04504823684692383
0.05262875556945801
0.04445338249206543
0.05613541603088379
0.04449462890625
0.05245542526245117
0.044701337814331055
0.049768924713134766
0.04617452621459961
0.05805230140686035
0.04381585121154785
0.053369760513305664
0.04420971870422363
0.17729568481445312
0.045722007751464844
0.05541586875915527
0.04413795471191406
0.05351543426513672
0.04436826705932617
0.04803633689880371
0.044234514236450195
0.060511112213134766
0.04514026641845703
0.053530216217041016
0.0465390682220459
0.047196388244628906
0.043846845626831055
0.05240511894226074
0.044389963150024414
0.05505490303039551
0.04681754112243652
0.05666327476501465
0.043981075286865234
0.054558753967285156
0.043500423431396484
0.05228376388549805
0.04415178298950195