0.1076
0.0965
0.0964
0.0949
0.0631
0.0631
0.0670
0.0630
0.0628
0.0675
0.0638
0.0684
0.0677
0.0634
0.0634
0.0631
0.0629
0.0654
0.0631
0.0640
0.0629
0.0639
0.0635
0.0681
0.0629
0.0631
0.0676
0.0629
0.0635
0.0630
0.0627
0.0643
0.0646
0.0629
0.0629
0.0629
0.0637
0.0677
0.0641
0.0634
0.0867
0.0692
0.0640
0.0638
0.0629
0.0650
0.0632
0.0655
0.0630
0.0655
0.0940
0.0939
0.0934
0.0943
0.0941
0.0940
0.0939
0.0943
0.0939
0.0938
0.0937
0.0942
0.0937
0.0938
0.0935
0.0933
0.0938
0.0935
0.0946
0.0938
0.0938
0.1018
0.0935
0.0937
0.0936
0.0941
0.0986
0.0938
0.0937
0.0982
0.0968
0.0954
0.1054
0.1008
0.0661
0.0954
0.0965
0.0961
0.0946
0.0946
0.0941
0.0640
0.0950
0.0939
0.0936
0.0934
0.0942
0.0936
0.0939
0.0938
0.0943
0.0941
0.0938
0.0969
0.0940
0.0939
0.0948
0.0982
0.0983
0.0636
0.0931
0.0934
0.0936
0.0935
0.0936
0.0634
0.0973
0.0941
0.0632
0.0930
0.0941
0.0635
0.0960
0.0633
0.0657
0.0629
0.0631
0.0637
0.0940
0.0980
0.0633
0.0628
0.0630
0.0679
0.0635
0.0631
0.0630
0.0631
0.0631
0.0630
0.0630
0.0978
0.0945
0.0632
0.0627
0.0632
0.0629
0.0630
0.0664
0.0634
0.0632
0.0680
0.0632
0.0631
0.0674
0.0629
0.0631
0.0681
0.0630
0.0634
0.0683
0.0641
0.0638
0.0686
0.0642
0.0640
0.0678
0.0632
0.0633
0.0638
0.0630
0.0655
0.0634
0.0630
0.0656
0.0628
0.0641
0.0630
0.0630
0.0661
0.0674
0.0712
0.0629
0.0984
0.0675
0.0632
0.1004
0.0653
0.0632
0.0632
0.0631
0.0939
0.0635
0.0633
0.0941
0.0634
0.0631
0.0672
0.0630
0.0630
0.0991
0.0658
0.0666
0.0627
0.0635
0.0630
0.0633
0.0686
0.0630
0.0944
0.0674
0.0936
0.0630
0.0631
0.0677
0.0632
0.0938
0.0630
0.0937
0.0643
0.0936
0.0639
0.0676
0.0631
0.0634
0.0668
0.0631
0.0630
0.0631
0.0629
0.0631
0.0628
0.0625
0.0654
0.0629
0.0633
0.0678
0.0663
0.0948
0.0941
0.0977
0.0633
0.0631
0.0635
0.0631
0.0664
0.0629
0.0633
0.0629
0.0943
0.0685
0.0991
0.0635
0.0632
0.0647
0.0631
0.0647
0.0674
0.0629
0.0632
0.0628
0.0629
0.0629
0.0630
0.0630
0.0673
0.0643
0.0629
0.0633
0.0633
0.0943
0.0632
0.0629
0.0642
0.0658
0.0675
0.0630
0.0656
0.0675
0.0630
0.0678
0.0992
0.0676
0.0635
0.0676
0.0632
0.0631
0.0676
0.0628
0.0638
0.0635
0.0630
0.0628
0.0632
0.0627
0.0679
0.0986
0.0636
0.0630
0.0633
0.0641
0.0634
0.0985
0.0693
0.0634
0.0678
0.0680
0.0657
0.0989
0.0760
0.0681
0.0989
0.0637
0.0678
0.0675
0.0996
0.0686
0.0634
0.0681
0.0633
0.0943
0.0939
0.0676
0.0960
0.0634
0.0636
0.0628
0.0629
0.0631
0.0632
0.0637
0.0630
0.0631
0.0630
0.0632
0.0630
0.0628
0.0678
0.0633
0.0633
0.0945
0.0632
0.0629
0.0939
0.0634
0.0630
0.0631
0.0656
0.0630
0.0940
0.0635
0.0692
0.0634
0.0634
0.0639
0.0633
0.0634
0.0633
0.0632
0.0634
0.0633
0.0633
0.0636
0.0634
0.0992
0.0635
0.0681
0.0635
0.0632
0.0643
0.0632
0.0630
0.0633
0.0634
0.0632
0.0646
0.0634
0.0634
0.0632
0.0633
0.0634
0.0637
0.0685
0.0638
0.0639
0.0639
0.0955
0.0946
0.0634
0.0954
0.0640
0.0632
0.0630
0.0679
0.0638
0.0635
0.0637
0.0638
0.0637
0.0649
0.0636
0.0657
0.0693
0.0983
0.0989
0.0680
0.0677
0.1000
0.0965
0.0659
0.0633
0.0633
0.0632
0.0633
0.0630
0.0631
0.0633
0.0634
0.0645
0.0636
0.0675
0.0632
0.0651
0.0943
0.0637
0.0647
0.0632
0.0632
0.0643
0.0663
0.0630
0.0942
0.0959
0.0951
0.0635
0.0632
0.0629
0.0642
0.0629
0.0678
0.0637
0.0634
0.0677
0.0632
0.0631
0.0645
0.0633
0.0628
0.0638
0.0633
0.0633
0.0642
0.0642
0.0680
0.0672
0.0654
0.0645
0.0674
0.0654
0.0644
0.0661
0.0645
0.0648
0.0635
0.0625
0.0678
0.0630
0.0630
0.0658
0.0627
0.0641
0.0675
0.0642
0.0626
0.0944
0.0632
0.0943
0.0634
0.0639
0.0633
0.0638
0.0633
0.0629
0.0654
0.0665
0.0663
0.0631
0.0631
0.0626
0.0674
0.0629
0.0630
0.0628
0.0628
0.0631
0.0674
0.0672
0.0650
0.0635
0.0635
0.0990
0.0944
0.0633
0.0635
0.0630
0.0673
0.0629
0.0640
0.0686
0.0628
0.0640
0.0643
0.0624
0.0673
0.0672
0.0634
0.0664
0.0631
0.0631
0.0631
0.0629
0.0629
0.0663
0.0952
0.0628
0.0647
0.0673
0.0636
0.0675
0.0635
0.0644
0.0639
0.0632
0.0950
0.0639
0.0662
0.0629
0.0633
0.0649
0.0632
0.0998
0.0663
0.0636
0.0627
0.0677
0.0635
0.0630
0.0673
0.0629
0.0951
0.0636
0.0676
0.0629
0.0633
0.0677
0.0693
0.0647
0.0675
0.0676
0.0681
0.0684
0.0636
0.0631
0.0677
0.0628
0.0630
0.0629
0.0640
0.0674
0.0629
0.0943
0.0636
0.0630
0.0639
0.0673
0.0679
0.0628
0.0648
0.0671
0.0630
0.0672
0.0630
0.0640
0.0679
0.0626
0.0631
0.0672
0.0630
0.0635
0.0676
0.0951
0.0634
0.0627
0.0669
0.0625
0.0627
0.0626
0.0632
0.0642
0.0625
0.0938
0.0693
0.0634
0.0628
0.0636
0.0635
0.0629
0.0631
0.0629
0.0630
0.0665
0.0631
0.0628
0.0637
0.0629
0.0630
0.0628
0.0629
0.0629
0.0628
0.0637
0.0637
0.0638
0.0636
0.0676
0.0629
0.0647
0.0628
0.0630
0.0634
0.0628
0.0640
0.0637
0.0633
0.0663
0.0668
0.0636
0.0632
0.0674
0.0630
0.0672
0.0631
0.0633
0.0643
0.0630
0.0632
0.0669
0.0636
0.0684
0.0631
0.0628
0.0643
0.0646
0.0628
0.0652
0.0625
0.0625
0.0675
0.0628
0.0629
0.0666
0.0629
0.0630
0.0648
0.0631
0.0661
0.0677
0.0630
0.0670
0.0658
0.0653
0.0641
0.0626
0.0634
0.0697
0.0630
0.0629
0.0634
0.0628
0.0626
0.0673
0.0639
0.0630
0.0640
0.0631
0.0685
0.0631
0.0632
0.0670
0.0631
0.0627
0.0634
0.0629
0.0633
0.0648
0.0629
0.0654
0.0628
0.0668
0.0672
0.0630
0.0636
0.0676
0.0630
0.0674
0.0697
0.0635
0.0632
0.0671
0.0645
0.0629
0.0632
0.0630
0.0675
0.0677
0.0627
0.0675
0.0657
0.0630
0.0629
0.0626
0.0632
0.0633
0.0626
0.0634
0.0635
0.0629
0.0631
0.0629
0.0956
0.0631
0.0636
0.0627
0.0630
0.0673
0.0627
0.0645
0.0672
0.0627
0.0629
0.0628
0.0630
0.0635
0.0627
0.0680
0.0635
0.0626
0.0640
0.0647
0.0626
0.0654
0.0629
0.0635
0.0676
0.0635
0.0633
0.0674
0.0678
0.0645
0.0677
0.0632
0.0630
0.0636
0.0627
0.0626
0.0642
0.0626
0.0671
0.0647
0.0633
0.0627
0.0627
0.0631
0.0634
0.0631
0.0673
0.0631
0.0630
0.0626
0.0648
0.0633
0.0628
0.0627
0.0649
0.0649
0.0629
0.0636
0.0631
0.0629
0.0646
0.0670
0.0634
0.0650
0.0632
0.0630
0.0653
0.0630
0.0630
0.0628
0.0645
0.0631
0.0635
0.0627
0.0632
0.0701
0.0633
0.0675
0.0654
0.0629
0.0664
0.0627
0.0626
0.0632
0.0626
0.0630
0.0628
0.0625
0.0630
0.0625
0.0628
0.0628
0.0626
0.0675
0.0663
0.0628
0.0648
0.0626
0.0626
0.0630
0.0633
0.0628
0.0663
0.0628
0.0627
0.0654
0.0629
0.0672
0.0630
0.0629
0.0673
0.0664
0.0651
0.0655
0.0641
0.0644
0.0648
0.0629
0.0634
0.0640
0.0640
0.0653
0.0696
0.0669
0.0680
0.0702
0.0631
0.0681
0.0630
0.0950
0.0661
0.0631
0.0639
0.0629
0.0629
0.0631
0.0627
0.0630
0.0647
0.0697
0.0664
0.0662
0.0684
0.0743
0.0641
0.0645
0.1051
0.0632
0.0630
0.0630
0.0742
0.0629
0.0631
0.0693
0.0640
0.0632
0.0675
0.0940
0.0632
0.0641
0.0632
0.0634
0.0682
0.0633
0.0630
0.0644
0.0626
0.0630
0.0634
0.0634
0.0631
0.0630
0.0631
0.0671
0.0630
0.0638
0.0673
0.0624
0.0629
0.0673
0.0627
0.0631
0.0832
0.0690
0.0648
0.0640
0.0634
0.0633
0.0674
0.0638
0.0628
0.0677
0.0639
0.0655
0.0631
0.0631
0.0661
0.0628
0.0941
0.0637
0.0635
0.0628
0.0627
0.0629
0.0630
0.0645
0.0628
0.0640
0.0634
0.0629
0.0628
0.0982
0.0968
0.0679
0.0650
0.0642
0.0628
0.0632
0.0632
0.0628
0.0631
0.0628
0.0633
0.0628
0.0669
0.0636
0.0693
0.0643
0.0662
0.0721
0.0688
0.0647
0.0631
0.0678
0.0630
0.0628
0.0625
0.0667
0.0668
0.0630
0.0691
0.0685
0.0648
0.0647
0.0688
0.0638
0.0633
0.0678
0.0647
0.0635
0.0636
0.0635
0.0645
0.0682
0.0658
0.0642
0.0677
0.0633
0.0638
0.0634
0.0636
0.0636
0.0633
0.0636
0.0675
0.0632
0.0636
0.0964
0.0992
0.0632
0.0631
0.0674
0.0636
0.0632
0.0651
0.0645
0.0632
0.0634
0.0629
0.0658
0.0633
0.0630
0.0634
0.0630
0.0630
0.0633
0.0666
0.0636
0.0681
0.0633
0.0636
0.0639
0.0630
0.0639
0.0632
0.0629
0.0644
0.0640
0.0634
0.0683
0.0630
0.0632
0.0654
0.0634
0.0631
0.0630
0.0658
0.0960
0.0659
0.0645
0.0634
0.0643
0.0634
0.0631
0.0649
0.0690
0.0770
0.0640
0.0649
0.0631
0.0634
0.0637
0.0639
0.0734
0.0644
0.0637
0.0634
0.0634
0.0639
0.0639
0.0639
0.0646
0.0633
0.0631
0.0680
0.0630
0.0640
0.0683
0.0641
0.0632
0.0639
0.0631
0.0651
0.0680
0.0634
0.0679
0.0679
0.0631
0.0680
0.0657
0.0632
0.0654
0.0633
0.0632
0.0679
0.0632
0.0633
0.0677
0.0632
0.0637
0.0682
0.0628
0.0632
0.0677
0.0632
0.0629
0.0633
0.0634
0.0636
0.0633
0.0631
0.0678
0.0634
0.0631
0.0663
0.0639
0.0635
0.0651
0.0630
0.0637
0.0632
0.0663
0.0762
0.0687
0.0636
0.0953
0.0663
0.0629
0.0630
0.0656
0.0637
0.0633
0.0668
0.0633
0.0640
0.0635
0.0634
0.0634
0.0679
0.0629
0.0634
0.0632
0.0633
0.2384
0.0643
0.0647
0.0635
0.0635
0.0637
0.0631
0.0680
0.0678
0.0634
0.0632
0.0633
0.0632
0.0662
0.0629
0.0634
0.0650
0.0632
0.0631
0.0678
0.0631
0.0633
0.0682
0.0636
0.0633
0.0678
0.0635
0.0630
0.0631
0.0643
0.0682
0.0634
0.0635
0.0656
0.0635
0.0638
0.0653
0.0636
0.0638
0.0682
0.0636
0.0642
0.0694
0.0631
0.0631
0.0643
0.0637
0.0678
0.0635
0.0635
0.0673
0.0632
0.0635
0.0638
0.0635
0.0635
0.0679
0.0635
0.0635
0.0677
0.0635
0.0635
0.0643
0.0636
0.0645
0.0633
0.0634
0.0641
0.0641
0.0661
0.0656
0.0638
0.0638
0.0676
0.0634
0.0638
0.0640
0.0642
0.0646
0.0630
0.0632
0.0670
0.0654
0.0632
0.0636
0.0636
0.0636
0.0668
0.0641
0.0646
0.0638
0.0636
0.0647
0.0639
0.0633
0.0680
0.0637
0.0636
0.0634
0.0636
0.0637
0.0633
0.0635
0.0638
0.0631
0.0632
0.0678
0.0628
0.0631
0.0687
0.0628
0.0630
0.0678
0.0636
0.0678
0.0635
0.0631
0.0635
0.0630
0.0635
0.0633
0.0634
0.0639
0.0672
0.0632
0.0635
0.0674
0.0631
0.0631
0.0675
0.0630
0.0637
0.0676
0.0633
0.0631
0.0638
0.0632
0.0634
0.0632
0.0633
0.0643
0.0633
0.0632
0.0634
0.0629
0.0668
0.0632
0.0629
0.0639
0.0633
0.0629
0.0634
0.0638
0.0637
0.0635
0.0635
0.0674
0.0634
0.0631
0.0631
0.0632
0.0630
0.0658
0.0633
0.0633
0.0682
0.0634
0.0632
0.0632
0.0634
0.0994
0.0689
0.0631
0.0639
0.0680
0.0633
0.0633
0.0703
0.0676
0.0632
0.0646
0.0636
0.0632
0.0632
0.0632
0.0676
0.0633
0.0632
0.0634
0.0636
0.0631
0.0632
0.0628
0.0683
0.0953
0.0642
0.0643
0.0980
0.0681
0.0992
0.0992
0.0643
0.0666
0.0670
0.0642
0.0647
0.0676
0.0633
0.0629
0.0680
0.0965
0.0939
0.0939
0.0944
0.0639
0.0682
0.0635
0.0688
0.0635
0.0635
0.0658
0.0654
0.0635
0.0634
0.0634
0.0632
0.0633
0.0653
0.0651
0.0665
0.0634
0.0641
0.0647
0.0648
0.0643
0.0691
0.0636
0.0655
0.0637
0.0633
0.0632
0.0650
0.0632
0.0672
0.0635
0.0633
0.0635
0.0634
0.0633
0.0633
0.0629
0.0634
0.0682
0.0642
0.0638
0.0637
0.0635
0.0636
0.0634
0.0633
0.0677
0.0634
0.0630
0.0634
0.0631
0.0633
0.0633
0.0648
0.0651
0.0681
0.0630
0.0634
0.0640
0.0630
0.0633
0.0641
0.0631
0.0671
0.0637
0.0632
0.0673
0.0626
0.0631
0.0698
0.0638
0.0646
0.1003
0.0634
0.0627
0.0657
0.0631
0.0628
0.0675
0.0658
0.0637
0.0630
0.0627
0.0637
0.0678
0.0658
0.0631
0.0690
0.0628
0.0635
0.0628
0.0648
0.0681
0.0631
0.0631
0.0629
0.0629
0.0627
0.0677
0.0637
0.0633
0.0635
0.0629
0.0679
0.0631
0.0635
0.0945
0.0635
0.0631
0.0632
0.0630
0.0631
0.0631
0.0627
0.0631
0.0631
0.0630
0.0632
0.0652
0.0630
0.0630
0.0646
0.0646
0.0656
0.0635
0.0637
0.0704
0.0676
0.0632
0.0675
0.0636
0.0632
0.0633
0.0660
0.0632
0.0677
0.0627
0.0632
0.0998
0.0978
0.0669
0.0630
0.0640
0.0629
0.0632
0.0649
0.0630
0.0631
0.0654
0.0627
0.0669
0.0669
0.0630
0.0646
0.0636
0.0640
0.0637
0.0629
0.0644
0.0680
0.0631
0.0632
0.0629
0.0631
0.0637
0.0631
0.0631
0.0669
0.0860
0.0646
0.0632
0.0678
0.0633
0.0678
0.0678
0.0638
0.0651
0.0632
0.0648
0.0640
0.0673
0.0636
0.0678
0.0670
0.0654
0.0681
0.0676
0.0642
0.0635
0.0640
0.0636
0.0635
0.0643
0.0640
0.0643
0.0697
0.0661
0.0665
0.0659
0.0636
0.0633
0.0633
0.0662
0.0636
0.0638
0.0655
0.0640
0.0632
0.0645
0.0632
0.0630
0.0632
0.0629
0.0633
0.0632
0.0628
0.0632
0.0634
0.0630
0.0632
0.0631
0.0634
0.0634
0.0687
0.0638
0.0630
0.0626
0.0632
0.0632
0.0632
0.0630
0.0631
0.0630
0.0677
0.0629
0.0631
0.0650
0.0632
0.0647
0.0631
0.0632
0.0672
0.0625
0.0644
0.0678
0.0629
0.0629
0.0677
0.0631
0.0668
0.0629
0.0632
0.0642
0.0678
0.0631
0.0679
0.0717
0.0639
0.0632
0.0958
0.0652
0.0629
0.0630
0.0642
0.0631
0.0672
0.0635
0.0646
0.0681
0.0632
0.0635
0.0678
0.0626
0.0655
0.0631
0.0641
0.0682
0.0632
0.0636
0.0634
0.0632
0.0637
0.0628
0.0633
0.0632
0.0630
0.0943
0.0641
0.0637
0.0634
0.0632
0.0639
0.0627
0.0632
0.0630
0.0631
0.0684
0.0628
0.0631
0.0676
0.0630
0.0637
0.0645
0.0630
0.0630
0.0647
0.0627
0.0632
0.0635
0.0629
0.0632
0.0630
0.0630
0.0634
0.0649
0.0633
0.0658
0.0626
0.0632
0.0628
0.0631
0.0634
0.0701
0.0706
0.0676
0.0693
0.0750
0.0765
0.0771
0.0687
0.0665
0.0639
0.0633
0.0630
0.0669
0.0631
0.0637
0.0635
0.0636
0.0657
0.0675
0.0630
0.0673
0.0637
0.0653
0.0642
0.0630
0.0634
0.0634
0.0633
0.0628
0.0681
0.0655
0.0637
0.0697
0.0646
0.0631
0.0707
0.0997
0.0681
0.0628
0.0673
0.0630
0.0662
0.0675
0.0633
0.0653
0.0635
0.0634
0.0992
0.0637
0.0635
0.0653
0.0680
0.0633
0.0632
0.0695
0.0665
0.0629
0.0639
0.0630
0.0634
0.0636
0.0632
0.0630
0.0630
0.0627
0.0631
0.0628
0.0633
0.0629
0.0632
0.0630
0.0630
0.0629
0.0633
0.0627
0.0630
0.0631
0.0629
0.0632
0.0629
0.0627
0.0661
0.0632
0.0637
0.0630
0.0632
0.0638
0.0629
0.0631
0.0629
0.0628
0.0633
0.0640
0.0632
0.0629
0.0675
0.0629
0.0635
0.0632
0.0636
0.0631
0.0631
0.0627
0.0632
0.0627
0.0631
0.0630
0.0640
0.0632
0.0646
0.0628
0.0630
0.0647
0.0633
0.0676
0.0666
0.0633
0.0631
0.0632
0.0636
0.0633
0.0634
0.0674
0.0681
0.0627
0.0631
0.0635
0.0651
0.0662
0.0694
0.0722
0.0717
0.0727
0.0726
0.0699
0.0686
0.0632
0.0630
0.0677
0.0638
0.0625
0.0689
0.0648
0.0632
0.0677
0.0633
0.0633
0.0636
0.0632
0.0635
0.0629
0.0631
0.0675
0.0692
0.0757
0.0669
0.0642
0.0695
0.0887
0.0698
0.0654
0.0636
0.0642
0.0631
0.0629
0.0674
0.0628
0.0637
0.0628
0.0629
0.0631
0.0628
0.0633
0.0634
0.0631
0.0634
0.0653
0.0630
0.0630
0.0631
0.0630
0.0643
0.0635
0.0635
0.0654
0.0634
0.0648
0.0636
0.0640
0.0637
0.0631
0.0635
0.0674
0.0631
0.0638
0.0634
0.0630
0.0632
0.0630
0.0632
0.0634
0.0636
0.0633
0.0644
0.0632
0.0639
0.0695
0.0647
0.0638
0.0678
0.0672
0.0658
0.0679
0.0635
0.0636
0.0685
0.0641
0.0637
0.0782
0.0647
0.0644
0.0679
0.0633
0.0633
0.0628
0.0632
0.0639
0.0632
0.0630
0.0631
0.0633
0.0631
0.0642
0.0634
0.0667
0.0666
0.0635
0.0677
0.0651
0.0628
0.0628
0.0633
0.0631
0.0674
0.0627
0.0632
0.0679
0.0632
0.0628
0.0671
0.0630
0.0670
0.0671
0.0678
0.0634
0.0630
0.0630
0.0629
0.0630
0.0632
0.0631
0.0631
0.0628
0.0680
0.0629
0.0707
0.0656
0.0632
0.0671
0.0647
0.0631
0.0632
0.0644
0.0630
0.0671
0.0640
0.0630
0.0684
0.0633
0.0645
0.0676
0.0636
0.0642
0.0681
0.0656
0.0637
0.0651
0.0638
0.0633
0.0633
0.0633
0.0650
0.0627
0.0631
0.0641
0.0635
0.0636
0.0684
0.0631
0.0679
0.0697
0.0640
0.0637
0.0631
0.0629
0.0630
0.0634
0.0700
0.0762
0.0634
0.0631
0.0647
0.0647
0.0672
0.0700
0.0677
0.0639
0.0676
0.0648
0.0632
0.0679
0.0649
0.0640
0.0630
0.0630
0.0633
0.0676
0.0631
0.0633
0.0676
0.0678
0.0678
0.0672
0.0633
0.0630
0.0638
0.0636
0.0635
0.0638
0.0631
0.0655
0.0637
0.0654
0.0676
0.0669
0.0681
0.0681