0.04812049865722656
0.04782247543334961
0.0478515625
0.04764389991760254
0.04784703254699707
0.13977384567260742
0.047759056091308594
0.04772186279296875
0.04809117317199707
0.04796123504638672
0.048065900802612305
0.048010826110839844
0.04803299903869629
0.04798126220703125
0.04803729057312012
0.047464847564697266
0.04804062843322754
0.04757857322692871
0.04793882369995117
0.04799342155456543
0.047995805740356445
0.04787445068359375
0.0480649471282959
0.047925472259521484
0.0475468635559082
0.047423362731933594
0.048037052154541016
0.04805898666381836
0.0477297306060791
0.04781150817871094
0.13791346549987793
0.04781913757324219
0.04777336120605469
0.04803061485290527
0.049640655517578125
0.04755711555480957
0.0480806827545166
0.0480344295501709
0.04770374298095703
0.04742312431335449
0.04790806770324707
0.047910451889038086
0.04702448844909668
0.047389984130859375
0.04688143730163574
0.0473635196685791
0.048049211502075195
0.04818224906921387
0.04754948616027832
0.04757404327392578
0.04787588119506836
0.04969954490661621
0.04808640480041504
0.04799485206604004
0.04782462120056152
0.047408342361450195
0.04802870750427246
0.15049195289611816
0.04785728454589844
0.04805493354797363
0.0478816032409668
0.04770326614379883
0.047797203063964844
0.04738640785217285
0.04728078842163086
0.04754209518432617
0.047158002853393555
0.047985076904296875
0.048052072525024414
0.048337697982788086
0.04819297790527344
0.04782390594482422
0.048580169677734375
0.04811906814575195
0.04908156394958496
0.04787182807922363
0.047745466232299805
0.04780459403991699
0.047768592834472656
0.04756617546081543
0.04772067070007324
0.047693729400634766
0.047842979431152344
0.04793739318847656
0.13675284385681152
0.047911882400512695
0.04766273498535156
0.04798603057861328
0.047881126403808594
0.04799914360046387
0.04792141914367676
0.04795527458190918
0.04775738716125488
0.04749655723571777
0.048044443130493164
0.04800891876220703
0.04742932319641113
0.047312259674072266
0.047609806060791016
0.048014163970947266
0.048509836196899414
0.048088788986206055
0.04733896255493164
0.04753708839416504
0.047393083572387695
0.04774808883666992
0.04784893989562988
0.047524452209472656
0.047766923904418945
0.13619494438171387
0.04754805564880371
0.04759335517883301
0.04925799369812012
0.047872066497802734
0.047751665115356445
0.048134803771972656
0.04792284965515137
0.04722404479980469
0.04736065864562988
0.047072649002075195
0.04804396629333496
0.04681110382080078
0.04848599433898926
0.048352718353271484