0.02044367790222168
0.02704143524169922
0.03339385986328125
0.019639968872070312
0.021507978439331055
0.02382373809814453
0.03444552421569824
0.02039813995361328
0.020408153533935547
0.027563810348510742
0.031116485595703125
0.020650148391723633
0.02040386199951172
0.030144214630126953
0.029692649841308594
0.020019054412841797
0.02028512954711914
0.02402186393737793
0.03499174118041992
0.020268917083740234
0.020674467086791992
0.02292013168334961
0.03570103645324707
0.021066904067993164
0.020415306091308594
0.03029942512512207
0.02914595603942871
0.021230459213256836
0.02050948143005371
0.02489495277404785
0.033075809478759766
0.020483016967773438
0.02014470100402832
0.024936914443969727
0.0336611270904541
0.020903587341308594
0.020984411239624023
0.029313325881958008
0.03160285949707031
0.021080493927001953
0.020528554916381836
0.02419114112854004
0.03209114074707031
0.019653797149658203
0.019599437713623047
0.02089548110961914
0.04057598114013672
0.02040886878967285
0.020409107208251953
0.027338027954101562
0.029077529907226562
0.02072596549987793
0.020116806030273438
0.025435209274291992
0.03506612777709961
0.020465612411499023
0.021114587783813477
0.023501157760620117
0.03607892990112305
0.020707368850708008
0.020689964294433594
0.022521257400512695
0.02672410011291504
0.022524595260620117
0.020877361297607422
0.020716190338134766
0.02767324447631836
0.022342681884765625
0.02053999900817871
0.01996326446533203
0.022305965423583984
0.024494647979736328
0.021224498748779297
0.0198519229888916
0.01991724967956543
0.025918960571289062
0.02282094955444336
0.020302772521972656
0.020392894744873047
0.023084163665771484
0.0252988338470459
0.021320819854736328
0.12594103813171387
0.021410226821899414
0.02821207046508789
0.022034645080566406
0.020460128784179688
0.019941091537475586
0.025262832641601562
0.023756742477416992
0.020670652389526367
0.02150726318359375
0.022990703582763672
0.02479386329650879
0.019742727279663086
0.020638704299926758
0.02053236961364746
0.025696754455566406
0.02336430549621582
0.021281719207763672
0.021454811096191406
0.020553112030029297
0.026247501373291016
0.022490739822387695
0.01963043212890625
0.01960444450378418
0.024749755859375
0.02412247657775879
0.0207061767578125
0.020542383193969727
0.023194074630737305
0.02740168571472168
0.02150869369506836
0.020395517349243164
0.020631074905395508
0.026134252548217773
0.02180314064025879
0.020658493041992188
0.019983530044555664
0.023093700408935547
0.02608942985534668
0.021131515502929688
0.019936561584472656
0.019879579544067383
0.02658367156982422
0.0240628719329834
0.02071094512939453
0.020308971405029297
0.022136926651000977
0.028216123580932617
0.020804882049560547
0.01997089385986328
0.020109891891479492
0.02686333656311035
0.021219968795776367
0.02115321159362793