0.029489994049072266
0.02985072135925293
0.02919316291809082
0.029120206832885742
0.02897357940673828
0.029231786727905273
0.029453277587890625
0.03141045570373535
0.029015064239501953
0.028990745544433594
0.02899336814880371
0.029135465621948242
0.0290682315826416
0.12655353546142578
0.030376672744750977
0.029208898544311523
0.029287099838256836
0.02931380271911621
0.029292821884155273
0.029314279556274414
0.029263019561767578
0.02922797203063965
0.029368877410888672
0.029317855834960938
0.02910900115966797
0.029031753540039062
0.029070377349853516
0.028952598571777344
0.028995037078857422
0.0291898250579834
0.029245376586914062
0.02913069725036621
0.0295107364654541
0.029022693634033203
0.02916097640991211
0.029049396514892578
0.029041290283203125
0.029010772705078125
0.02906942367553711
0.028972625732421875
0.029778242111206055
0.043509483337402344
0.03681445121765137
0.038788557052612305
0.02995920181274414
0.029284000396728516
0.02905559539794922
0.028972387313842773
0.029000043869018555
0.02895832061767578
0.029041528701782227
0.02901625633239746
0.029023408889770508
0.028956174850463867
0.029087543487548828
0.1114506721496582
0.029146909713745117
0.0290982723236084
0.029157638549804688
0.029062509536743164
0.0291595458984375
0.02911376953125
0.029120683670043945
0.029623985290527344
0.029363393783569336
0.02941131591796875
0.029439210891723633
0.0293276309967041
0.02936100959777832
0.029347896575927734
0.029119491577148438
0.02901291847229004
0.028923511505126953
0.028979778289794922
0.029225826263427734
0.029006004333496094
0.031068086624145508
0.029053449630737305
0.029029130935668945
0.029064416885375977
0.029093503952026367
0.029009103775024414
0.029104232788085938
0.02888798713684082
0.02927684783935547
0.029255390167236328
0.02914595603942871
0.02910327911376953
0.02922797203063965
0.02913188934326172
0.029104948043823242
0.028965234756469727
0.02899932861328125
0.029750585556030273
0.029203414916992188
0.029179096221923828
0.11204719543457031
0.02936697006225586
0.02935481071472168
0.029373645782470703
0.02938246726989746
0.029483795166015625
0.029237985610961914
0.029317855834960938
0.029230594635009766
0.02931070327758789
0.029633045196533203
0.029744863510131836
0.029270410537719727
0.029279470443725586
0.0291290283203125
0.02925276756286621
0.02924799919128418
0.029398679733276367
0.029360294342041016
0.029224872589111328
0.02910757064819336
0.02908945083618164
0.029018640518188477
0.029018640518188477
0.028957605361938477
0.029124975204467773
0.029025554656982422
0.029140472412109375
0.02916264533996582
0.0289919376373291
0.029483795166015625
0.029316425323486328
0.029685497283935547
0.02948737144470215
0.02925562858581543
0.02919149398803711
0.02957892417907715
0.029437780380249023
0.0292205810546875
0.029204607009887695
0.02935647964477539
0.11132526397705078
0.029344558715820312
0.030264854431152344
0.02909374237060547
0.028983592987060547
0.028986215591430664
0.029165983200073242
0.02915167808532715
0.02945566177368164
0.02936077117919922
0.0291898250579834
0.029277563095092773
0.029310941696166992
0.028966426849365234
0.028991222381591797
0.029267549514770508
0.029060840606689453
0.02915644645690918
0.030169248580932617
0.029719114303588867
0.0289309024810791
0.030994415283203125
0.029993534088134766
0.028994083404541016
0.02895498275756836
0.029102563858032227
0.029313325881958008
0.0337369441986084
0.029120206832885742
0.029142141342163086
0.029053926467895508
0.0289609432220459
0.029009103775024414
0.029082775115966797
0.028935670852661133
0.02912735939025879
0.028996944427490234
0.029124736785888672
0.02906012535095215
0.029103994369506836
0.028987884521484375
0.029013872146606445
0.1125798225402832
0.02906656265258789
0.028877973556518555
0.029101133346557617