0.010651350021362305
0.016547203063964844
0.014939069747924805
0.011570930480957031
0.010278463363647461
0.01033473014831543
0.010275840759277344
0.010297536849975586
0.010273456573486328
0.012375354766845703
0.013326406478881836
0.016659259796142578
0.010524749755859375
0.010279417037963867
0.010366439819335938
0.01027059555053711
0.010558843612670898
0.01029062271118164
0.011960506439208984
0.017052173614501953
0.013213634490966797
0.011154413223266602
0.010277986526489258
0.010274410247802734
0.010277032852172852
0.010263442993164062
0.010582685470581055
0.016147851943969727
0.015012025833129883
0.01070261001586914
0.010337352752685547
0.010277986526489258
0.010289430618286133
0.010280132293701172
0.01020669937133789
0.013428926467895508
0.015011072158813477
0.01418924331665039
0.011180400848388672
0.010321378707885742
0.010364770889282227
0.010268688201904297
0.01027536392211914
0.01030111312866211
0.016466140747070312
0.013415813446044922
0.011359453201293945
0.01027536392211914
0.010239124298095703
0.010295629501342773
0.010283231735229492
0.01023244857788086
0.011982917785644531
0.01592278480529785
0.014394998550415039
0.010238170623779297
0.010206937789916992
0.010487079620361328
0.010244369506835938
0.010204076766967773
0.010245800018310547
0.01432037353515625
0.016370773315429688
0.012306690216064453
0.01023554801940918
0.0102996826171875
0.010179519653320312
0.01032257080078125
0.010331392288208008
0.010472536087036133
0.017978906631469727
0.01324152946472168
0.01068258285522461
0.010282039642333984
0.010248899459838867
0.010267257690429688
0.01023721694946289
0.01021265983581543
0.015317678451538086
0.013411283493041992
0.013987064361572266
0.010230541229248047
0.010221719741821289
0.010183572769165039
0.01022648811340332
0.01026010513305664
0.01025390625
0.01401972770690918
0.016141891479492188
0.01138162612915039
0.010289192199707031
0.010289669036865234
0.010231256484985352
0.010285377502441406
0.010280370712280273
0.010426998138427734
0.012994766235351562
0.017147064208984375
0.010363101959228516
0.010310173034667969
0.010416507720947266
0.010762453079223633
0.010252714157104492
0.010230064392089844
0.010556697845458984
0.01733112335205078
0.12376260757446289
0.010507583618164062
0.010895729064941406
0.010388851165771484
0.010377168655395508
0.010327339172363281
0.01271510124206543
0.017578840255737305
0.011173009872436523
0.010342836380004883
0.010436296463012695
0.010395526885986328
0.010474443435668945
0.010386943817138672
0.01034998893737793
0.016521215438842773
0.013643026351928711
0.013281583786010742
0.01040339469909668
0.010357141494750977
0.010411977767944336
0.010375261306762695
0.010370492935180664
0.01470041275024414
0.017516613006591797
0.011397838592529297
0.010258674621582031
0.010419130325317383
0.010332345962524414
0.010216236114501953
0.010284662246704102
0.010989189147949219
0.015935659408569336
0.013124942779541016
0.010717391967773438
0.010357856750488281
0.010302066802978516
0.010315418243408203
0.010354042053222656
0.010272741317749023
0.016185283660888672
0.01323556900024414
0.013466358184814453
0.010343790054321289
0.010305404663085938
0.01037287712097168
0.010364532470703125
0.010301589965820312
0.010250568389892578
0.015210151672363281
0.01736307144165039
0.011560678482055664
0.0102691650390625
0.010287761688232422
0.010326385498046875
0.010320186614990234
0.01029205322265625
0.011910676956176758
0.01693415641784668
0.013012409210205078
0.010535478591918945
0.010290384292602539
0.010250568389892578
0.010281562805175781
0.01031494140625
0.010286092758178711
0.017632246017456055
0.013882875442504883
0.010640621185302734
0.010193347930908203
0.010303497314453125
0.010263681411743164
0.010270833969116211
0.010301589965820312
0.013209819793701172
0.013251781463623047
0.0164186954498291