0.7004
0.2337
0.1865
0.1831
0.1902
0.1946
0.1907
0.1885
0.1902
0.1915
0.1913
0.1969
0.1916
0.1918
0.1919
0.1924
0.2394
0.1907
0.2444
0.2340
0.1918
0.2466
0.2001
0.1973
0.2420
0.2347
0.1908
0.1900
0.1912
0.1927
0.1908
0.1968
0.2407
0.2377
0.2434
0.2401
0.1961
0.2471
0.2439
0.2405
0.2489
0.2422
0.1983
0.2404
0.2421
0.2446
0.2419
0.2430
0.2373
0.2400
0.2377
0.2388
0.2388
0.2418
0.2410
0.2460
0.2373
0.2465
0.2414
0.2436
0.2450
0.2417
0.2471
0.2413
0.1945
0.2424
0.2442
0.2363
0.2369
0.2380
0.2416
0.2348
0.2378
0.2440
0.2422
0.2429
0.2643
0.2418
0.2433
0.1968
0.2377
0.2451
0.2458
0.2502
0.2406
0.2436
0.2412
0.1998
0.2441
0.1974
0.2390
0.2421
0.2443
0.2369
0.2423
0.2433
0.2377
0.2530
0.2420
0.2550
0.2441
0.2002
0.2011
0.2496
0.2469
0.2533
0.2437
0.2539
0.2429
0.2477
0.2407
0.2437
0.1953
0.2468
0.2390
0.2573
0.2415
0.2503
0.2432
0.2490
0.1989
0.2400
0.4348
0.2391
0.2360
0.2483
0.2400
0.1948
0.1895
0.2321
0.2463
0.2616
0.2488
0.2372
0.2457
0.2372
0.2358
0.1970
0.1992
0.2508
0.2416
0.2493
0.2448
0.2529
0.2006
0.2423
0.1985
0.2501
0.2471
0.2589
0.1976
0.2038
0.2542
0.2460
0.2382
0.2435
0.2408
0.2425
0.2471
0.1990
0.2449
0.2003
0.2532
0.1980
0.1982
0.2405
0.1973
0.1983
0.2501
0.2447
0.2434
0.2442
0.1960
0.1981
0.1955
0.2427
0.2473
0.2403
0.1993
0.2489
0.1988
0.2408
0.1961
0.1974
0.1991
0.1949
0.1996
0.2422
0.2516
0.2520
0.1993
0.2008
0.2011
0.1988
0.2034
0.2477
0.1982
0.2423
0.2499
0.2395
0.1978
0.1988
0.2506
0.2453
0.2467
0.2425
0.1996
0.2109
0.2516
0.2463
0.2506
0.2604
0.2552
0.2448
0.2523
0.2581
0.2539
0.2426
0.2019
0.1991
0.2484
0.2454
0.2490
0.2412
0.2451
0.2442
0.1968
0.2378
0.2561
0.1982
0.2416
0.2008
0.2076
0.2503
0.1983
0.1975
0.1992
0.2501
0.2602
0.2384
0.2485
0.2087
0.2360
0.1953
0.2481
0.1998
0.1986
0.2391
0.2394
0.2438
0.2069
0.1966
0.1983
0.1962
0.2388
0.2554
0.2407
0.2494
0.1985
0.2554
0.2484
0.2003
0.1996
0.2017
0.2400
0.2490
0.2409
0.2425
0.2517
0.1993
0.1945
0.2367
0.2429
0.2383
0.2472
0.1961
0.1936
0.1951
0.1936
0.1962
0.1982
0.1952
0.1966
0.1974
0.1984
0.1961
0.1963
0.2012
0.1996
0.2009
0.1971
0.1968
0.1971
0.1978
0.1972
0.1964
0.2420
0.1983
0.2470
0.2029
0.2028
0.2056
0.2458
0.2026
0.2523
0.1989
0.1997
0.1973
0.1959
0.1965
0.2014
0.2423
0.1994
0.1997
0.2483
0.2434
0.2002
0.2009
0.1984
0.2509
0.2446
0.2525
0.2038
0.2442
0.2555
0.2016
0.2019
0.2026
0.2021
0.2428
0.2511
0.2016
0.2034
0.2426
0.1979
0.1984
0.2483
0.1986
0.2443
0.2495
0.2471
0.2454
0.1981
0.1952
0.1978
0.1979
0.1995
0.2003
0.1979
0.1995
0.1990
0.2077
0.2001
0.1985
0.1977
0.2497
0.1977
0.1967
0.1959
0.1975
0.2423
0.1972
0.2595
0.3708
0.1949
0.1958
0.1971
0.1965
0.1972
0.1992
0.1976
0.1984
0.2015
0.1977
0.1986
0.2499
0.2440
0.1963
0.1972
0.1960
0.1954
0.1926
0.1930
0.1964
0.2392
0.2538
0.2394
0.1987
0.1970
0.1997
0.1994
0.1985
0.1984
0.1991
0.1937
0.1939
0.1954
0.1969
0.1985
0.2021
0.1973
0.1992
0.2005
0.2518
0.1957
0.2461
0.2378
0.2433
0.2397
0.2350
0.1961
0.1954
0.1997
0.1975
0.1980
0.1978
0.1985
0.1992
0.1989
0.1983
0.1981
0.2005
0.1980
0.1992
0.2006
0.1966
0.1941
0.1926
0.1935
0.1949
0.1951
0.1959
0.1999
0.2010
0.2010
0.1965
0.2402
0.1971
0.1962
0.1952
0.2354
0.1962
0.2490
0.2009
0.1980
0.1976
0.2007
0.1990
0.1971
0.2415
0.2001
0.2413
0.1979
0.1960
0.1965
0.1925
0.1943
0.1944
0.1940
0.1945
0.1940
0.1947
0.1929
0.1969
0.1958
0.1977
0.1970
0.1981
0.1981
0.1989
0.1962
0.1964
0.2446
0.2009
0.2430
0.1959
0.2061
0.2010
0.1979
0.2433
0.2405
0.1948
0.1964
0.2014
0.1990
0.1955
0.2024
0.1985
0.2003
0.1987
0.1955
0.1961
0.1957
0.2018
0.1984
0.1965
0.1973
0.2000
0.1987
0.1968
0.2386
0.2421
0.2396
0.2541
0.1921
0.1927
0.1911
0.1956
0.1962
0.2421
0.1959
0.1948
0.1965
0.1991
0.1964
0.1951
0.1952
0.2000
0.2007
0.1994
0.1955
0.1962
0.1976
0.1992
0.1961
0.1920
0.1963
0.1960
0.1950
0.1998
0.2463
0.1982
0.1996
0.2013
0.1974
0.1982
0.1957
0.1950
0.1956
0.1951
0.1958
0.1969
0.2437
0.1953
0.2411
0.1979
0.1954
0.1949
0.1928
0.1950
0.2368
0.2460
0.2458
0.2491
0.2063
0.2012
0.2021
0.2627
0.2002
0.1940
0.1902
0.1937
0.1927
0.1970
0.2011
0.1977
0.2011
0.1973
0.1935
0.1906
0.1903
0.1944
0.1957
0.1949
0.2401
0.1883
0.1962
0.1894
0.2345
0.1935
0.1920
0.1972
0.1978
0.1996
0.1997
0.1925
0.1948
0.1901
0.1933
0.1961
0.1916
0.1916
0.1908
0.1920
0.1914
0.1903
0.1927
0.1909
0.1929
0.1917
0.1897
0.1901
0.1925
0.1904
0.1907
0.1906
0.1909
0.1942
0.1936
0.1922
0.1961
0.1924
0.1955
0.1932
0.1962
0.1963
0.2351
0.1998
0.2389
0.1918
0.1944
0.1900
0.1923
0.1936
0.1926
0.1981
0.1928
0.1924
0.1942
0.1926
0.1980
0.3797
0.1962
0.1939
0.1935
0.1991
0.1978
0.2017
0.2016
0.1975
0.2025
0.1981
0.2021
0.1959
0.1934
0.1973
0.1972
0.1940
0.1916
0.1945
0.1928
0.1952
0.2011
0.2008
0.1962
0.1965
0.1940
0.2471
0.2008
0.1968
0.1964
0.1947
0.1947
0.1940
0.1933
0.1942
0.1935
0.1903
0.1904
0.2342
0.2340
0.2082
0.1906
0.1873
0.1876
0.1895
0.1911
0.1861
0.1848
0.1860
0.1936
0.1999
0.2016
0.1922
0.1934
0.1908
0.1922
0.1953
0.1955
0.2432
0.1915
0.1927
0.1915
0.1896
0.1934
0.1945
0.1924
0.1939
0.1928
0.1909
0.1934
0.1950
0.1976
0.1917
0.1940
0.1927
0.1932
0.1909
0.1944
0.1934
0.1968
0.1882
0.1918
0.1848
0.1843
0.1842
0.1839
0.1852
0.1900
0.1929
0.1892
0.1918
0.1876
0.1967
0.1918
0.1929
0.1909
0.1930
0.1961
0.1966
0.1952
0.2437
0.1972
0.2002
0.1981
0.1974
0.2007
0.2081
0.2034
0.2020
0.1979
0.2027
0.2076
0.1968
0.1901
0.1890
0.1875
0.1890
0.1961
0.1983
0.1957
0.1959
0.1962
0.1985
0.2029
0.1997
0.2042
0.1983
0.1988
0.1997
0.1901
0.2017
0.1961
0.2053
0.2037
0.2009
0.1978
0.1962
0.2039
0.2001
0.1988
0.2000
0.1939
0.1949
0.1962
0.1935
0.1994
0.1991
0.1992
0.2019
0.2039
0.1978
0.1954
0.2032
0.2060
0.2039
0.2087
0.1983
0.2469
0.1997
0.1977
0.1937
0.1941
0.1909
0.1946
0.1946
0.1983
0.1958
0.1979
0.2034
0.1987
0.2008
0.1997
0.2002
0.2024
0.1974
0.2013
0.2054
0.1981
0.2007
0.2081
0.1985
0.1979
0.2052
0.1994
0.1961
0.1978
0.1964
0.1968
0.2026
0.2012
0.2013
0.1964
0.1997
0.2453
0.1963
0.1971
0.1971
0.2002
0.2045
0.1987
0.1996
0.1985
0.1950
0.1954
0.1994
0.1941
0.1972
0.1938
0.1980
0.1970
0.1972
0.1953
0.1994
0.2011
0.1982
0.1989
0.1997
0.1973
0.2017
0.2040
0.2015
0.1987
0.2019
0.2005
0.1992
0.2046
0.2017
0.1969
0.1998
0.1990
0.1995
0.2453
0.2439
0.2019
0.2018
0.1989
0.1998
0.2004
0.2024
0.2008
0.2022
0.1950
0.2004
0.1996
0.2032
0.2037
0.2005
0.1960
0.1974
0.1970
0.1962
0.1981
0.1939
0.2006
0.1950
0.2416
0.1941
0.1987
0.1962
0.1931
0.1917
0.1899
0.1912
0.1889
0.1874
0.1906
0.1893
0.1912
0.1930
0.1965
0.2015
0.2184
0.2090
0.2113
0.2017
0.2174
0.2073
0.2053
0.1992
0.1958
0.1932
0.1947
0.1955
0.1889
0.1909
0.1914
0.1927
0.1909
0.1889
0.1926
0.1936
0.1950
0.1914
0.3581
0.1945
0.1921
0.1986
0.1977
0.1963
0.1973
0.1915
0.1978
0.1984
0.1965
0.1981
0.2003
0.1952
0.1965
0.1962
0.1898
0.1891
0.1876
0.1894
0.2375
0.1889
0.1957
0.1923
0.1943
0.1951
0.1960
0.1955
0.2487
0.1956
0.1952
0.1916
0.1956
0.2007
0.2344
0.1933
0.2356
0.1971
0.1978
0.1933
0.2348
0.1905
0.1926
0.1924
0.1941
0.1955
0.1899
0.1932
0.1930
0.1962
0.1927
0.2033
0.1954
0.1975
0.1977
0.1978
0.1963
0.1993
0.2034
0.2149
0.1977
0.1999
0.1953
0.1981
0.1937
0.1944
0.1985
0.2433
0.1975
0.1946
0.1931
0.1968
0.2034
0.1943
0.1960
0.2012
0.1993
0.2022
0.2002
0.2041
0.2025
0.2008
0.1993
0.2031
0.1993
0.1990
0.1999
0.1975
0.1979
0.1984
0.1988
0.1960
0.1956
0.1978
0.1976
0.1961
0.1954
0.1975
0.1942
0.1998
0.1978
0.1968
0.1942
0.1937
0.1976
0.1980
0.1959
0.1972
0.1957
0.1954
0.2011
0.1988
0.1999
0.1980
0.1967
0.1996
0.1997
0.1999
0.2008
0.2018
0.1964
0.1970
0.1989
0.1996
0.1978
0.2001
0.2006
0.2002
0.2002
0.2018
0.2014
0.1996
0.1998
0.2057
0.1972
0.1944
0.1968
0.1994
0.1971
0.2045
0.2001
0.1997
0.1970
0.1961
0.1969
0.1979
0.1983
0.1999
0.1996
0.2002
0.1938
0.1959
0.1960
0.1958
0.1926
0.1940
0.1938
0.1939
0.1971
0.1990
0.1965
0.1943
0.1958
0.1964
0.1915
0.1956
0.1955
0.1976
0.1911
0.1907
0.2067
0.1924
0.1964
0.2018
0.1935
0.2079
0.1974
0.1973
0.1966
0.1978
0.2065
0.2003
0.1961
0.1952
0.1951
0.2038
0.1958
0.1982
0.2389
0.1962
0.2058
0.1928
0.1925
0.2008
0.1977
0.2125
0.1998
0.2008
0.1941
0.1929
0.2089
0.1947
0.1985
0.2003
0.1972
0.2108
0.1964
0.1968
0.1983
0.1964
0.2055
0.1901
0.1937
0.1997
0.1911
0.2087
0.1909
0.1912
0.1936
0.1962
0.2010
0.1943
0.1959
0.1977
0.1974
0.1935
0.1943
0.1975
0.1977
0.1956
0.1953
0.1928
0.1947
0.1965
0.1957
0.1981
0.1940
0.1988
0.1970
0.1936
0.1985
0.1916
0.1922
0.1928
0.1949
0.2009
0.1995
0.1975
0.1965
0.1986
0.1967
0.2038
0.1925
0.1929
0.1979
0.1959
0.2081
0.1990
0.1935
0.1934
0.1902
0.2096
0.1921
0.1951
0.1923
0.1947
0.2027
0.1902
0.1902
0.1962
0.1963
0.2020
0.1982
0.1974
0.1984
0.1923
0.1988
0.1967
0.1942
0.1920
0.1920
0.1915
0.1914
0.1917
0.1926
0.1969
0.1955
0.2007
0.1886
0.1925
0.1917
0.1905
0.1917
0.1896
0.1904
0.1957
0.1920
0.1948
0.1982
0.1978
0.1951
0.1928
0.1967
0.1977
0.1978
0.1958
0.1962
0.1963
0.1931
0.1897
0.3608
0.2005
0.2219
0.1980
0.1956
0.1941
0.1929
0.1932
0.2000
0.1935
0.1982
0.2013
0.1974
0.2005
0.2040
0.2012
0.1987
0.2005
0.1990
0.2450
0.1930
0.1913
0.1926
0.1949
0.1917
0.1938
0.2424
0.2435
0.2037
0.2038
0.1996
0.2002
0.2443
0.2002
0.1993
0.1956
0.1967
0.2006
0.1943
0.1965
0.1975
0.1968
0.1944
0.1994
0.1967
0.1955
0.1992
0.1985
0.1969
0.1956
0.2069
0.2084
0.1966
0.1986
0.2068
0.1994
0.1963
0.2000
0.2008
0.1968
0.1987
0.2000
0.1986
0.2001
0.2015
0.1984
0.2002
0.1995
0.2014
0.1995
0.2149
0.1985
0.1948
0.1983
0.1962
0.1960
0.2557
0.1925
0.2034
0.1959
0.1933
0.1964
0.1956
0.1980
0.1952
0.1949
0.1951
0.1949
0.1998
0.1979
0.1981
0.2008
0.2395
0.1947
0.1939
0.1980
0.1977
0.1929
0.1951
0.1955
0.1974
0.1962
0.1972
0.1994
0.1997
0.2002
0.1984
0.1983
0.2028
0.2032
0.1999
0.1988
0.1993
0.2051
0.2015
0.2002
0.2004
0.1941
0.1975
0.1983
0.1966
0.1955
0.1979
0.1990
0.1979
0.1953
0.1969
0.1966
0.1984
0.2009
0.2029
0.1950
0.1954
0.1954
0.1969
0.1952
0.1923
0.1969
0.1941
0.1973
0.1971
0.1955
0.1978
0.1917
0.1921
0.1923
0.1961
0.1941
0.1941
0.1983
0.2046
0.1994
0.1973
0.1988
0.2025
0.1982
0.2034
0.1968
0.1982
0.1989
0.1961
0.2000
0.1951
0.1931
0.1944
0.1930
0.1934
0.1924
0.1899
0.1890
0.1917
0.1981
0.1950
0.1952
0.1965
0.1971
0.1962
0.2014
0.1955
0.2006
0.2008
0.2000
0.1985
0.1985
0.1955
0.2005
0.1999
0.1953
0.1999
0.1967
0.1956
0.1920
0.1943
0.1916
0.1920
0.1917
0.1913
0.1894
0.1908
0.1924
0.1942
0.1931
0.1971
0.1940
0.1931
0.1961
0.1944
0.1946
0.1923
0.1961
0.1949
0.1949
0.1945
0.1915
0.1906
0.1950
0.1953
0.1928
0.1952
0.1892
0.1930
0.1909
0.1878
0.1951
0.1912
0.1917
0.1909
0.1889
0.1913
0.1904
0.1920
0.1919
0.1943
0.1934
0.1950
0.1931
0.1958
0.1958
0.1943
0.1938
0.1929
0.1957
0.1957
0.1927
0.1961
0.1961
0.1966
0.1997
0.1933
0.1941
0.1942
0.1940
0.1984
0.2006
0.1956
0.1913
0.1932
0.1973
0.1967
0.1943
0.1937
0.1960
0.1943
0.1961
0.1949
0.1964
0.1923
0.1922
0.1922
0.1926
0.1955
0.1931
0.1939
0.1936
0.1930
0.1942
0.1937
0.1923
0.1918
0.1930
0.1932
0.1945
0.1969
0.1960
0.1950
0.1943
0.1937
0.2004
0.1894
0.1952
0.1902
0.1931
0.1928
0.1938
0.1922
0.1907
0.1902
0.1918
0.1932
0.1893
0.1931
0.1935
0.1911
0.1938
0.1961
0.1960
0.1943
0.1943
0.1972
0.1957
0.1958
0.1931
0.1949
0.1940
0.1936
0.1921
0.1922
0.1892
0.1918
0.1916
0.1952
0.1921
0.1932
0.1933
0.1901
0.1917
0.1909
0.1908
0.1922
0.1911
0.1913
0.1908
0.1921
0.1917
0.2058
0.1942
0.1922
0.1956
0.1928
0.1927
0.1931
0.1939
0.1955
0.1965
0.1951
0.1945
0.1882
0.1969
0.1897
0.1938
0.1959
0.1919
0.1923
0.2367
0.1924
0.1938
0.1967
0.2086
0.1912
0.1946
0.2218
0.1979
0.1918
0.1941
0.1934
0.1969
0.1947
0.1938
0.1931
0.1911
0.1944
0.1935
0.1940
0.1921
0.1898
0.1951
0.1932
0.1944
0.1927
0.1928
0.1896
0.1931
0.1953
0.1946
0.1909
0.1972
0.2002
0.1950
0.1956
0.1921
0.1920
0.1929
0.1931
0.1886
0.2026
0.1974
0.1968
0.1936
0.1924
0.1926
0.1945
0.1945
0.3608
0.1940
0.1986
0.1972
0.1942
0.1963
0.1935
0.1955
0.2009
0.1981
0.1974
0.2023
0.1999
0.1995
0.1982
0.1986
0.1983
0.1941
0.1985
0.2009
0.1893
0.1870
0.1907
0.1873
0.1909
0.1838
0.1903
0.1895
0.1965
0.1935
0.1967
0.2018
0.1979
0.2008
0.2014
0.1970
0.1984
0.1963
0.1954
0.2098
0.2130
0.2008
0.2009
0.2002
0.1934
0.1937
0.1905
0.1897
0.1905
0.1920
0.1887
0.1885
0.1911
0.1891
0.1919
0.1949
0.1929
0.1944
0.1932
0.1937
0.1929
0.1894
0.1910
0.1866
0.1855
0.1872
0.1895
0.1846
0.1826
0.1820
0.1836
0.1808
0.1830
0.1820
0.1812
0.1793
0.1792
0.1867
0.1922
0.1888
0.1912
0.1971
0.1962
0.1979
0.2000
0.1958
0.2020
0.2053
0.2014
0.1975
0.1940
0.2009
0.1986
0.1983
0.1985
0.1975
0.1994
0.1959
0.1960
0.1896
0.1877
0.1866
0.1907
0.1903
0.1908
0.1933
0.1934
0.1979
0.1987
0.1985
0.1991
0.2003
0.1986
0.2030
0.1997
0.2032
0.1975
0.1945
0.1946
0.1905
0.1883
0.1878
0.1931
0.1895
0.1912
0.1927
0.1902
0.1909
0.1915
0.1917
0.1842
0.1832
0.1866
0.1896
0.1858
0.1899
0.1923
0.1874
0.1924
0.1835
0.1858
0.1868
0.1895
0.1877
0.1871
0.1844
0.1820
0.1825
0.1855
0.1828
0.1828
0.1850
0.1812
0.1799
0.1834
0.1857
0.1889
0.1898
0.1857
0.1847
0.1854
0.1868
0.1895
0.1883
0.1890
0.1890
0.1896
0.1884
0.1824
0.1857
0.1850
0.1883
0.1907
0.1849
0.1813
0.1834
0.1849
0.1841
0.1878
0.1861
0.1888
0.1872
0.1852
0.1892
0.1900
0.1906
0.1905
0.1843
0.1878
0.1866
0.1850
0.1887
0.1954
0.1913
0.1874
0.1848
0.1858
0.1873
0.1821
0.1826
0.1853
0.1845
0.1836
0.1850
0.1858
0.1813
0.1838
0.1864
0.1888
0.1883
0.1899
0.1853
0.1853
0.1938
0.1951
0.1933
0.1913
0.1963
0.1971
0.1920
0.1878
0.1904
0.1910
0.1911
0.1851
0.1885
0.1900
0.1887
0.1915
0.1920
0.1866
0.1909
0.1909
0.1824
0.1873
0.1932
0.1934
0.1933
0.1935
0.1924
0.1899
0.1892
0.1903
0.1908
0.1938
0.1922
0.1992
0.1872
0.1885
0.2409
0.1835
0.1854
0.1888
0.1895
0.1867
0.1871
0.1895
0.1919
0.1889
0.1873
0.1890
0.1910
0.2437
0.1886
0.1849
0.1919
0.2535
0.2056
0.1907
0.1912
0.1916
0.1882
0.2311
0.1883
0.2269
0.1849
0.1892
0.1896
0.1813
0.1832
0.1858
0.1854
0.1833
0.1862
0.1837
0.1855
0.2005
0.1910
0.1920
0.1910
0.1907
0.1921
0.1880
0.1902
0.1934
0.1872
0.1836
0.1964
0.1920
0.1879
0.1876
0.1871
0.1866
0.1846
0.1799
0.1862
0.1884
0.1876
0.1869
0.1893
0.1901
0.1869
0.1849
0.1896
0.1913
0.1922
0.1933
0.1887
0.1877
0.1935
0.1954
0.1972
0.1906
0.1869
0.1870
0.1893
0.1862
0.1883
0.1885
0.1881
0.1886
0.1858
0.1851
0.1868
0.1876
0.1870
0.1880
0.1914
0.1921
0.1858
0.1838
0.1914
0.1921
0.2022
0.1971
0.1965
0.1959
0.1916
0.1888
0.1901
0.1911
0.1959
0.1905
0.1886
0.1849
0.1898
0.1890
0.1871
0.1854
0.1885
0.1877
0.1862
0.1899
0.1960
0.1943
0.1931
0.1941
0.1916
0.1898
0.1883
0.1907
0.1920
0.1901
0.1895
0.1889
0.1886
0.1893
0.1887
0.1874
0.1879
0.1890
0.1849
0.1842
0.1868
0.1896
0.1901
0.1898
0.1895
0.1926
0.1940
0.1905
0.1867
0.1881
0.1921
0.1923
0.1926
0.1920
0.1893
0.1919
0.1913
0.1921
0.1897
0.1889
0.1881
0.1921
0.1884
0.1880
0.1868
0.1878
0.1903
0.1854
0.1854
0.1913
0.1911
0.1932
0.1934
0.1929
0.1907
0.1897
0.1914
0.1887
0.1864
0.3747
0.1982
0.1918
0.1891
0.1953
0.1939
0.1917
0.1904
0.1882
0.1820
0.1875
0.1893
0.1890
0.1877
0.1871
0.1931
0.1923
0.1875
0.1870
0.1897
0.1928
0.1927
0.1921
0.1904
0.1894
0.1920
0.1923
0.1906
0.1867
0.1855
0.1893
0.1910
0.1895
0.1912
0.1927
0.1888
0.1908
0.1904
0.1826
0.1871
0.1907
0.1935
0.1922
0.1910
0.1936
0.1914
0.1918
0.1929
0.1908
0.1931
0.1896
0.1907
0.1918
0.1921
0.1911
0.1906
0.1919
0.1931
0.1973
0.1905
0.1872
0.1820
0.1885
0.1902
0.1927
0.1903
0.1869
0.1894
0.1940
0.1944
0.1884
0.1877
0.1908
0.1932
0.1945
0.1935
0.1921
0.1918
0.1942
0.1936
0.1952
0.1942
0.1922
0.1927
0.1857
0.1866
0.1905
0.1911
0.1891
0.1893
0.1919
0.1904
0.1942
0.1952
0.1974
0.1889
0.1868
0.1934
0.1942
0.1963
0.1974
0.1970
0.1949
0.1919
0.1889
0.1912
0.1913
0.1895
0.1823
0.1863
0.1918
0.1904
0.1892
0.1863
0.1882
0.1934
0.1852
0.1825
0.1903
0.1921
0.1924
0.1915
0.1918
0.1893
0.1919
0.1933
0.1890
0.1855
0.1889
0.1916
0.1929
0.1940
0.1930
0.1875
0.1879
0.1885
0.1875
0.1883
0.1876
0.1896
0.1893
0.1880
0.1869
0.1940
0.1979
0.1949
0.1941
0.1902
0.1890
0.1935
0.1920
0.1939