0.6121
0.2274
0.1551
0.1540
0.1551
0.1559
0.1561
0.1554
0.1576
0.1594
0.1546
0.1576
0.2334
0.2259
0.2371
0.2283
0.2250
0.2368
0.2360
0.2229
0.2346
0.2361
0.2261
0.2315
0.2375
0.2262
0.2272
0.2294
0.2289
0.2210
0.2329
0.2388
0.2374
0.2326
0.2312
0.2259
0.2361
0.2386
0.2282
0.2359
0.2336
0.2247
0.2271
0.2299
0.2512
0.2413
0.2344
0.2248
0.2343
0.2356
0.2241
0.2383
0.2331
0.2264
0.2263
0.2320
0.2334
0.2252
0.2309
0.2311
0.2237
0.2314
0.2324
0.2271
0.2262
0.2368
0.2369
0.2366
0.2336
0.2336
0.2415
0.2335
0.2265
0.2319
0.2327
0.2300
0.2317
0.2328
0.2322
0.2292
0.2398
0.2368
0.2356
0.2373
0.2280
0.2306
0.2306
0.2297
0.2240
0.2312
0.2307
0.2265
0.2323
0.2319
0.2253
0.2231
0.2311
0.2306
0.2261
0.2283
0.2335
0.2348
0.2310
0.2359
0.1550
0.1550
0.1544
0.2425
0.2289
0.2415
0.2355
0.2260
0.2364
0.2335
0.2268
0.2320
0.2509
0.2235
0.2307
0.2320
0.2252
0.2273
0.2390
0.2304
0.2314
0.2365
0.1549
0.2325
0.2301
0.2242
0.2334
0.2298
0.2322
0.2390
0.1568
0.2270
0.2311
0.2338
0.2261
0.2345
0.2321
0.2234
0.2311
0.1544
0.2217
0.2310
0.2535
0.2380
0.2472
0.2419
0.1549
0.1543
0.1546
0.2426
0.2398
0.2357
0.1548
0.2319
0.2361
0.2467
0.2328
0.2402
0.2297
0.2326
0.2443
0.2424
0.2289
0.2449
0.2274
0.2532
0.1542
0.2425
0.2468
0.2357
0.2556
0.1543
0.2427
0.2500
0.2307
0.1540
0.1676
0.2442
0.1557
0.1543
0.2385
0.1542
0.2314
0.1536
0.2338
0.1537
0.1579
0.1537
0.1645
0.1546
0.1540
0.1572
0.1538
0.2430
0.1545
0.1555
0.1547
0.1550
0.2321
0.2587
0.2532
0.2353
0.1540
0.1567
0.1542
0.1544
0.1534
0.1554
0.1538
0.2536
0.2286
0.2447
0.2324
0.2233
0.2529
0.2491
0.2434
0.2416
0.1547
0.2420
0.2345
0.2347
0.2509
0.1543
0.1539
0.2370
0.2356
0.2227
0.2475
0.2316
0.2457
0.1543
0.1576
0.1537
0.1537
0.2345
0.2226
0.2310
0.2322
0.2236
0.1569
0.1547
0.2329
0.2309
0.1543
0.1583
0.1602
0.2382
0.2299
0.1568
0.2269
0.2392
0.1554
0.1563
0.2335
0.2251
0.1554
0.1545
0.1547
0.1538
0.1543
0.1540
0.2351
0.1543
0.2364
0.2368
0.1619
0.1545
0.2351
0.1547
0.2360
0.2306
0.1544
0.2325
0.2306
0.1592
0.2340
0.2258
0.2316
0.2354
0.1544
0.1553
0.1564
0.1547
0.1568
0.1538
0.1549
0.1539
0.1545
0.1539
0.1542
0.1540
0.1551
0.1543
0.1540
0.1549
0.1542
0.2345
0.2341
0.1542
0.2337
0.1543
0.1554
0.1539
0.1543
0.1538
0.1540
0.1542
0.1547
0.1548
0.1535
0.1547
0.2337
0.1562
0.2360
0.2251
0.1569
0.2313
0.1594
0.1540
0.2310
0.2301
0.2283
0.1563
0.1534
0.1551
0.1547
0.1594
0.1542
0.1541
0.1544
0.1542
0.1565
0.1538
0.1576
0.1540
0.1553
0.1546
0.1603
0.1643
0.1533
0.1564
0.1534
0.1539
0.1536
0.2317
0.2360
0.2285
0.2344
0.1545
0.1550
0.1545
0.1549
0.1546
0.2302
0.2374
0.1624
0.2402
0.1602
0.2364
0.1552
0.2341
0.1600
0.1546
0.1560
0.1557
0.1559
0.2303
0.1568
0.2314
0.2270
0.1552
0.1537
0.2308
0.1537
0.1557
0.1540
0.2337
0.1540
0.1589
0.1547
0.1575
0.1548
0.1552
0.2276
0.1561
0.2308
0.1591
0.2314
0.2264
0.2323
0.1543
0.1539
0.1533
0.1547
0.1544
0.2384
0.1558
0.2417
0.1554
0.1552
0.2319
0.1575
0.1540
0.1586
0.1545
0.2308
0.2315
0.1583
0.1545
0.1577
0.1544
0.1554
0.1535
0.2323
0.1541
0.1541
0.2293
0.2232
0.1549
0.1538
0.1539
0.2259
0.1546
0.1532
0.1553
0.1549
0.1543
0.1545
0.1579
0.2293
0.1575
0.1545
0.2349
0.1547
0.2331
0.1544
0.1560
0.1542
0.2369
0.1550
0.2363
0.1554
0.1565
0.2325
0.1571
0.1548
0.1563
0.2368
0.1574
0.1542
0.1561
0.1534
0.1556
0.1558
0.2318
0.1545
0.1548
0.1546
0.2356
0.1547
0.1572
0.1536
0.1539
0.1533
0.1540
0.1536
0.1537
0.1581
0.1546
0.1550
0.1536
0.1546
0.1548
0.1544
0.1545
0.1544
0.1539
0.1573
0.1567
0.1548
0.1575
0.1551
0.1584
0.1554
0.1568
0.1556
0.1550
0.1570
0.1545
0.2357
0.1550
0.1537
0.1543
0.1551
0.1538
0.1559
0.1554
0.1594
0.1554
0.1549
0.1545
0.1532
0.1559
0.1545
0.1600
0.1548
0.1538
0.1556
0.1559
0.1549
0.1537
0.1558
0.1544
0.1585
0.1539
0.2394
0.1553
0.1559
0.1541
0.2330
0.1547
0.2310
0.1540
0.2292
0.1550
0.1546
0.1541
0.2242
0.1542
0.1535
0.1539
0.1540
0.1541
0.1581
0.1545
0.1574
0.1538
0.1553
0.1549
0.1545
0.1542
0.1545
0.1546
0.1542
0.1556
0.1536
0.1553
0.1534
0.1545
0.1544
0.1540
0.2280
0.1544
0.2338
0.1583
0.1542
0.1585
0.1541
0.1542
0.1539
0.1571
0.2255
0.1571
0.2280
0.1546
0.2313
0.1545
0.1540
0.1543
0.1543
0.2263
0.1541
0.1537
0.1546
0.1549
0.1543
0.1570
0.1537
0.1578
0.1542
0.1548
0.1543
0.1547
0.1537
0.1537
0.1544
0.1541
0.1544
0.1536
0.1553
0.1540
0.1541
0.1542
0.1553
0.1548
0.1547
0.1561
0.1548
0.1556
0.1541
0.1544
0.1538
0.1539
0.1541
0.1546
0.1537
0.1540
0.1624
0.1544
0.2423
0.1546
0.1574
0.1535
0.1539
0.1538
0.1547
0.1546
0.1548
0.1607
0.1542
0.1604
0.2315
0.1566
0.1545
0.1554
0.1539
0.2342
0.1548
0.1552
0.1536
0.1562
0.1544
0.1551
0.1544
0.1545
0.1540
0.1543
0.1634
0.1543
0.1552
0.1539
0.1540
0.1540
0.2382
0.1549
0.1541
0.1541
0.2323
0.1538
0.1559
0.1545
0.1558
0.1546
0.1565
0.1575
0.1548
0.1579
0.1545
0.1611
0.1550
0.1550
0.1558
0.1549
0.1578
0.1544
0.1547
0.1537
0.1537
0.1542
0.1542
0.1538
0.1539
0.1560
0.1542
0.1589
0.1546
0.1553
0.1541
0.1578
0.1540
0.1548
0.1579
0.1535
0.1556
0.1540
0.1559
0.1537
0.1542
0.1533
0.1540
0.1533
0.1536
0.1572
0.1553
0.1570
0.1546
0.1559
0.1539
0.1579
0.1550
0.1573
0.1548
0.1537
0.2324
0.2303
0.2324
0.1583
0.1546
0.1564
0.1535
0.1547
0.1541
0.1552
0.1545
0.1538
0.1594
0.2337
0.2245
0.1544
0.1540
0.1585
0.1548
0.1562
0.1551
0.1546
0.1572
0.1544
0.1576
0.1546
0.1592
0.1553
0.1573
0.1555
0.1537
0.1603
0.1548
0.1567
0.1539
0.1539
0.1536
0.1550
0.1549
0.1549
0.2329
0.2329
0.2311
0.1577
0.1544
0.1577
0.2294
0.1579
0.1534
0.1549
0.1537
0.1613
0.2262
0.1543
0.1534
0.1564
0.1556
0.1554
0.1556
0.1584
0.1581
0.1553
0.1567
0.1555
0.1596
0.1551
0.1553
0.1587
0.1552
0.1546
0.1539
0.1560
0.1545
0.1598
0.1551
0.1565
0.1559
0.1551
0.1581
0.1547
0.1567
0.1569
0.1551
0.1542
0.1537
0.1579
0.1553
0.1560
0.1542
0.1542
0.1536
0.1548
0.1539
0.1542
0.1572
0.1540
0.1546
0.1594
0.1539
0.1544
0.1545
0.1546
0.1542
0.1536
0.1537
0.1552
0.1537
0.1552
0.1538
0.1573
0.1538
0.1537
0.1538
0.1538
0.1535
0.1536
0.1544
0.1537
0.1558
0.1536
0.1568
0.1545
0.1582
0.1538
0.1553
0.1548
0.1541
0.1560
0.1546
0.1555
0.1544
0.1550
0.1546
0.1591
0.1548
0.1570
0.1554
0.1541
0.1583
0.1540
0.1541
0.1543
0.4278
0.1550
0.1547
0.1535
0.1541
0.1534
0.1545
0.1541
0.1540
0.1567
0.1547
0.1560
0.1549
0.1586
0.1564
0.1582
0.1536
0.1544
0.1581
0.1548
0.1575
0.1546
0.1557
0.1547
0.1584
0.1545
0.1544
0.1553
0.1537
0.1551
0.1534
0.1552
0.1541
0.1541
0.1546
0.1545
0.1538
0.1543
0.1564
0.1536
0.1568
0.1541
0.1556
0.1551
0.1570
0.1552
0.1548
0.1565
0.1544
0.1561
0.1540
0.1568
0.1563
0.1549
0.1538
0.1541
0.1539
0.1541
0.1569
0.1546
0.1563
0.1537
0.1540
0.1536
0.1537
0.1538
0.1541
0.1547
0.1539
0.1574
0.1541
0.1565
0.1537
0.1542
0.1546
0.1555
0.1542
0.1537
0.1547
0.1543
0.1542
0.1537
0.1573
0.1549
0.1556
0.1541
0.1542
0.1537
0.1544
0.1585
0.1543
0.1544
0.1543
0.1568
0.1542
0.1536
0.1540
0.1546
0.1544
0.1561
0.1574
0.1541
0.1561
0.1536
0.1549
0.1544
0.1587
0.1547
0.1552
0.1554
0.1544
0.1565
0.1546
0.1569
0.1541
0.1556
0.1546
0.1557
0.1557
0.1544
0.1584
0.1540
0.1547
0.1544
0.1553
0.1547
0.1558
0.1553
0.1551
0.1576
0.1547
0.1547
0.1559
0.1538
0.1537
0.1598
0.1553
0.1544
0.1583
0.1548
0.2410
0.1546
0.1562
0.1541
0.1552
0.1543
0.1547
0.1541
0.1552
0.1562
0.1538
0.1553
0.2321
0.1556
0.1541
0.1571
0.1534
0.1547
0.1540
0.1546
0.1540
0.1546
0.1544
0.1540
0.1551
0.1556
0.1580
0.1545
0.1553
0.1539
0.1544
0.1546
0.1580
0.2329
0.1572
0.1535
0.1537
0.1536
0.1536
0.1545
0.1539
0.1546
0.2360
0.1553
0.1539
0.1582
0.2317
0.2239
0.1545
0.1538
0.2361
0.2296
0.1567
0.1551
0.1601
0.1540
0.2365
0.1543
0.1547
0.1537
0.1542
0.1599
0.2317
0.1538
0.1554
0.1550
0.1572
0.1558
0.1552
0.1550
0.1536
0.1542
0.1537
0.1557
0.1534
0.1541
0.1546
0.1573
0.1542
0.1543
0.1551
0.2306
0.1541
0.1538
0.1544
0.1566
0.1576
0.1544
0.1566
0.1537
0.1549
0.1535
0.1537
0.2290
0.1559
0.1546
0.1602
0.1537
0.2289
0.1540
0.1542
0.2263
0.1573
0.1545
0.1550
0.1546
0.1565
0.1544
0.1579
0.1570
0.1549
0.1562
0.1540
0.1541
0.1544
0.1546
0.1545
0.1564
0.1543
0.1542
0.1624
0.1538
0.1582
0.1545
0.1555
0.1538
0.1542
0.1548
0.1549
0.1546
0.1546
0.1549
0.1538
0.1555
0.1563
0.1574
0.1562
0.1549
0.1581
0.1543
0.1578
0.1545
0.1585
0.1546
0.1548
0.1554
0.1564
0.1578
0.1543
0.1572
0.1547
0.1541
0.1542
0.1549
0.1545
0.1557
0.1557
0.1538
0.1584
0.1532
0.1552
0.1542
0.1549
0.1545
0.1558
0.1551
0.1546
0.1545
0.1538
0.1580
0.1543
0.1553
0.1544
0.1549
0.1549
0.1557
0.1551
0.1545
0.1586
0.1546
0.1545
0.1540
0.1562
0.1544
0.1554
0.1573
0.1562
0.1605
0.1555
0.1602
0.1538
0.1541
0.1539
0.1542
0.1547
0.1544
0.1547
0.1542
0.1565
0.1544
0.1567
0.1546
0.1552
0.1566
0.1546
0.1554
0.1539
0.1538
0.1536
0.1535
0.1537
0.1553
0.1541
0.1540
0.1573
0.2341
0.1559
0.1556
0.1568
0.1546
0.1589
0.1546
0.1591
0.1545
0.1552
0.1572
0.1546
0.1578
0.1541
0.1556
0.1546
0.1580
0.1545
0.1541
0.1552
0.1544
0.2303
0.1554
0.1578
0.1548
0.1559
0.1548
0.1589
0.1547
0.1587
0.1550
0.1562
0.1572
0.1544
0.1596
0.1545
0.1586
0.1542
0.1549
0.1548
0.1553
0.1597
0.1547
0.1572
0.1547
0.1551
0.1551
0.1578
0.1572
0.1549
0.1555
0.1540
0.1575
0.1543
0.1586
0.1555
0.1565
0.1575
0.1546
0.1557
0.1545
0.1558
0.1548
0.1564
0.1540
0.1557
0.1564
0.1541
0.1552
0.1537
0.1548
0.1543
0.1542
0.1536
0.1546
0.1541
0.1547
0.1561
0.1542
0.1563
0.1536
0.1564
0.1543
0.1541
0.1535
0.1547
0.1557
0.1566
0.1576
0.1543
0.1585
0.1596
0.1550
0.1550
0.1555
0.1560
0.1547
0.1558
0.1543
0.1548
0.1544
0.1568
0.1547
0.1558
0.1544
0.1535
0.1541
0.1541
0.1562
0.1544
0.1555
0.1544
0.1577
0.1540
0.1541
0.1580
0.1540
0.1568
0.1546
0.1577
0.1547
0.1543
0.1536
0.1539
0.1565
0.1540
0.1543
0.1537
0.1568
0.1543
0.1540
0.1535
0.1541
0.1541
0.1543
0.1565
0.1533
0.1548
0.1534
0.1571
0.1541
0.1594
0.1538
0.1536
0.1541
0.1543
0.1556
0.1540
0.1588
0.1547
0.1546
0.1535
0.1540
0.1548
0.1548
0.1563
0.1554
0.1572
0.1545
0.1556
0.2303
0.1564
0.1535
0.1562
0.1544
0.2328
0.1548
0.1549
0.1542
0.1550
0.1538
0.1547
0.1540
0.1536
0.1557
0.1534
0.1586
0.1537
0.1584
0.1568
0.2380
0.1543
0.2291
0.1542
0.1559
0.1545
0.1571
0.1543
0.1584
0.1547
0.1579
0.1566
0.1544
0.1601
0.1539
0.1552
0.1553
0.1596
0.1553
0.1552
0.1556
0.1540
0.1552
0.1546
0.1539
0.1537
0.1550
0.1544
0.1552
0.1553
0.1545
0.1557
0.1542
0.1577
0.1545
0.1564
0.1547
0.1584
0.1567
0.1547
0.1578
0.1541
0.1578
0.1544
0.1541
0.1544
0.1541
0.1544
0.1539
0.1541
0.1539
0.1581
0.1541
0.1551
0.1545
0.1591
0.1552
0.1560
0.1541
0.1542
0.1541
0.1535
0.1541
0.2327
0.1594
0.1538
0.1545
0.1539
0.1546
0.1559
0.1545
0.1571
0.1548
0.2310
0.1565
0.1546
0.1546
0.1563
0.1548
0.1568
0.2307
0.1572
0.1538
0.1562
0.1538
0.1564
0.1542
0.1542
0.1535
0.1539
0.1602
0.1541
0.2272
0.1542
0.1538
0.1542
0.1567
0.1544
0.1594
0.1546
0.1542
0.1536
0.1548
0.1537
0.1543
0.1549
0.1549
0.1596
0.1537
0.1584
0.1551
0.1585
0.1547
0.1549
0.1578
0.1547
0.1572
0.2361
0.2263
0.1548
0.1541
0.1560
0.1551
0.1536
0.1546
0.1537
0.1580
0.1534
0.1539
0.1544
0.1546
0.1536
0.1545
0.1556
0.1537
0.1557
0.1546
0.1561
0.1543
0.1546
0.1537
0.1546
0.1551
0.1572
0.1558
0.1543
0.1581
0.1545
0.2399
0.1540
0.1573
0.1548
0.1567
0.1543
0.1591
0.1565
0.1544
0.1561
0.1543
0.1562
0.1541
0.1543
0.1543
0.1547
0.1575
0.1540
0.1552
0.1541
0.1544
0.1533
0.1539
0.1538
0.1544
0.1537
0.1539
0.1543
0.1536
0.1542
0.1538
0.1577
0.1546
0.1550
0.1540
0.1541
0.1545
0.1550
0.1546
0.1549
0.1542
0.1540
0.1584
0.1544
0.1584
0.1547
0.1595
0.1599
0.1548
0.1604
0.1548
0.1550
0.1547
0.1542
0.1536
0.1540
0.1543
0.1536
0.1549
0.1539
0.1556
0.1542
0.1540
0.1535
0.1546
0.1542
0.1583
0.1565
0.1549
0.1572
0.1540
0.1560
0.1545
0.1544
0.1551
0.1579
0.1549
0.1546
0.1569
0.1543
0.1564
0.1546
0.1543
0.1539
0.1563
0.1569
0.1541
0.1542
0.1541
0.1551
0.1543
0.1543
0.1549
0.1557
0.1548
0.1572
0.1553
0.1547
0.1582
0.1543
0.1543
0.1537
0.1540
0.1538
0.1537
0.1540
0.1543
0.1581
0.1538
0.1569
0.1544
0.1541
0.1534
0.1548
0.1551
0.1540
0.1544
0.1546
0.1552
0.1544
0.1604
0.1546
0.1540
0.1538
0.1543
0.1540
0.1551
0.1544
0.1537
0.1576
0.1544
0.1543
0.1542
0.1545
0.1550
0.1551
0.1548
0.1541
0.1591
0.1536
0.1572
0.1537
0.1545
0.1536
0.1539
0.1535
0.1545
0.1566
0.1544
0.1552
0.1542
0.1574
0.1547
0.1543
0.1541
0.1548
0.1615
0.1549
0.1586
0.1550
0.1558
0.1548
0.1556
0.1551
0.1551
0.1550
0.1549
0.1557
0.1551
0.1552
0.1535
0.1537
0.1536
0.1539
0.1549
0.1584
0.1603
0.1542
0.1573
0.1534
0.1546
0.1537
0.1540
0.1542
0.1549
0.1569
0.1538
0.1568
0.1532
0.1542
0.1612
0.1542
0.1544
0.1550
0.1602
0.1545
0.1584
0.1549
0.1540
0.1542
0.1561
0.1546
0.1559
0.1563
0.1547
0.1580
0.1543
0.1550
0.1541
0.1551
0.1540
0.1544
0.1547
0.1542
0.1556
0.1546
0.1579
0.1549
0.1615
0.1547
0.1570
0.1579
0.1546
0.1552
0.1537
0.1554
0.1550
0.1586
0.1543
0.1551
0.1567
0.1556
0.1604
0.1551
0.1555
0.1554
0.1570
0.1570
0.1554
0.1565
0.1540
0.1553
0.1542
0.1564
0.1547
0.1545
0.1546
0.1543
0.1548
0.1538
0.1573
0.1551
0.1611
0.1548
0.1556
0.1558
0.1554
0.1591
0.1547
0.1650
0.1547
0.1588
0.1553
0.1538
0.1562
0.1536
0.1553
0.1544
0.1589
0.1548
0.1560
0.1563
0.1545
0.1562
0.1537
0.1632
0.1537
0.1542
0.1539
0.1538
0.1544
0.1552
0.1592
0.1539
0.1552
0.1544
0.1576
0.1546
0.1543
0.1583
0.1546
0.1586
0.1547
0.1550
0.1538
0.1583
0.1544
0.1565
0.1574
0.1543