0.05623459815979004
0.04966020584106445
0.0559086799621582
0.05076098442077637
0.05519700050354004
0.05272984504699707
0.05216526985168457
0.05288863182067871
0.05254840850830078
0.05460214614868164
0.05182385444641113
0.05505561828613281
0.05132246017456055
0.05516314506530762
0.04981732368469238
0.05465865135192871
0.04987740516662598
0.054763078689575195
0.049857378005981445
0.05582022666931152
0.050400733947753906
0.05470776557922363
0.13759255409240723
0.0554959774017334
0.04964184761047363
0.05751776695251465
0.0507659912109375
0.055940866470336914
0.05291604995727539
0.05664634704589844
0.0574793815612793
0.04947400093078613
0.05533432960510254
0.049636125564575195
0.055553436279296875
0.04967856407165527
0.0551753044128418
0.049512386322021484
0.055527448654174805
0.04993152618408203
0.055246829986572266
0.051372528076171875
0.05484199523925781
0.05059647560119629
0.0564732551574707
0.05744624137878418
0.04941272735595703
0.05621075630187988
0.04941844940185547
0.14262652397155762
0.05175137519836426
0.0561978816986084
0.049622535705566406
0.05510592460632324
0.04976463317871094
0.055379390716552734
0.049964189529418945
0.056009531021118164
0.04989171028137207
0.05603432655334473
0.050954341888427734
0.054160356521606445
0.05341315269470215
0.05358004570007324
0.055947065353393555
0.05423140525817871
0.05867886543273926
0.05584883689880371
0.057231903076171875
0.052097320556640625
0.055876731872558594
0.0569918155670166
0.05344414710998535
0.053731679916381836
0.05299043655395508
0.05385732650756836
0.14613699913024902
0.056044578552246094
0.04941153526306152
0.05571174621582031
0.04947662353515625
0.05585360527038574
0.04977607727050781
0.05562734603881836
0.049913644790649414
0.055364370346069336
0.05037641525268555
0.05527758598327637
0.05148935317993164
0.05381512641906738
0.05270028114318848
0.05297279357910156
0.054544687271118164
0.0524446964263916
0.05678844451904297
0.049456119537353516
0.056258201599121094
0.04955434799194336
0.05548214912414551
0.04991650581359863
0.05618405342102051
0.15587282180786133
0.05532670021057129
0.053336381912231445
0.053238868713378906
0.05448317527770996
0.051944732666015625
0.05561494827270508
0.04983973503112793
0.05655169486999512
0.0533599853515625
0.05697464942932129
0.04916715621948242
0.056249141693115234
0.0497128963470459
0.05597639083862305
0.05091667175292969
0.054793357849121094
0.052623748779296875
0.05258917808532715
0.05400657653808594
0.051575422286987305
0.05553913116455078
0.05011701583862305