0.02085089683532715
0.014303207397460938
0.010998725891113281
0.010947465896606445
0.010760307312011719
0.010811328887939453
0.011376142501831055
0.1705327033996582
0.011252641677856445
0.010880231857299805
0.01077890396118164
0.012350797653198242
0.026067733764648438
0.012883663177490234
0.011022567749023438
0.011098146438598633
0.011380434036254883
0.01102590560913086
0.01090097427368164
0.01697516441345215
0.0169525146484375
0.011537551879882812
0.011048555374145508
0.01105356216430664
0.01090550422668457
0.010977029800415039
0.010914087295532227
0.02597665786743164
0.013311624526977539
0.01094675064086914
0.010946273803710938
0.01091146469116211
0.010946035385131836
0.01081705093383789
0.01704239845275879
0.021655797958374023
0.014276742935180664
0.010960102081298828
0.010927438735961914
0.010982513427734375
0.010993719100952148
0.010923147201538086
0.023639440536499023
0.015538930892944336
0.011001825332641602
0.010864734649658203
0.01096796989440918
0.010977745056152344
0.01096034049987793
0.01480555534362793
0.024678707122802734
0.011972427368164062
0.01079869270324707
0.010723114013671875
0.010739326477050781
0.01076507568359375
0.010720014572143555
0.017313003540039062
0.017500877380371094
0.011540651321411133
0.010922908782958984
0.010949373245239258
0.01090693473815918
0.010889053344726562
0.010875940322875977
0.026203155517578125
0.01272892951965332
0.013467550277709961
0.011840105056762695
0.011023521423339844
0.011157989501953125
0.011251211166381836
0.02738356590270996
0.013392448425292969
0.010964155197143555
0.01093292236328125
0.010935306549072266
0.010941743850708008
0.010915040969848633
0.013015508651733398
0.020128488540649414
0.01524209976196289
0.011248350143432617
0.010924339294433594
0.010929346084594727
0.01117396354675293
0.01074838638305664
0.017821788787841797
0.018784761428833008
0.01193690299987793
0.01080465316772461
0.010793209075927734
0.010805368423461914
0.01080942153930664
0.01077413558959961
0.015429496765136719
0.017805099487304688
0.010882139205932617
0.010837793350219727
0.010818004608154297
0.011212825775146484
0.011246681213378906
0.010854959487915039
0.02063274383544922
0.021210670471191406
0.012157917022705078
0.010928869247436523
0.010894060134887695
0.011623144149780273
0.01083683967590332
0.0218350887298584
0.015377283096313477
0.010937690734863281
0.010945320129394531
0.010855674743652344
0.01095271110534668
0.01123356819152832
0.010930299758911133
0.02874898910522461
0.013967752456665039
0.011251688003540039
0.010759353637695312
0.01078033447265625
0.010783910751342773
0.010757207870483398
0.020370960235595703
0.019124984741210938
0.011213064193725586
0.011168241500854492
0.011060476303100586
0.01109623908996582
0.011103391647338867
0.01576995849609375
0.018384218215942383
0.011626482009887695
0.011034011840820312
0.01089620590209961
0.010921955108642578
0.010877370834350586
0.010866165161132812
0.01275491714477539
0.019818544387817383
0.014164447784423828
0.010889768600463867
0.010867834091186523
0.01087331771850586
0.01351475715637207
0.012806177139282227
0.016844987869262695
0.017575740814208984
0.010874032974243164
0.010894775390625
0.010740518569946289
0.0107269287109375
0.010930299758911133
0.010735273361206055
0.014032363891601562
0.018409252166748047
0.011932849884033203
0.010777473449707031
0.010800361633300781
0.010808706283569336
0.010766267776489258
0.010733842849731445
0.021890640258789062
0.020476818084716797
0.01091456413269043
0.01090693473815918
0.010875463485717773