0.2565
0.2076
0.2061
0.2048
0.2060
0.2059
0.2055
0.2059
0.2055
0.2087
0.2056
0.2055
0.2059
0.2057
0.2053
0.2054
0.2050
0.2058
0.2051
0.2058
0.2054
0.2054
0.2060
0.2058
0.2052
0.2055
0.2062
0.2061
0.2058
0.2075
0.2063
0.2064
0.2062
0.2060
0.2053
0.2058
0.2061
0.2061
0.2059
0.2062
0.2058
0.1403
0.2080
0.2072
0.2054
0.2304
0.2076
0.2062
0.2057
0.2055
0.2056
0.2070
0.2058
0.2072
0.2054
0.2055
0.2054
0.2055
0.2078
0.2054
0.2062
0.2117
0.2060
0.2085
0.2076
0.2063
0.2063
0.2056
0.2059
0.2061
0.2060
0.2064
0.2057
0.2062
0.2058
0.2061
0.2056
0.2057
0.2059
0.2054
0.2062
0.2059
0.2077
0.2055
0.2056
0.2058
0.2055
0.2056
0.2059
0.2062
0.2065
0.2063
0.2055
0.2056
0.2058
0.2065
0.2061
0.2052
0.2053
0.2061
0.2063
0.2066
0.2056
0.3733
0.2070
0.2065
0.2058
0.2060
0.2062
0.2058
0.2059
0.2058
0.2053
0.2072
0.2063
0.2060
0.2047
0.2059
0.2063
0.2062
0.2066
0.2059
0.2058
0.2065
0.2059
0.2054
0.2058
0.2055
0.2061
0.2059
0.2051
0.2058
0.2060
0.2057
0.2058
0.2046
0.2058
0.2062
0.2069
0.2056
0.2061
0.2048
0.2055
0.2060
0.2061
0.2050
0.2059
0.2061
0.2055
0.2060
0.2081
0.2070
0.1393
0.2059
0.2055
0.2058
0.2062
0.1394
0.1391
0.2051
0.2068
0.2054
0.2055
0.1393
0.2058
0.1392
0.1390
0.2059
0.2059
0.2064
0.2054
0.2060
0.2054
0.2059
0.2055
0.2054
0.2059
0.2064
0.2056
0.2057
0.2062
0.2064
0.2050
0.2059
0.2051
0.2059
0.2046
0.2057
0.1393
0.2059
0.2063
0.2061
0.2052
0.2071
0.1396
0.2062
0.2059
0.2054
0.2054
0.2053
0.1392
0.2064
0.2052
0.2055
0.2058
0.2059
0.2063
0.2059
0.2052
0.1391
0.2054
0.1392
0.2057
0.2058
0.2065
0.2071
0.1393
0.2060
0.2059
0.2057
0.2055
0.2061
0.1392
0.1391
0.1391
0.2056
0.1391
0.1389
0.2062
0.2061
0.2062
0.2074
0.1392
0.1390
0.2062
0.2056
0.2062
0.2058
0.1392
0.2059
0.1391
0.1391
0.2065
0.2071
0.1392
0.1392
0.2060
0.2063
0.2057
0.2059
0.1391
0.1396
0.1391
0.1391
0.1393
0.2068
0.1392
0.1391
0.1391
0.1393
0.1391
0.1391
0.2067
0.2066
0.1391
0.2057
0.1394
0.1391
0.1390
0.1389
0.1391
0.2057
0.1393
0.2052
0.1389
0.1390
0.1389
0.1392
0.1391
0.1392
0.1392
0.1391
0.1391
0.1392
0.1391
0.1390
0.1393
0.1391
0.1391
0.1392
0.1391
0.1392
0.1391
0.1393
0.1392
0.1390
0.1390
0.1390
0.1392
0.1391
0.1391
0.1395
0.1391
0.1391
0.1392
0.1389
0.1391
0.1392
0.1392
0.1392
0.1391
0.1392
0.1391
0.1394
0.1391
0.1393
0.1391
0.1392
0.1390
0.1392
0.1391
0.1391
0.1392
0.1392
0.1392
0.1392
0.1391
0.1390
0.1390
0.1392
0.1392
0.1391
0.1392
0.1391
0.1390
0.1391
0.1391
0.1392
0.1391
0.1390
0.1390
0.1391
0.1392
0.1392
0.1393
0.1392
0.1390
0.1391
0.1390
0.1390
0.1390
0.1395
0.1391
0.1391
0.1390
0.1391
0.1391
0.1392
0.1393
0.1390
0.1391
0.1391
0.1391
0.1392
0.1392
0.1393
0.1393
0.1391
0.1390
0.1393
0.1391
0.1392
0.1394