0.3210
0.3148
0.3131
0.3141
0.2455
0.2481
0.2466
0.2481
0.2470
0.2480
0.2469
0.2480
0.2467
0.2476
0.2467
0.2473
0.2467
0.2474
0.2470
0.2472
0.2462
0.2478
0.2471
0.2485
0.2469
0.3171
0.3143
0.2471
0.2476
0.3162
0.3149
0.2475
0.2469
0.2470
0.3145
0.3160
0.3150
0.3150
0.3135
0.2475
0.3149
0.3147
0.3146
0.3141
0.3143
0.3147
0.3148
0.3148
0.3141
0.3151
0.3145
0.3149
0.3154
0.3143
0.3143
0.3159
0.3144
0.3147
0.3164
0.3156
0.3144
0.3149
0.3281
0.3269
0.3198
0.3139
0.3146
0.3162
0.3160
0.3155
0.3145
0.3151
0.3150
0.3148
0.3150
0.3144
0.3152
0.3271
0.3167
0.3149
0.3142
0.3137
0.3140
0.3147
0.3154
0.2482
0.3147
0.3143
0.3149
0.3153
0.3171
0.3160
0.3150
0.3154
0.3146
0.3129
0.3141
0.3156
0.3154
0.3162
0.3169
0.3154
0.3146
0.3157
0.3163
0.3147
0.3155
0.3158
0.3147
0.3168
0.3152
0.3141
0.3156
0.3145
0.3140
0.3157
0.3153
0.3143
0.3148
0.3149
0.3143
0.3146
0.3164
0.3168
0.3145
0.4900
0.3178
0.3165
0.3156
0.3147
0.3341
0.3173
0.3144
0.3137
0.3166
0.3158
0.3151
0.3155
0.3160
0.3148
0.3155
0.3147
0.3150
0.3168
0.3152
0.3139
0.3147
0.3155
0.3145
0.3145
0.3163
0.3155
0.3142
0.3174
0.3158
0.3152
0.2479
0.3154
0.3141
0.3151
0.3152
0.3151
0.3156
0.3171
0.3152
0.3150
0.3165
0.3189
0.3144
0.3151
0.3151
0.3144
0.3157
0.2481
0.3152
0.3150
0.3150
0.3149
0.3145
0.3162
0.3162
0.3147
0.3155
0.3149
0.3131
0.3156
0.3157
0.3149
0.3152
0.3150
0.3146
0.3148
0.3154
0.3148
0.3152
0.3161
0.3147
0.3147
0.3153
0.3167
0.3145
0.3185
0.3179
0.3148
0.3154
0.3154
0.3157
0.3155
0.3145
0.3139
0.3149
0.3156
0.3144
0.3149
0.2478
0.3148
0.3144
0.3165
0.3160
0.3154
0.2484
0.3162
0.3148
0.3155
0.3155
0.3160
0.3158
0.3160
0.3147
0.3144
0.3147
0.3162
0.3163
0.3158
0.3173
0.3150
0.3161
0.3149
0.3154
0.3152
0.3149
0.3153
0.3146
0.3153
0.3154
0.3147
0.3153
0.3158
0.3152
0.2485
0.3166
0.3158
0.3155
0.3147
0.3151
0.3150
0.2483
0.3161
0.2481
0.3199
0.3154
0.3153
0.2486
0.2482
0.3167
0.3157
0.2488
0.3153
0.3151
0.3155
0.2482
0.3168
0.2483
0.3159
0.3148
0.3147
0.3156
0.3150
0.2482
0.3166
0.3157
0.2476
0.3148
0.2486
0.2482
0.3167
0.2484
0.2482
0.2476
0.3161
0.3162
0.2474
0.3153
0.2484
0.2488
0.2476
0.2476
0.3165
0.2485
0.3173
0.2485
0.2491
0.3167
0.3139
0.3158
0.3155
0.3157
0.2485
0.3160
0.3155
0.3154
0.4320
0.2475
0.2482
0.3187
0.3160
0.3141
0.3150
0.3165
0.3148
0.3187
0.2476
0.3148
0.2470
0.3159
0.2478
0.2477
0.3351
0.2481
0.2471
0.2472
0.2471
0.2478
0.2474
0.3168
0.3163
0.3154
0.3164
0.2483
0.2481
0.2471
0.2475
0.3170
0.2480
0.2472
0.3146
0.2478
0.2475
0.2473
0.2472
0.3170
0.3157
0.2473
0.2471
0.2477
0.2475
0.2474
0.2475
0.3174
0.2474
0.3152
0.3161
0.2476
0.2471
0.2473
0.2485
0.2468
0.2469
0.2469
0.2472
0.2472
0.2472
0.2485
0.2476
0.2472
0.3166
0.3159
0.2481
0.3165
0.3158
0.2483
0.2477
0.2470
0.3154
0.3148
0.2475
0.2469
0.3157
0.2478
0.2472
0.2470
0.3154
0.3154
0.3155
0.2471
0.2478
0.2472
0.3152
0.3152
0.3148
0.2473
0.3171
0.3170
0.2473
0.3144
0.2476
0.2475
0.3146
0.3144
0.2483
0.2475
0.3157
0.2477
0.2476
0.2473
0.3154
0.3158
0.2476
0.3142
0.3147
0.2476
0.2476
0.3147
0.2482
0.2480
0.2476
0.2476
0.2474
0.3165
0.2476
0.3171
0.2481
0.3148
0.3145
0.2480
0.3152
0.2479
0.2483
0.3180
0.3158
0.3146
0.3151
0.3146
0.3141
0.3150
0.2475
0.3145
0.3141
0.3146
0.3141
0.2473
0.2481
0.2477
0.2474
0.3150
0.3150
0.3162
0.3144
0.2477
0.2479
0.3161
0.2472
0.2477
0.2480
0.3165
0.2483
0.2482
0.3153
0.3147
0.2479
0.2477
0.3156
0.3152
0.3158
0.3151
0.2471
0.2479
0.2479
0.2480
0.2478
0.2479
0.2483
0.2478
0.2476
0.2476
0.3166
0.2479
0.2477
0.3170
0.2484
0.2478
0.3155
0.3151
0.3149
0.2475
0.2481
0.2478
0.2477
0.2474
0.2480
0.2477
0.2484
0.2475
0.2477
0.2475
0.2476
0.2473
0.2483
0.2480
0.2475
0.2479
0.2483
0.2476
0.2476
0.2475
0.2483
0.2477
0.2477
0.2475
0.2478
0.2476
0.2477
0.2477
0.2480
0.2478
0.2474
0.2475
0.2479
0.2476
0.3163
0.2479
0.2476
0.2480
0.2477
0.2478
0.2481
0.2476
0.2475
0.2472
0.2479
0.2479
0.2488
0.2474
0.2481
0.2477
0.2475
0.2474
0.2479
0.2481
0.2479
0.2495
0.3260
0.2489
0.2479
0.2473
0.2550
0.2477
0.2478
0.2474
0.2477
0.3162
0.2484
0.3163
0.2476
0.3144
0.2484
0.2484
0.2474
0.2475
0.2471
0.2475
0.2475
0.3152
0.2471
0.2474
0.2471
0.2466
0.2470
0.3164
0.2476
0.2479
0.2471
0.2477
0.2472
0.2469
0.3158
0.2474
0.4105
0.2475
0.2477
0.2466
0.2469
0.2468
0.2475
0.2472
0.2470
0.2471
0.2471
0.2471
0.2469
0.3158
0.3164
0.3150
0.3140
0.2472
0.2473
0.2464
0.2468
0.2470
0.3155
0.3159
0.2478
0.3151
0.2473
0.2471
0.2475
0.2474
0.2476
0.2472
0.2483
0.3169
0.2467
0.2469
0.2473
0.2468
0.3149
0.2470
0.3149
0.3140
0.2467
0.3152
0.2471
0.3141
0.3137
0.2470
0.2469
0.2468
0.2472
0.3154
0.3143
0.3138
0.2474
0.2470
0.3130
0.2465
0.2475
0.3165
0.2469
0.2471
0.2470
0.3144
0.2473
0.2475
0.3154
0.2471
0.2472
0.2475
0.3150
0.3141
0.2477
0.2473
0.3162
0.2481
0.2473
0.3157
0.2475
0.2473
0.3170
0.2473
0.2469
0.2468
0.2474
0.3170
0.2475
0.2473
0.2473
0.2501
0.2473
0.3163
0.2474
0.2469
0.2473
0.2470
0.2472
0.3162
0.3152
0.2480
0.2471
0.3135
0.3145
0.2476
0.2478
0.2471
0.2474
0.2471
0.2470
0.3151
0.2477
0.2471
0.3149
0.2477
0.2490
0.2470
0.2470
0.2467
0.3167
0.3163
0.2476
0.3161
0.2475
0.2473
0.2476
0.3157
0.3145
0.2473
0.3150
0.2477
0.2473
0.2470
0.2475
0.2475
0.2473
0.2472
0.2477
0.2474
0.2469
0.2470
0.2474
0.3165
0.2474
0.2472
0.2480
0.2471
0.2470
0.2467
0.2473
0.3146
0.2468
0.3152
0.2482
0.2471
0.2470
0.2470
0.3164
0.3157
0.3126
0.2480
0.2479
0.2473
0.2474
0.2477
0.2476
0.2468
0.2468
0.3161
0.2473
0.2468
0.2475
0.2470
0.2474
0.3161
0.2477
0.2477
0.2471
0.2470
0.2469
0.2474
0.2473
0.2473
0.2471
0.2480
0.2471
0.2471
0.2467
0.2473
0.2470
0.2473
0.2484
0.2482
0.2474
0.3156
0.2481
0.2477
0.2471
0.2472
0.2476
0.2473
0.2470
0.2470
0.2474
0.2477
0.2472
0.2489
0.2475
0.2471
0.2469
0.2469
0.2472
0.2470
0.2470
0.2477
0.2476
0.2472
0.2471
0.2468
0.2471
0.2476
0.2472
0.2472
0.2471
0.2475
0.2473
0.2472
0.2472
0.2467
0.2469
0.2471
0.2476
0.2469
0.2469
0.2470
0.2468
0.2465
0.2473
0.2469
0.2467
0.2473
0.2476
0.2473
0.2472
0.2472
0.2471
0.2480
0.2478
0.2476
0.2474
0.2476
0.2471
0.2478
0.2474
0.2476
0.2472
0.3169
0.2468
0.2473
0.2473
0.2469
0.2476
0.2470
0.3151
0.2476
0.2474
0.2474
0.2472
0.3141
0.2471
0.2478
0.2485
0.2477
0.2471
0.2473
0.3167
0.2479
0.2476
0.2474
0.2482
0.2474
0.2475
0.3157
0.3149
0.2469
0.2469
0.2479
0.2470
0.2470
0.2470
0.2473
0.3152
0.2475
0.2475
0.3159
0.2484
0.2477
0.2476
0.2477
0.2477
0.2474
0.2472
0.2478
0.2481
0.2472
0.2473
0.2475
0.2475
0.2472
0.2476
0.2480
0.3174
0.3155
0.2477
0.2482
0.2495
0.2481
0.2477
0.2478
0.2478
0.2475
0.2473
0.2478
0.2475
0.2475
0.2476
0.2477
0.2476
0.2473
0.2474
0.2476
0.2477
0.2477
0.2474
0.2480
0.2477
0.2473
0.2472
0.3166
0.2480
0.3153
0.2480
0.2486
0.2478
0.4872
0.2486
0.3159
0.3151
0.2483
0.2474
0.2472
0.2466
0.2472
0.3155
0.2473
0.3146
0.2479
0.2474
0.2471
0.2470
0.3157
0.2473
0.3148
0.2476
0.2476
0.2472
0.2472
0.2475
0.2478
0.2472
0.2469
0.2473
0.2473
0.2471
0.2476
0.2475
0.2473
0.2468
0.2472
0.2470
0.2475
0.2471
0.2467
0.2467
0.2473
0.2469
0.2469
0.2469
0.2479
0.2472
0.2468
0.2467
0.2473
0.2476
0.2468
0.3162
0.2477
0.2476
0.3151
0.2479
0.2475
0.2472
0.2470
0.2474
0.2472
0.2472
0.2474
0.2478
0.2476
0.2472
0.2469
0.2475
0.2476
0.2473