0.5332
0.5296
0.5269
0.5262
0.5267
0.5262
0.5256
0.5271
0.5262
0.5266
0.5273
0.5271
0.5277
0.5261
0.5280
0.5266
0.5278
0.5280
0.5291
0.5281
0.5292
0.5265
0.5279
0.5273
0.5263
0.5270
0.5273
0.5265
0.5271
0.5298
0.5279
0.5277
0.5265
0.5280
0.5284
0.5274
0.5284
0.5290
0.5289
0.5302
0.5288
0.5286
0.5284
0.5280
0.5283
0.5280
0.5287
0.5267
0.5325
0.5299
0.5286
0.5290
0.5286
0.5289
0.5286
0.5283
0.5285
0.5280
0.5276
0.5289
0.5287
0.6439
0.5279
0.5287
0.5285
0.5285
0.5276
0.5285
0.5279
0.5300
0.5272
0.5288
0.5286
0.5285
0.5288
0.5316
0.5313
0.5294
0.5298
0.5276
0.5289
0.5280
0.5269
0.5265
0.5280
0.5320
0.5301
0.5287
0.5270
0.5280
0.5277
0.5271
0.5278
0.5275
0.5270
0.5288
0.5273
0.5285
0.5276
0.5296
0.5282
0.5289
0.5271
0.5289
0.5297
0.5301
0.5279
0.5283
0.5274
0.5276
0.5285
0.5285
0.5281
0.5273
0.5282
0.5270
0.5273
0.5268
0.5283
0.5285
0.5275
0.6776
0.5292
0.5302
0.5286
0.5292
0.5274
0.5286
0.4604
0.5280
0.5270
0.4610
0.4603
0.5330
0.5293
0.5281
0.5279
0.5302
0.5285
0.5281
0.5288
0.5312
0.5309
0.4623
0.5289
0.5292
0.5276
0.5283
0.5281
0.5287
0.5289
0.5292
0.5287
0.5286
0.5276
0.5300
0.5294
0.5289
0.5270
0.5283
0.5294
0.5305
0.5311
0.5296
0.5285
0.5285
0.4605
0.4608
0.5291
0.5290
0.5281
0.5279
0.5282
0.5282
0.5275
0.5280
0.5275
0.5273
0.5270
0.5268
0.4610
0.5303
0.5276
0.5281
0.5277
0.4609
0.4605
0.5294
0.5279
0.5279
0.5278
0.5313
0.5309
0.4624
0.4608
0.5307
0.5277
0.5285
0.4606
0.4605
0.4617
0.4627
0.4610
0.4611
0.5282
0.5287
0.5279
0.5278
0.5304
0.5285
0.5270
0.5265
0.4608
0.4606
0.5289
0.4608
0.5276
0.4607
0.5276
0.6327
0.5316
0.5300
0.5307
0.4614
0.4607
0.4606
0.5295
0.5279
0.5289
0.5285
0.5281
0.5282
0.4608
0.5287
0.5287
0.5274
0.4609
0.5286
0.5282
0.5285
0.5303
0.5273
0.4609
0.5290
0.5284
0.4604
0.4600
0.4602
0.4603
0.5297
0.4612
0.4608
0.5289
0.5295
0.5295
0.4608
0.4611
0.4605
0.4603
0.4604
0.4615
0.4620
0.5301
0.5285
0.4608
0.5288
0.4607
0.4611
0.4605
0.5300
0.4603
0.5308
0.4603
0.5292
0.4606
0.4608
0.4604
0.5291
0.4605
0.4606
0.4604
0.4619
0.4613
0.4609
0.4608
0.4613
0.5300
0.4607
0.4607
0.4603
0.4605
0.4603
0.4601
0.4605
0.4610
0.4606
0.4608
0.4608
0.4604
0.4604
0.4607
0.4609
0.5310
0.4617
0.4605
0.5306
0.5276
0.4609
0.5294
0.5291
0.5275
0.5273
0.5273
0.4606
0.5281
0.5341
0.5292
0.4614
0.4613
0.4607
0.4608
0.4604
0.4625
0.4623
0.4609
0.5294
0.5279
0.5279
0.5269
0.4615
0.4609
0.5280
0.5280
0.4611
0.5933
0.4610
0.5296
0.4611
0.4603
0.4605
0.5281
0.4610
0.4602
0.5300
0.4606
0.5297
0.5293
0.4619
0.5288
0.5294
0.4609
0.4615
0.4608
0.5297
0.5281
0.4606
0.4605
0.4609
0.4607
0.4605
0.5307
0.4617
0.4608
0.4608
0.4610
0.4604
0.4603
0.4598
0.4603
0.4604
0.5296
0.5287
0.5290
0.4600
0.4605
0.5291
0.4605
0.5330
0.5308
0.4616
0.4604
0.4604
0.4605
0.4604
0.4614
0.4612
0.4607
0.4607
0.5291
0.4606
0.4603
0.4606
0.4602
0.4606
0.4603
0.4606
0.4602
0.4602
0.4604
0.4607
0.5296
0.4617
0.5294
0.4609
0.4609
0.4610
0.4610
0.5296
0.5291
0.5290
0.5281
0.4614
0.5291
0.4613
0.4609
0.4616
0.4607
0.4606
0.4605
0.4612
0.4613
0.4609
0.4607
0.4607
0.4607
0.4612
0.4619
0.4617
0.4610
0.4609
0.4606
0.4606
0.4604
0.4607
0.4605
0.4607
0.4604
0.4609
0.4606
0.4608
0.4604
0.4610
0.4619
0.4618
0.4610
0.4605
0.4607
0.4605
0.4632
0.4620
0.4613
0.4613
0.4609
0.4604
0.4604
0.4608
0.4614
0.4615
0.4607
0.4605
0.4606
0.4607
0.4604
0.4604
0.4611
0.4607
0.4599
0.4603
0.5304
0.4607
0.4613
0.5282
0.4610
0.5311
0.5297
0.5907
0.4609
0.5296
0.4607
0.4603
0.4599
0.5286
0.4602
0.5280
0.4605
0.5295
0.5290
0.4601
0.4604
0.4607
0.4610
0.4607
0.4607
0.4602
0.5294
0.5273
0.4604
0.4601
0.4603
0.4597
0.4600
0.4600
0.4598
0.4602
0.4599
0.4602
0.4607
0.5309
0.5279
0.4610
0.4605
0.4606
0.4605
0.4607
0.4601
0.4604
0.4601
0.4603
0.4602
0.4604
0.4610
0.4602
0.4606
0.4600
0.4605
0.4602
0.4609
0.4608
0.4607
0.4605
0.4601
0.4604
0.4603
0.4616
0.4608
0.4604
0.4601
0.4609
0.4606
0.4605
0.4604
0.5311
0.4613
0.5293
0.5288
0.5291
0.5278
0.5327
0.5274
0.4611
0.4606
0.4606
0.4608
0.4619
0.4625
0.4609
0.4607
0.4615
0.4627
0.4618
0.4612
0.4608
0.4607
0.4608
0.4607
0.4604
0.4607
0.4608
0.5296
0.4612
0.4605
0.4610
0.4611
0.4607
0.4604
0.4638
0.4607
0.4607
0.4602
0.4604
0.4602
0.4604
0.4603
0.4606
0.5285
0.4605
0.5288
0.4605
0.4607
0.5283
0.4605
0.5284
0.4609
0.4605
0.4601
0.4602
0.4608
0.4609
0.4605
0.4604
0.4606
0.4609
0.4606
0.4604
0.4603
0.4605
0.4605
0.4608
0.4603
0.4604
0.4602
0.4605
0.4604
0.4602
0.4612
0.4604
0.4604
0.4602
0.4616
0.4607
0.4605
0.4603
0.6021
0.4628
0.4607
0.4600
0.4599
0.4600
0.4598
0.4605
0.4600
0.4603
0.4607
0.4605
0.4608
0.4601
0.4603
0.4614
0.4600
0.4616
0.4617
0.4616
0.4602
0.4603
0.4602
0.4603
0.4606
0.4602
0.4607
0.4603
0.4606
0.4609
0.4609
0.4608
0.4611
0.4613
0.4611
0.4608
0.4606
0.4607
0.4605
0.4612
0.4609
0.4614
0.4608
0.4606
0.4605
0.4609
0.4608
0.4602
0.4604
0.4604
0.4605
0.4604
0.4603
0.4604
0.4606
0.4603
0.4604
0.4603
0.4605
0.4602
0.4607
0.4615
0.4608
0.4606
0.4605
0.4605
0.4603
0.4605
0.5300
0.4603
0.4597
0.4604
0.4604
0.4600
0.4599
0.5291
0.5279
0.4616
0.4605
0.4607
0.4614
0.5416
0.4626
0.4609
0.4612
0.4604
0.4606
0.4603
0.4606
0.4605
0.4604
0.4603
0.4601
0.4604
0.4600
0.4601
0.4601
0.4605
0.4603
0.4607
0.4602
0.4603
0.4604
0.4607
0.4608
0.4602
0.4603
0.4600
0.4602
0.4604
0.4604
0.4603
0.4606
0.4602
0.4604
0.4606
0.4606
0.4604
0.4601
0.4607
0.4603
0.4604
0.4603
0.4606
0.4605
0.4612
0.4604
0.4606
0.4609
0.4610
0.4604
0.4604
0.4615
0.4611
0.4610
0.4606
0.5300
0.4608
0.4602
0.4603
0.5291
0.4609
0.4610
0.4605
0.5290
0.5290
0.4628
0.4614
0.4611
0.4608
0.4604
0.4605
0.4603
0.4608
0.4603
0.5296
0.4604
0.4605
0.5275
0.6648
0.5305
0.4611
0.4601
0.4602
0.4602
0.4600
0.4600
0.4612
0.4605
0.4604
0.4603
0.4606
0.4601
0.4601
0.4601
0.4601
0.4602
0.4601
0.4602
0.4612
0.4608
0.4602
0.4606
0.4604
0.4611
0.4608
0.4606
0.4603
0.4606
0.4613
0.4605
0.4605
0.4608
0.4607
0.4600
0.4603
0.4602
0.4606
0.4603
0.4602
0.4601
0.4602
0.4603
0.4601
0.4603
0.4602
0.4612
0.4607
0.4604
0.4604
0.4618
0.4624
0.4608
0.4606
0.4603
0.4606
0.4605
0.4604
0.4605
0.4612
0.4605
0.4605
0.4602
0.4606
0.4606
0.4603
0.4606
0.4610
0.4611
0.4610
0.4603
0.4605
0.4615
0.4614
0.4614
0.4610
0.4605
0.4607
0.4606
0.5298
0.5293
0.4612
0.4605
0.4604
0.4605
0.4610
0.4601
0.4603
0.4604
0.4609
0.4606
0.4604
0.4602
0.4603
0.4610
0.4603
0.4610
0.5283
0.4604
0.4603
0.4604
0.4602
0.4603
0.4601
0.4601
0.4607
0.4601
0.4604
0.4601
0.5284
0.4603
0.4609
0.4604
0.4605
0.4602
0.4613
0.4610
0.4612
0.4610
0.4609
0.4607
0.4608
0.4603
0.4603
0.4609
0.5290
0.4613
0.5287
0.4606
0.4599
0.4604
0.4602
0.4606
0.4606
0.4606
0.4605
0.4607
0.4610
0.4606
0.4610
0.5299
0.4611
0.4605
0.4606
0.4602
0.4606
0.4604
0.4608
0.4604
0.4610
0.4607
0.4607
0.4605
0.4603
0.4604
0.4606
0.4609
0.4610
0.4613
0.4609
0.4609
0.5971
0.4613
0.4607
0.4606
0.4602
0.4609
0.4610
0.4605
0.4609
0.4605
0.4607
0.4607
0.4609
0.4606
0.4606
0.4606
0.4608
0.4604
0.4620
0.4615
0.4612
0.4618
0.4603
0.4606
0.4608
0.4607
0.4605
0.4611
0.4606
0.4605
0.4603
0.4603
0.4603
0.4604
0.4607
0.4602
0.4603
0.4601
0.4603
0.4602
0.4610
0.4606
0.4607
0.4605
0.4605
0.4610
0.4604
0.4613
0.4603
0.4604
0.4600
0.4604
0.4603
0.4606
0.5300
0.4612
0.4603