0.17164325714111328
0.17275547981262207
0.17088770866394043
0.17640304565429688
0.18284130096435547
0.18579459190368652
0.18016719818115234
0.18140006065368652
0.17529606819152832
0.1850578784942627
0.18665647506713867
0.18412065505981445
0.18509531021118164
0.1866135597229004
0.17071151733398438
0.2031722068786621
0.17203426361083984
0.17499303817749023
0.16740131378173828
0.16123080253601074
0.1743640899658203
0.18425464630126953
0.17830204963684082
0.17708849906921387
0.33351612091064453
0.1888570785522461
0.17210125923156738
0.19198870658874512
0.18899226188659668
0.17923974990844727
0.18678522109985352
0.2042989730834961
0.17333316802978516
0.16506314277648926
0.1947498321533203
0.1763613224029541
0.17694902420043945
0.17335128784179688
0.1829521656036377
0.1809554100036621
0.18953824043273926
0.18693041801452637
0.18790245056152344
0.1755533218383789
0.1805415153503418
0.18290138244628906
0.18289613723754883
0.18391036987304688
0.1778731346130371
0.17764544486999512
0.1692965030670166
0.1741490364074707
0.16986489295959473
0.17008566856384277
0.1916673183441162
0.18251776695251465
0.19341683387756348
0.1938934326171875
0.18317461013793945
0.1692061424255371
0.1858680248260498
0.18418264389038086
0.18503117561340332
0.17914223670959473
0.17375922203063965
0.17819571495056152
0.17954492568969727
0.16922736167907715
0.16346168518066406
0.17023706436157227
0.17686176300048828
0.1688399314880371
0.18067216873168945
0.17819905281066895
0.18531560897827148
0.18577194213867188
0.17425084114074707
0.17697477340698242
0.18936586380004883
0.1830434799194336
0.183121919631958
0.17960476875305176
0.17204546928405762
0.18014740943908691
0.18015623092651367
0.17322134971618652
0.1591787338256836
0.17633342742919922
0.17775344848632812
0.1751539707183838
0.2188882827758789
0.18634295463562012
0.17836833000183105
0.19142699241638184
0.1815493106842041
0.18124055862426758
0.17957639694213867
0.1746230125427246
0.17613530158996582
0.17957639694213867
0.18211865425109863
0.30811142921447754
0.1727156639099121
0.1640009880065918
0.16959667205810547
0.17078351974487305
0.17377233505249023
0.17934823036193848
0.1828923225402832
0.19681239128112793
0.20168137550354004
0.20502829551696777
0.18357443809509277
0.18358373641967773
0.17691850662231445
0.17442989349365234
0.18369007110595703
0.18035888671875
0.17990565299987793
0.16074228286743164
0.16952204704284668
0.1697707176208496
0.16463494300842285
0.18015646934509277
0.1854405403137207
0.19133353233337402
0.1810438632965088
0.18020153045654297
0.17503738403320312
0.1804957389831543
0.19525480270385742
0.1827085018157959
0.18683171272277832
0.1831371784210205
0.17955374717712402
0.17335009574890137
0.1758420467376709
0.1696758270263672
0.16402912139892578
0.17397046089172363
0.19095659255981445
0.20273232460021973
0.1856977939605713
0.17277121543884277
0.18140745162963867
0.19028806686401367
0.1844041347503662
0.1813654899597168
0.18028783798217773
0.17277979850769043
0.18208742141723633
0.18511700630187988
0.1860182285308838
0.17291927337646484
0.1598365306854248
0.17950725555419922
0.17484402656555176
0.1690959930419922
0.18094277381896973
0.18678641319274902
0.18707776069641113
0.18503570556640625
0.18242835998535156
0.17785882949829102
0.17585539817810059
0.18498563766479492
0.19122815132141113
0.18708443641662598
0.18915700912475586
0.18018817901611328
0.1675255298614502
0.1723160743713379
0.1700894832611084
0.16162943840026855
0.17357683181762695
0.1775832176208496
0.1844193935394287
0.17290067672729492
0.18590116500854492
0.18026280403137207
0.1875452995300293
0.3291952610015869
0.1790764331817627
0.1837615966796875
0.17781877517700195
0.17299222946166992
0.19263172149658203
0.17027831077575684
0.1709737777709961
0.1609022617340088
0.1773977279663086
0.18593478202819824
0.18947267532348633
0.1828458309173584
0.1761186122894287
0.18442296981811523
0.18346762657165527
0.1802375316619873
0.18558669090270996
0.17641544342041016
0.18432140350341797
0.18248987197875977
0.18244171142578125
0.17267417907714844
0.16131997108459473
0.17413830757141113
0.17056059837341309
0.16794800758361816
0.1769571304321289
0.19958972930908203
0.18565726280212402
0.18886733055114746
0.18161821365356445
0.17545032501220703
0.1769390106201172
0.1886138916015625
0.18627333641052246
0.17242169380187988
0.17453289031982422
0.18161273002624512
0.18854236602783203
0.17753982543945312
0.17551422119140625
0.1611783504486084
0.17055296897888184
0.1827988624572754
0.18731045722961426
0.1895451545715332
0.1866004467010498
0.17641711235046387
0.1794748306274414
0.1813218593597412
0.17798399925231934
0.1737968921661377
0.17602777481079102
0.18838739395141602
0.1959090232849121
0.1947925090789795
0.1752300262451172
0.15984392166137695
0.1712193489074707
0.17993617057800293
0.16376256942749023
0.17554831504821777
0.1858224868774414
0.18091678619384766
0.1788184642791748
0.1739487648010254
0.1814281940460205
0.1840200424194336
0.17970800399780273
0.180938720703125
0.21029162406921387
0.18278908729553223
0.1736278533935547
0.1812906265258789
0.17966914176940918
0.17245769500732422
0.15938854217529297
0.17174816131591797
0.1842789649963379
0.3256216049194336
0.1780683994293213
0.18064665794372559
0.17200326919555664
0.1806931495666504
0.17938709259033203
0.18125224113464355
0.17854976654052734
0.17374587059020996
0.18027710914611816
0.17437243461608887
0.16751432418823242
0.17593860626220703
0.17764544486999512
0.17672324180603027
0.19171833992004395
0.18224501609802246
0.1715552806854248
0.18488359451293945
0.18149805068969727
0.18420028686523438
0.18406128883361816
0.17258071899414062
0.1781301498413086
0.18181514739990234
0.18344831466674805
0.17967438697814941
0.1785593032836914
0.17348980903625488
0.16895771026611328
0.16372323036193848
0.16388249397277832
0.1758134365081787
0.18007993698120117
0.1746525764465332
0.17911410331726074
0.18802309036254883
0.2083601951599121
0.21549177169799805
0.18063569068908691
0.18271803855895996
0.1818222999572754
0.17561030387878418
0.17361879348754883
0.18016314506530762
0.17616653442382812
0.19289374351501465
0.16234874725341797
0.17175602912902832
0.16963958740234375
0.20485544204711914
0.18167471885681152
0.1986231803894043
0.17899203300476074
0.17807483673095703
0.18177342414855957
0.18003511428833008
0.1972956657409668
0.1866922378540039
0.17205429077148438
0.18238496780395508
0.18396544456481934
0.17911267280578613
0.17266511917114258
0.16526556015014648
0.18558239936828613
0.17228174209594727
0.1746842861175537
0.17378878593444824
0.18337535858154297
0.18571877479553223
0.18438243865966797
0.18756747245788574
0.1777358055114746
0.1754150390625
0.1855916976928711
0.2000572681427002
0.1803593635559082
0.18220233917236328
0.17098736763000488
0.167954683303833
0.17443418502807617
0.29633617401123047
0.1697249412536621
0.17531108856201172
0.1813502311706543
0.18084955215454102
0.18208074569702148
0.17360496520996094
0.17892670631408691
0.18210744857788086
0.18292975425720215
0.17986655235290527
0.1739046573638916
0.18009567260742188
0.18065571784973145
0.18174219131469727
0.17599916458129883
0.16104483604431152
0.17130804061889648
0.17001008987426758
0.1635582447052002
0.18549847602844238
0.1892085075378418
0.18506669998168945
0.19038939476013184
0.1779170036315918
0.17628836631774902
0.18192219734191895
0.1817946434020996
0.18182754516601562
0.18056726455688477
0.17301082611083984
0.17748546600341797
0.1797323226928711
0.17071795463562012
0.16214680671691895
0.16867303848266602
0.17333149909973145
0.16408920288085938
0.1856517791748047
0.18990492820739746
0.1868271827697754
0.18534183502197266
0.18150925636291504
0.17497944831848145
0.1782090663909912
0.17793655395507812
0.18428611755371094
0.17679619789123535
0.17870044708251953
0.18061470985412598
0.18522953987121582
0.17534828186035156
0.16310620307922363
0.17430734634399414
0.17400908470153809
0.18397140502929688
0.17542648315429688
0.17976975440979004
0.18307995796203613
0.19078421592712402
0.18248438835144043
0.18421220779418945
0.173264741897583
0.18157339096069336
0.1834111213684082
0.18174123764038086
0.18010711669921875
0.1814420223236084
0.17069101333618164
0.172590970993042
0.16786718368530273
0.1615438461303711
0.17388272285461426
0.1717700958251953
0.17548632621765137
0.1808147430419922
0.1854724884033203
0.1799473762512207
0.3172130584716797
0.18293118476867676
0.1818380355834961
0.1768965721130371
0.1847519874572754
0.1814572811126709
0.18494033813476562
0.17615556716918945
0.16238784790039062
0.16986370086669922
0.17070555686950684
0.1706080436706543
0.1814281940460205
0.18421173095703125
0.18678021430969238
0.18053913116455078
0.17474913597106934
0.17313575744628906
0.18080472946166992
0.18047237396240234
0.16961240768432617
0.1742393970489502
0.18042588233947754
0.18338727951049805
0.16979289054870605
0.1599123477935791
0.1708083152770996
0.1804652214050293
0.1927170753479004
0.17676186561584473
0.17806100845336914
0.17520523071289062
0.1822972297668457
0.17608261108398438
0.17114782333374023
0.17737388610839844
0.18167734146118164
0.18028044700622559
0.17567777633666992
0.1786808967590332
0.183258056640625
0.17997455596923828
0.17509150505065918
0.1687459945678711
0.1730971336364746
0.17302274703979492
0.1682288646697998
0.18091678619384766
0.18639278411865234
0.19149208068847656
0.18406939506530762
0.17731451988220215
0.17436790466308594
0.1838057041168213
0.18443799018859863
0.17955541610717773
0.17869877815246582
0.17063689231872559
0.17988371849060059
0.17352509498596191
0.16579270362854004
0.16437602043151855
0.16988205909729004
0.16550874710083008
0.16431045532226562
0.17782855033874512
0.1792917251586914
0.17824792861938477
0.18249225616455078
0.18417072296142578
0.18425750732421875
0.18358206748962402
0.18920087814331055
0.17724823951721191
0.17268896102905273
0.18762969970703125
0.18015718460083008
0.18755626678466797
0.17066478729248047
0.16396164894104004
0.17220425605773926
0.1686546802520752
0.18378233909606934
0.3526771068572998
0.1834723949432373
0.17846393585205078
0.1786787509918213
0.18090295791625977
0.18116283416748047
0.19097304344177246
0.1824021339416504
0.17251229286193848
0.1837294101715088
0.17194628715515137
0.17431116104125977
0.16230535507202148
0.1710221767425537
0.17926740646362305
0.18154263496398926
0.17356204986572266
0.17762470245361328
0.17966771125793457
0.1829695701599121
0.18219923973083496
0.16939735412597656
0.17923331260681152
0.1863861083984375
0.1825695037841797
0.19022774696350098
0.1742856502532959
0.176849365234375
0.17306137084960938
0.17107343673706055
0.16083312034606934
0.18019771575927734
0.18514013290405273
0.18608498573303223
0.18483400344848633
0.17911481857299805
0.17853021621704102
0.18338799476623535
0.18398642539978027
0.17941951751708984
0.17163991928100586
0.17868781089782715
0.17939233779907227
0.18167757987976074
0.16829514503479004
0.18836092948913574
0.17140913009643555
0.17528676986694336
0.16573405265808105
0.16425824165344238
0.17702794075012207
0.18196630477905273
0.18537139892578125
0.18233609199523926
0.18265581130981445
0.18253302574157715
0.1810002326965332
0.1766674518585205
0.17585206031799316
0.1842350959777832
0.1815013885498047