0.05082583427429199
0.05352616310119629
0.049498796463012695
0.0450129508972168
0.04152512550354004
0.03775286674499512
0.04802846908569336
0.043105125427246094
0.05668473243713379
0.037194013595581055
0.04929637908935547
0.03727555274963379
0.045273542404174805
0.04225015640258789
0.03766274452209473
0.05255484580993652
0.03856086730957031
0.05399060249328613
0.03811073303222656
0.04959559440612793
0.03875732421875
0.04294943809509277
0.050080299377441406
0.043245553970336914
0.04825091361999512
0.04342222213745117
0.05518674850463867
0.04232978820800781
0.05312466621398926
0.04180431365966797
0.051577091217041016
0.04142498970031738
0.0608365535736084
0.041799306869506836
0.05111122131347656
0.04198813438415527
0.06334805488586426
0.04739260673522949
0.05877518653869629
0.04538369178771973
0.06213498115539551
0.047124624252319336
0.08055567741394043
0.06704068183898926
0.048395633697509766
0.05654478073120117
0.04227328300476074
0.05802130699157715
0.046019792556762695
0.06190991401672363
0.05042457580566406
0.05361509323120117
0.05266690254211426
0.048614501953125
0.052326202392578125
0.04842066764831543
0.058504343032836914
0.043694257736206055
0.05108976364135742
0.04537487030029297
0.047597408294677734
0.04678630828857422
0.04612612724304199
0.05216646194458008
0.04354739189147949
0.05333590507507324
0.04340004920959473
0.05627584457397461
0.03847312927246094
0.04887509346008301
0.03815746307373047
0.04972958564758301
0.039736270904541016
0.04477119445800781
0.04164600372314453
0.037726640701293945
0.0529780387878418
0.0392611026763916
0.058854103088378906
0.040581703186035156
0.04685521125793457
0.04198002815246582
0.05636286735534668
0.039766550064086914
0.04957747459411621
0.04210925102233887
0.04076695442199707
0.06966662406921387
0.07523488998413086
0.04668116569519043
0.060109615325927734
0.049448490142822266
0.05898714065551758
0.055521488189697266
0.05446958541870117
0.048455238342285156
0.06211352348327637
0.07416725158691406
0.0508270263671875
0.0507349967956543
0.04333162307739258
0.04712653160095215
0.04088258743286133
0.05441546440124512
0.04159283638000488
0.05236005783081055
0.0412137508392334
0.05520296096801758
0.04085826873779297
0.20668554306030273
0.0566411018371582
0.0413365364074707
0.052567481994628906
0.04169964790344238
0.05688667297363281
0.041903018951416016
0.05537772178649902
0.04330277442932129
0.05671095848083496
0.04406905174255371
0.05896615982055664
0.04242253303527832
0.04877638816833496
0.0427393913269043
0.05182528495788574
0.043680429458618164
0.045684099197387695
0.04807257652282715
0.04053330421447754
0.05792665481567383
0.05250072479248047
0.047394514083862305
0.04634833335876465
0.05081439018249512
0.04075813293457031
0.05157065391540527
0.03968977928161621
0.04997611045837402
0.03883552551269531
0.045272111892700195
0.04218316078186035
0.042084693908691406
0.04797506332397461
0.04509234428405762
0.05109596252441406
0.04181241989135742
0.054773569107055664
0.04711031913757324
0.05823087692260742
0.04207968711853027
0.06377410888671875
0.05013918876647949
0.0533757209777832
0.04449105262756348
0.051285743713378906
0.04356122016906738
0.06073260307312012
0.045938730239868164
0.05356097221374512
0.042043209075927734
0.05878925323486328
0.050667524337768555
0.05183863639831543
0.042858123779296875
0.05001568794250488
0.04544663429260254
0.05513787269592285
0.04282951354980469
0.05213570594787598
0.04246234893798828
0.05826139450073242
0.047457218170166016
0.055039167404174805
0.0435945987701416
0.05671882629394531
0.0495150089263916
0.05346846580505371
0.04237246513366699
0.05197739601135254
0.04316234588623047
0.05208444595336914
0.04279923439025879
0.05461716651916504
0.04150795936584473
0.060779571533203125
0.04870462417602539
0.05671048164367676
0.046773433685302734
0.05229592323303223
0.04171180725097656
0.05649447441101074
0.038361310958862305
0.051836490631103516
0.03850817680358887
0.04917001724243164
0.04069232940673828
0.04686307907104492
0.04453635215759277
0.03799867630004883
0.05408596992492676
0.03928256034851074
0.05414938926696777
0.038602352142333984
0.05048489570617676
0.041831254959106445
0.05653810501098633
0.045833587646484375
0.0582582950592041
0.04999256134033203
0.07039356231689453
0.05476856231689453
0.05721855163574219
0.06752967834472656
0.05566859245300293
0.058159589767456055
0.04494285583496094
0.05832362174987793
0.04510235786437988
0.05343484878540039
0.04117083549499512
0.056418657302856445
0.042845726013183594
0.062093496322631836
0.04198002815246582
0.05780816078186035
0.053568363189697266
0.05433320999145508
0.06345391273498535
0.0467982292175293
0.0577244758605957
0.04518270492553711
0.059317588806152344
0.04666876792907715
0.0589747428894043
0.04538440704345703
0.06026315689086914
0.04640030860900879
0.05778169631958008
0.047149658203125
0.05141878128051758
0.041040658950805664
0.052652597427368164
0.04576468467712402
0.058022260665893555
0.04078197479248047
0.05957603454589844
0.04121208190917969
0.05270123481750488
0.040003299713134766
0.05616903305053711
0.03832125663757324
0.05027341842651367
0.04153132438659668
0.042765140533447266
0.04726052284240723
0.04442644119262695
0.04788517951965332
0.0374603271484375
0.048102617263793945
0.03734779357910156
0.044881582260131836
0.04559445381164551
0.04560375213623047
0.047167301177978516
0.03778815269470215
0.05280256271362305
0.043299198150634766
0.05455136299133301
0.046271562576293945
0.0574951171875
0.04126763343811035
0.06140542030334473
0.04535984992980957
0.05663299560546875
0.04170060157775879
0.056609392166137695
0.04511094093322754
0.05557131767272949
0.040143728256225586
0.0562291145324707
0.04167938232421875
0.05382847785949707
0.04513430595397949
0.05463433265686035
0.04180765151977539
0.05942869186401367
0.0420989990234375
0.06682896614074707
0.05830669403076172
0.05059671401977539
0.04648423194885254
0.05621957778930664
0.04501652717590332
0.04855036735534668
0.043122291564941406
0.05244326591491699
0.05003190040588379
0.052233219146728516
0.04256319999694824
0.05463433265686035
0.04839277267456055
0.05417680740356445
0.0410609245300293
0.05552387237548828
0.042151451110839844
0.06337094306945801
0.044132232666015625
0.05286049842834473
0.042413949966430664
0.05545783042907715
0.04307985305786133
0.0570676326751709
0.041494131088256836
0.05452752113342285
0.04239797592163086
0.05286574363708496
0.04214286804199219
0.05905270576477051
0.03987479209899902
0.055236101150512695
0.04254627227783203
0.06236696243286133
0.04829764366149902
0.05960893630981445
0.05132794380187988
0.0557408332824707
0.04192352294921875
0.057297706604003906
0.03898453712463379
0.06433558464050293
0.054998159408569336
0.045903682708740234
0.04369354248046875
0.04848432540893555
0.04264116287231445
0.057103633880615234
0.04361605644226074
0.05452156066894531
0.04278159141540527
0.06385350227355957
0.04831433296203613
0.05322074890136719
0.047283172607421875
0.05389904975891113
0.04784440994262695
0.05123114585876465
0.06438946723937988
0.044568538665771484
0.05042695999145508
0.04355454444885254
0.05634951591491699
0.04267001152038574
0.04957318305969238
0.05014348030090332
0.04447770118713379
0.05121183395385742
0.043677330017089844
0.05178356170654297
0.04165315628051758
0.052051544189453125
0.04082965850830078
0.052469491958618164
0.04165339469909668
0.05374026298522949
0.04102444648742676
0.054453372955322266
0.04302382469177246
0.05373978614807129
0.046250104904174805
0.05120110511779785
0.04351544380187988
0.050673723220825195
0.042989253997802734
0.047531843185424805
0.048492431640625
0.04387784004211426
0.04610323905944824
0.03919053077697754
0.04985237121582031
0.038594722747802734
0.05081009864807129
0.04222226142883301
0.044651031494140625
0.0466618537902832
0.03977012634277344
0.045821189880371094
0.03714251518249512
0.05601644515991211
0.03919863700866699
0.05595564842224121
0.037957191467285156
0.04988861083984375
0.03983259201049805
0.04174613952636719
0.04474663734436035
0.03720903396606445
0.05762982368469238
0.0424044132232666
0.0584874153137207
0.04646134376525879
0.06028890609741211
0.04202985763549805
0.05779099464416504
0.041748046875
0.05254483222961426
0.04122304916381836
0.05466604232788086
0.041840314865112305
0.056798696517944336
0.04117870330810547
0.05411982536315918
0.042623281478881836
0.05204200744628906
0.04210948944091797
0.05459094047546387
0.04090404510498047
0.05570697784423828
0.043792009353637695
0.05457305908203125
0.04608345031738281
0.05028390884399414
0.043058156967163086
0.04715609550476074
0.052033424377441406
0.04802560806274414
0.050496578216552734
0.045555830001831055
0.049553632736206055
0.04250645637512207
0.05713391304016113
0.0437009334564209
0.05092477798461914
0.041889190673828125
0.05668306350708008
0.04116654396057129
0.05857396125793457
0.042664289474487305
0.05352306365966797
0.041628122329711914
0.05277562141418457
0.041721343994140625
0.05844831466674805
0.04185914993286133
0.055875301361083984
0.04520010948181152
0.05196499824523926
0.0427703857421875
0.050574541091918945
0.038727521896362305
0.042687416076660156
0.04448342323303223
0.03941917419433594
0.048073530197143555
0.03769493103027344
0.04803657531738281
0.03729581832885742
0.04263710975646973
0.0505373477935791
0.04038190841674805
0.05079007148742676
0.04183697700500488
0.05672931671142578
0.04289674758911133
0.05938005447387695
0.042932987213134766
0.054395437240600586
0.04265618324279785
0.052614688873291016
0.041877031326293945
0.05344986915588379
0.04224729537963867
0.05402016639709473
0.0450894832611084
0.055288076400756836
0.04101228713989258
0.04916238784790039
0.04433298110961914
0.05413413047790527
0.04742312431335449
0.04733991622924805
0.04365682601928711
0.055501699447631836
0.05078744888305664
0.04569268226623535
0.0461268424987793
0.04300522804260254
0.05249166488647461
0.04202985763549805
0.05037260055541992
0.0427703857421875
0.053575992584228516
0.04132819175720215
0.052892208099365234
0.0411982536315918
0.055116891860961914
0.044342041015625
0.059824228286743164
0.04231572151184082
0.05441594123840332
0.04140591621398926
0.05057358741760254
0.041715145111083984
0.04927539825439453
0.04368758201599121
0.04470252990722656
0.05088019371032715
0.041483163833618164
0.048424482345581055
0.03747224807739258
0.04805397987365723
0.03742361068725586
0.05036449432373047
0.04255962371826172
0.03998064994812012
0.04810762405395508
0.038129329681396484
0.0515904426574707
0.03808093070983887
0.04916548728942871
0.04110980033874512
0.04359579086303711
0.04182863235473633
0.037410736083984375
0.04858112335205078
0.039188385009765625
0.05500006675720215
0.042859792709350586
0.060072898864746094
0.041884422302246094
0.052052974700927734
0.04119372367858887
0.06062960624694824
0.04248547554016113
0.053778648376464844
0.043349266052246094
0.05630946159362793
0.04381442070007324
0.05763578414916992
0.041983842849731445
0.052182674407958984
0.04135918617248535
0.04840087890625
0.045325517654418945
0.04281210899353027
0.049306631088256836
0.04256844520568848
0.04893016815185547
0.04939627647399902
0.05631089210510254
0.041335344314575195
0.053826332092285156
0.04422616958618164
0.06180572509765625
0.04167747497558594
0.06118297576904297
0.04809880256652832
0.05594444274902344
0.049546241760253906
0.056316375732421875
0.05936932563781738
0.04705810546875
0.05753827095031738
0.04536318778991699
0.054503679275512695
0.04681086540222168
0.05563187599182129
0.04616880416870117
0.05549502372741699
0.045867204666137695
0.05946469306945801
0.04543924331665039
0.061303138732910156
0.04443001747131348
0.057236433029174805
0.04189729690551758
0.05585360527038574
0.04150867462158203
0.06737875938415527
0.05649590492248535
0.06221318244934082
0.06421303749084473
0.054116010665893555
0.06485486030578613
0.07070446014404297
0.05250072479248047
0.05734062194824219
0.05407905578613281
0.05846881866455078
0.04735088348388672
0.0582733154296875
0.04349684715270996
0.05175638198852539
0.04215836524963379
0.06517863273620605
0.054056406021118164
0.04913043975830078
0.04688835144042969
0.05402398109436035
0.0511627197265625
0.049068450927734375
0.04382038116455078
0.05259871482849121
0.042879343032836914
0.052252769470214844
0.04110908508300781
0.05675196647644043
0.04354524612426758
0.05688953399658203
0.04179525375366211
0.053018808364868164
0.042653799057006836
0.05374026298522949
0.04278230667114258
0.05431175231933594
0.040917158126831055
0.060699462890625
0.043099403381347656
0.05550527572631836
0.04225516319274902
0.05590939521789551
0.044567108154296875
0.062067508697509766
0.043062686920166016
0.05613088607788086
0.041344404220581055
0.054761409759521484
0.04280233383178711
0.05852556228637695
0.042334556579589844
0.057607412338256836
0.04159402847290039
0.06185173988342285
0.04293179512023926
0.05172252655029297
0.03875231742858887
0.0506434440612793
0.041062355041503906
0.04409050941467285
0.04181838035583496
0.03846478462219238
0.049666643142700195
0.038017988204956055
0.05251431465148926
0.037694692611694336
0.04756569862365723
0.04074549674987793
0.04058670997619629
0.05392909049987793
0.03761625289916992
0.055738210678100586
0.04040241241455078
0.05632734298706055
0.04461407661437988
0.05131936073303223
0.039914846420288086
0.05946803092956543
0.04271578788757324
0.05312204360961914
0.042397499084472656
0.057164907455444336
0.04178500175476074
0.05680418014526367
0.04467272758483887
0.060723304748535156
0.04373335838317871
0.05663561820983887
0.043364524841308594
0.05413985252380371
0.04195117950439453
0.05176997184753418
0.04298114776611328
0.05189085006713867
0.04283571243286133
0.050939083099365234
0.04389786720275879
0.04682350158691406
0.05107378959655762
0.04461479187011719
0.05248141288757324
0.04620814323425293
0.05643415451049805
0.048314571380615234
0.05222463607788086
0.04372286796569824
0.048661231994628906
0.047094106674194336
0.04974627494812012
0.041684627532958984
0.056543827056884766
0.04167485237121582
0.046662092208862305
0.05870866775512695
0.05955076217651367
0.04262590408325195
0.05498003959655762
0.042740821838378906
0.05401134490966797
0.04138064384460449
0.053878068923950195
0.039685964584350586
0.051450252532958984
0.03786349296569824
0.05160808563232422
0.03887939453125
0.04219245910644531
0.05347585678100586
0.06319427490234375
0.050937652587890625
0.06492233276367188
0.03918862342834473
0.056754350662231445
0.039139747619628906
0.052510976791381836
0.043799638748168945
0.06001710891723633
0.04851579666137695
0.06282663345336914
0.0484311580657959
0.0576019287109375
0.04738974571228027
0.056574344635009766
0.049910545349121094
0.06575417518615723
0.061040639877319336
0.049224853515625
0.0618128776550293
0.047664642333984375
0.07396507263183594
0.06276822090148926
0.2144451141357422
0.04214000701904297
0.053844451904296875
0.04147601127624512
0.05287480354309082
0.0412600040435791
0.05187535285949707
0.04781675338745117
0.04847431182861328
0.04377460479736328
0.04652547836303711
0.04825234413146973
0.042067766189575195
0.05005192756652832
0.04178214073181152
0.05133199691772461
0.04181671142578125
0.05622577667236328
0.04111623764038086
0.05858445167541504
0.04327511787414551
0.056372642517089844
0.03871941566467285
0.05346488952636719
0.039642333984375
0.054164886474609375
0.0434415340423584
0.05821561813354492
0.03951764106750488
0.04876875877380371
0.0442357063293457
0.05105733871459961
0.0496218204498291
0.04408884048461914
0.05000042915344238
0.04013395309448242
0.05457615852355957
0.03805947303771973
0.05167722702026367
0.04279017448425293
0.05466437339782715
0.042064666748046875
0.05476999282836914
0.04272890090942383
0.04897761344909668
0.043683528900146484
0.05102992057800293
0.04387354850769043
0.044243574142456055
0.04573488235473633
0.042634010314941406
0.052580833435058594
0.043683528900146484
0.054955482482910156
0.04499506950378418
0.05506777763366699
0.0419774055480957
0.05193734169006348
0.041611433029174805
0.060975074768066406
0.04306364059448242
0.052460670471191406
0.04134392738342285
0.05186939239501953
0.041758060455322266
0.052101850509643555
0.04276609420776367
0.04794955253601074
0.043877363204956055
0.048432111740112305
0.05088973045349121
0.04532909393310547
0.04709577560424805
0.04083752632141113
0.05256223678588867
0.0420682430267334
0.05906319618225098
0.04358720779418945
0.05869579315185547
0.042725324630737305
0.056624412536621094
0.03886127471923828
0.052242279052734375
0.038561105728149414
0.050195932388305664
0.042595624923706055
0.060987234115600586
0.04215693473815918
0.062470436096191406
0.04244279861450195
0.05903148651123047
0.04181051254272461
0.05479693412780762
0.0388026237487793
0.055522918701171875
0.0373690128326416
0.04315495491027832
0.046129465103149414
0.0404818058013916
0.05088186264038086
0.03774452209472656
0.04949831962585449
0.03940773010253906
0.056513309478759766