0.12835025787353516
0.12252569198608398
0.1239171028137207
0.11944890022277832
0.12024617195129395
0.12338662147521973
0.12833619117736816
0.12389874458312988
0.12494874000549316
0.12045526504516602
0.12448859214782715
0.12232065200805664
0.12366962432861328
0.11854887008666992
0.12343215942382812
0.11812329292297363
0.12081456184387207
0.12067246437072754
0.11555290222167969
0.11000180244445801
0.11440324783325195
0.11420679092407227
0.11553001403808594
0.11108684539794922
0.11005187034606934
0.1233377456665039
0.12565302848815918
0.11983370780944824
0.13329339027404785
0.13792967796325684
0.13294768333435059
0.12513351440429688
0.13810515403747559
0.12540888786315918
0.12399792671203613
0.12988662719726562
0.13187098503112793
0.12743449211120605
0.12668800354003906
0.13143157958984375
0.1214456558227539
0.11759757995605469
0.1216728687286377
0.1217348575592041
0.11139798164367676
0.11422371864318848
0.10893964767456055
0.11329150199890137
0.11246776580810547
0.10810279846191406
0.10783147811889648
0.11463093757629395
0.11948823928833008
0.1248929500579834
0.12313652038574219
0.12058138847351074
0.11918044090270996
0.11757111549377441
0.14446473121643066
0.14344501495361328
0.13266777992248535
0.12479496002197266
0.13157057762145996
0.12561368942260742
0.12539029121398926
0.1237635612487793
0.13095784187316895
0.12854480743408203
0.12127685546875
0.1265878677368164
0.1208505630493164
0.12326550483703613
0.11609816551208496
0.1114954948425293
0.11197209358215332
0.11399006843566895
0.11629796028137207
0.11542248725891113
0.12076926231384277
0.12078237533569336
0.12570738792419434
0.13053631782531738
0.12246274948120117
0.12235569953918457
0.12259173393249512
0.1238253116607666
0.1239316463470459
0.12392163276672363
0.27902889251708984
0.14595746994018555
0.1222836971282959
0.12254691123962402
0.12143731117248535
0.12324094772338867
0.12832164764404297
0.11833477020263672
0.11402511596679688
0.11445164680480957
0.11170601844787598
0.1132657527923584
0.11541604995727539
0.11298227310180664
0.11729097366333008
0.12175822257995605
0.12012934684753418
0.11950421333312988
0.11991095542907715
0.12438249588012695
0.12488532066345215
0.11912107467651367
0.12009167671203613
0.12015724182128906
0.12152981758117676
0.12119317054748535
0.1177055835723877
0.11860418319702148
0.1231687068939209
0.13265681266784668
0.13390159606933594
0.12000393867492676
0.12032532691955566
0.12032222747802734
0.12057852745056152
0.12030506134033203
0.11316609382629395
0.11129260063171387
0.11023259162902832
0.1102290153503418
0.11589765548706055
0.10882258415222168
0.11043882369995117
0.11304759979248047
0.12220907211303711
0.12416815757751465
0.12671613693237305
0.12402701377868652
0.12273192405700684
0.12451815605163574
0.1221005916595459
0.12102031707763672
0.12186574935913086
0.12601637840270996
0.12615680694580078
0.12348341941833496
0.12322735786437988
0.12550926208496094
0.12131905555725098
0.12088656425476074
0.12580442428588867
0.11811089515686035
0.1256413459777832
0.11480307579040527
0.11091732978820801
0.11268353462219238
0.1155540943145752
0.10973715782165527
0.10939574241638184
0.11185789108276367
0.1145787239074707
0.11852788925170898
0.11945247650146484
0.1195216178894043
0.12663483619689941
0.11891531944274902
0.12062978744506836
0.11980390548706055
0.11838626861572266
0.12052178382873535
0.12341618537902832
0.11868643760681152
0.12201309204101562
0.11632585525512695
0.11842179298400879
0.11698722839355469
0.11972570419311523
0.11903762817382812
0.11983346939086914
0.12017083168029785
0.12089681625366211
0.1253795623779297
0.12278270721435547
0.10967206954956055
0.11120820045471191
0.11081767082214355
0.11199021339416504
0.1159048080444336
0.12294864654541016
0.12103796005249023
0.11988425254821777
0.12189292907714844
0.1228322982788086
0.122283935546875
0.12253880500793457
0.11736106872558594
0.11880636215209961
0.12069869041442871
0.12109065055847168
0.1205286979675293
0.12030816078186035
0.11963558197021484
0.12571310997009277
0.12543511390686035
0.12207436561584473
0.1205742359161377
0.1296067237854004
0.1310713291168213
0.12078070640563965
0.11688804626464844
0.11902832984924316
0.11636853218078613
0.1087183952331543
0.10978412628173828
0.11475610733032227
0.11512064933776855
0.1210024356842041
0.12001991271972656
0.11801862716674805
0.11907792091369629
0.12056660652160645
0.12293529510498047
0.12831807136535645
0.12068033218383789
0.12446188926696777
0.12227916717529297
0.12515878677368164
0.12234997749328613
0.12267804145812988
0.12196230888366699
0.12811279296875
0.25378918647766113
0.12044000625610352
0.12248897552490234
0.11374592781066895
0.11107039451599121
0.12161040306091309
0.12048578262329102
0.11702919006347656
0.12710309028625488
0.12627077102661133
0.12948894500732422
0.1340014934539795
0.12123942375183105
0.13565468788146973
0.13448524475097656
0.13321375846862793
0.1232290267944336
0.1216423511505127
0.13248586654663086
0.11504435539245605
0.12984633445739746
0.12422776222229004
0.13651823997497559
0.12477350234985352
0.11589384078979492
0.1323535442352295
0.12257862091064453
0.11633944511413574
0.11086082458496094
0.1187431812286377
0.11481642723083496
0.10856366157531738
0.10860347747802734
0.11170291900634766
0.11002159118652344
0.11597824096679688
0.11929082870483398
0.11761879920959473
0.1207890510559082
0.13175511360168457
0.13127446174621582
0.11981344223022461
0.12436103820800781
0.12175154685974121
0.11856818199157715
0.11864662170410156
0.12045812606811523
0.1223902702331543
0.12024307250976562
0.11934351921081543
0.11916780471801758
0.11939358711242676
0.12172389030456543
0.1295926570892334
0.1286001205444336
0.12729811668395996
0.1178891658782959
0.11623930931091309
0.11370134353637695
0.11272192001342773
0.11190676689147949
0.11513137817382812
0.12542963027954102
0.12890958786010742
0.12629389762878418
0.12086129188537598
0.12569022178649902
0.12295794486999512
0.12326407432556152
0.12387371063232422
0.1228184700012207
0.12264347076416016
0.1322636604309082
0.12691903114318848
0.12499880790710449
0.12685847282409668
0.12398219108581543
0.12293243408203125
0.12003564834594727
0.12764763832092285
0.12881994247436523
0.1175692081451416
0.11424422264099121
0.1128683090209961
0.11661982536315918
0.12607717514038086
0.11833810806274414
0.1152048110961914
0.11523914337158203
0.12915492057800293
0.12369489669799805
0.12035465240478516
0.12165713310241699
0.12167763710021973
0.12171459197998047
0.12389349937438965
0.12766456604003906
0.1312084197998047
0.12313294410705566
0.12190437316894531
0.1225588321685791
0.12064814567565918
0.12200403213500977
0.11928009986877441
0.11878299713134766
0.12136077880859375
0.12612009048461914
0.12425804138183594
0.12097311019897461
0.1158602237701416
0.11242079734802246
0.11085271835327148
0.12019181251525879
0.11925673484802246
0.11687397956848145
0.11266493797302246
0.11484909057617188
0.12404513359069824
0.12654733657836914
0.12334561347961426
0.12374138832092285
0.12825870513916016
0.12821102142333984
0.1263442039489746
0.12222838401794434
0.12332010269165039
0.12027955055236816
0.12244534492492676
0.1206967830657959
0.12370061874389648
0.12559175491333008
0.12073421478271484
0.12050390243530273
0.12093329429626465
0.12216567993164062
0.1297016143798828
0.12031054496765137
0.11266660690307617
0.11444807052612305
0.26431870460510254
0.11251354217529297
0.11266279220581055
0.1133570671081543
0.12445998191833496
0.12531423568725586
0.12421464920043945
0.12146210670471191
0.12143063545227051
0.12796974182128906
0.12665987014770508
0.12248086929321289
0.12433242797851562
0.12830042839050293
0.12456536293029785
0.12263751029968262
0.12526273727416992
0.12689518928527832
0.1230928897857666
0.12390565872192383
0.12038230895996094
0.13832449913024902
0.13201379776000977
0.1285243034362793
0.11879777908325195
0.11260509490966797
0.1145164966583252
0.11934709548950195
0.11207795143127441
0.11807060241699219
0.1290578842163086
0.12892794609069824
0.12433290481567383
0.1269824504852295
0.13045167922973633
0.1186068058013916
0.11800408363342285
0.12221217155456543
0.12736272811889648
0.12355256080627441
0.12298297882080078
0.11915230751037598
0.12124752998352051
0.12102818489074707
0.11738824844360352
0.12389492988586426
0.12095808982849121
0.12263870239257812
0.1193552017211914
0.11618614196777344
0.11762118339538574
0.11201310157775879
0.11263608932495117
0.11317014694213867
0.11724185943603516
0.11899852752685547
0.12317872047424316
0.12028908729553223
0.11920046806335449
0.12257671356201172
0.12246966361999512
0.12206864356994629
0.12306642532348633
0.12434577941894531
0.12383246421813965
0.12116384506225586
0.1233208179473877
0.12196135520935059
0.12385869026184082
0.11814308166503906
0.12236690521240234
0.1219477653503418
0.12606358528137207
0.12938642501831055
0.12778234481811523
0.12819266319274902
0.1243739128112793
0.11672353744506836
0.1159975528717041
0.11770153045654297
0.11950397491455078
0.1247854232788086
0.12600207328796387
0.12835264205932617
0.1269688606262207
0.1366407871246338
0.1292407512664795
0.12953424453735352
0.13068866729736328
0.12863850593566895
0.12215924263000488
0.11877918243408203
0.1189262866973877
0.12049007415771484
0.11998891830444336
0.12468218803405762
0.12521934509277344
0.1260976791381836
0.12451887130737305
0.1238090991973877
0.12146782875061035
0.11376094818115234
0.11701655387878418
0.11507010459899902
0.12466073036193848
0.12073945999145508
0.11914777755737305
0.12110710144042969
0.12158989906311035
0.1259317398071289
0.12767910957336426
0.12264275550842285
0.12156939506530762
0.1194615364074707
0.12016773223876953
0.12142467498779297
0.12200570106506348
0.1167445182800293
0.12230730056762695
0.12132644653320312
0.1263561248779297
0.1245882511138916
0.1212770938873291
0.11888360977172852
0.12239360809326172
0.12019062042236328
0.12028980255126953
0.1134495735168457
0.11478281021118164
0.1139059066772461
0.11378717422485352
0.11352872848510742
0.11652708053588867
0.12386012077331543
0.12118172645568848
0.1228644847869873
0.12761998176574707
0.1273493766784668
0.12397933006286621
0.12016940116882324
0.12404584884643555
0.24888110160827637
0.12158393859863281
0.12312531471252441
0.1269359588623047
0.12203359603881836
0.12420201301574707
0.12180590629577637
0.12236571311950684
0.12253141403198242
0.11775970458984375
0.11478185653686523
0.11551403999328613
0.12240958213806152
0.114471435546875
0.11351966857910156
0.11433291435241699
0.1165318489074707
0.12452960014343262
0.12461709976196289
0.12096452713012695
0.12348508834838867
0.12438583374023438
0.1243588924407959
0.12155342102050781
0.12608933448791504
0.11977601051330566
0.12709832191467285
0.12027502059936523
0.12182927131652832
0.12265968322753906
0.1225428581237793
0.12250351905822754
0.1211090087890625
0.12080526351928711
0.12146234512329102
0.1261153221130371
0.11986231803894043
0.11261415481567383
0.11583542823791504
0.13605642318725586
0.11948275566101074
0.1128225326538086
0.11486291885375977
0.1114964485168457
0.12506651878356934
0.12538647651672363
0.1230173110961914
0.12153840065002441
0.12331485748291016
0.1253960132598877
0.12582612037658691
0.12613654136657715
0.12030601501464844
0.1230316162109375
0.12665915489196777
0.11844944953918457
0.1255936622619629
0.12196588516235352
0.1246788501739502
0.12343358993530273
0.12293124198913574
0.12188363075256348
0.12351584434509277
0.11563444137573242
0.11802101135253906
0.11414408683776855
0.11250543594360352
0.1132817268371582
0.11327219009399414
0.1229856014251709
0.12378573417663574
0.13074111938476562
0.11983013153076172
0.12589454650878906
0.12376952171325684
0.12122678756713867
0.12348103523254395
0.1279301643371582
0.12930846214294434
0.12302088737487793
0.1229543685913086
0.12623810768127441
0.1239323616027832
0.12200093269348145
0.12386536598205566
0.12996292114257812
0.12465691566467285
0.12117385864257812
0.12656760215759277
0.12264370918273926
0.11696290969848633
0.11579418182373047
0.11887359619140625
0.11394500732421875
0.11439990997314453
0.12404060363769531
0.12457799911499023
0.12420225143432617
0.12647342681884766
0.1315174102783203
0.13283658027648926
0.12759041786193848
0.12529444694519043
0.12563133239746094
0.12202763557434082
0.12310338020324707
0.12647461891174316
0.12492489814758301
0.12451887130737305
0.12712335586547852
0.1270139217376709
0.12958836555480957
0.12208819389343262
0.1223604679107666
0.1265425682067871
0.11405491828918457
0.11715817451477051
0.11707234382629395
0.11650562286376953
0.11535334587097168
0.11690831184387207
0.12359356880187988
0.11994743347167969
0.12336349487304688
0.1254103183746338
0.1276378631591797
0.12753701210021973
0.12179684638977051
0.12429094314575195
0.1282963752746582
0.1268465518951416
0.12153315544128418
0.1301729679107666
0.1238398551940918
0.1251676082611084
0.12521719932556152
0.12979364395141602
0.12709903717041016
0.12403416633605957
0.1230924129486084
0.13149309158325195
0.12377572059631348
0.23951935768127441
0.12284231185913086
0.12128353118896484
0.11666584014892578
0.11586999893188477
0.11555814743041992
0.1123805046081543
0.11663985252380371
0.1173393726348877
0.11707091331481934
0.11728477478027344
0.11872100830078125
0.12035465240478516
0.11860013008117676
0.11674189567565918
0.11836504936218262
0.1225728988647461
0.11850333213806152
0.12053966522216797
0.11833596229553223
0.11963701248168945
0.11722755432128906
0.11817383766174316
0.11790704727172852
0.12489199638366699
0.12181210517883301
0.11887192726135254
0.11052966117858887
0.10957837104797363
0.11041021347045898
0.11003851890563965
0.11034345626831055
0.1097414493560791
0.11371254920959473
0.11942267417907715
0.12044239044189453
0.11745119094848633
0.12069058418273926
0.12226319313049316
0.12995219230651855
0.12671995162963867
0.1206357479095459
0.12375569343566895
0.12267732620239258
0.11884593963623047
0.12178778648376465
0.11864781379699707
0.12172222137451172
0.12322402000427246
0.11885309219360352
0.1309947967529297
0.13292407989501953
0.13064360618591309
0.13556790351867676
0.13411545753479004
0.11745667457580566
0.11994385719299316
0.12269711494445801
0.11936044692993164
0.11649775505065918
0.12648248672485352
0.1257636547088623
0.12726759910583496
0.12487292289733887
0.1235504150390625
0.1294691562652588
0.12610435485839844
0.11957859992980957
0.11877584457397461
0.12016630172729492
0.12081623077392578
0.12154150009155273
0.1254260540008545
0.13160467147827148
0.12599420547485352
0.12029552459716797
0.11994528770446777
0.11960864067077637
0.12075042724609375
0.12060904502868652
0.11481833457946777
0.11449456214904785
0.12582921981811523
0.12563300132751465
0.11719226837158203
0.1152184009552002
0.11330199241638184
0.11136221885681152
0.11171984672546387
0.12007880210876465
0.1251664161682129
0.12480545043945312
0.12182021141052246
0.11946368217468262
0.12388324737548828
0.12034058570861816
0.12108874320983887
0.1231379508972168
0.11968469619750977
0.12646269798278809
0.12144804000854492
0.11857151985168457
0.12232184410095215
0.12208294868469238
0.12397456169128418
0.1215674877166748
0.12239408493041992
0.12276554107666016
0.12553691864013672
0.12091326713562012
0.11491560935974121
0.11425042152404785
0.11201333999633789
0.11267948150634766
0.11508917808532715
0.11632561683654785
0.12270975112915039
0.12366986274719238
0.12272143363952637
0.12317705154418945
0.12584543228149414
0.13356637954711914
0.12173151969909668
0.1301286220550537
0.12627744674682617
0.12197589874267578
0.12149834632873535
0.12161374092102051
0.12137746810913086
0.11962223052978516
0.12233495712280273
0.12380719184875488
0.12413549423217773
0.12185883522033691
0.12224817276000977
0.11979150772094727
0.11748909950256348
0.11543846130371094
0.11463665962219238
0.11583733558654785
0.11918854713439941
0.2489781379699707
0.1240231990814209
0.12536883354187012
0.12452220916748047
0.1251060962677002
0.1253986358642578
0.12442612648010254
0.12543797492980957
0.12534332275390625
0.1198720932006836
0.12205028533935547
0.11993861198425293
0.12059926986694336
0.13086700439453125
0.1279735565185547
0.12020683288574219
0.12254977226257324
0.12394189834594727
0.12085103988647461
0.12032723426818848
0.11777234077453613
0.11542892456054688
0.1166074275970459
0.11649560928344727
0.11405611038208008
0.11336588859558105
0.12171173095703125
0.12394499778747559
0.12344479560852051
0.12099838256835938
0.12301826477050781
0.12784910202026367
0.11982131004333496
0.11924242973327637
0.11923384666442871
0.12137031555175781
0.12409639358520508
0.11888623237609863
0.11927103996276855
0.12202692031860352
0.11996245384216309
0.12308287620544434
0.12259793281555176
0.1193387508392334
0.1214146614074707
0.11448287963867188
0.11286473274230957
0.11376738548278809
0.11785697937011719
0.11199569702148438
0.11098885536193848
0.1098318099975586
0.11106133460998535
0.11136388778686523
0.11847925186157227
0.1242372989654541
0.12156987190246582
0.1204679012298584
0.13858556747436523
0.12435317039489746
0.12018370628356934
0.11675310134887695
0.12034773826599121
0.11687517166137695
0.12262511253356934
0.11704444885253906
0.1166236400604248
0.11627817153930664
0.13256216049194336
0.12172651290893555
0.11895084381103516
0.11852717399597168
0.11779069900512695
0.11766576766967773
0.11626958847045898
0.10789656639099121
0.11019444465637207
0.10956358909606934
0.11640501022338867
0.11606335639953613
0.11934852600097656
0.1185450553894043
0.11905527114868164
0.1280982494354248
0.14847683906555176
0.13097667694091797
0.12377190589904785
0.1244499683380127
0.13879871368408203
0.12564778327941895
0.12069821357727051
0.11902999877929688
0.11926388740539551
0.12169837951660156
0.12046098709106445
0.11973142623901367
0.11857247352600098
0.12856125831604004
0.1329646110534668
0.12392687797546387
0.11448550224304199
0.10937261581420898
0.11441755294799805
0.11304140090942383
0.11044001579284668
0.11241388320922852
0.11495637893676758
0.11361432075500488
0.14342975616455078
0.12493753433227539
0.11692667007446289
0.11624741554260254
0.11565661430358887
0.11485862731933594
0.11915135383605957
0.11587882041931152
0.11432671546936035
0.11421608924865723
0.13184380531311035
0.12467455863952637
0.11600875854492188
0.11684703826904297
0.1195986270904541
0.11802220344543457
0.11706781387329102
0.1174314022064209
0.11825013160705566
0.11792922019958496
0.1358025074005127
0.12072610855102539
0.10855245590209961
0.11049199104309082
0.1121213436126709
0.10889196395874023
0.11026811599731445
0.11904215812683105
0.11829757690429688
0.11633419990539551
0.12772011756896973
0.12990975379943848
0.12065887451171875
0.12169170379638672
0.11797142028808594
0.11895418167114258
0.12015104293823242
0.24152421951293945
0.11966991424560547
0.12009572982788086
0.12050342559814453
0.11922883987426758
0.12113428115844727
0.12046527862548828
0.11943459510803223
0.12052464485168457
0.11373543739318848
0.11991357803344727
0.11395573616027832
0.11720967292785645
0.11367106437683105
0.1174314022064209
0.12352895736694336
0.12637782096862793
0.11737728118896484
0.12798833847045898
0.12396860122680664
0.12623262405395508
0.12501978874206543
0.13124823570251465
0.12297248840332031
0.12451481819152832
0.12164163589477539
0.12592601776123047
0.12586283683776855
0.12256026268005371
0.12130999565124512
0.12198376655578613
0.12669920921325684
0.12765026092529297
0.1341099739074707
0.1294257640838623
0.14068818092346191
0.1300368309020996
0.12630915641784668
0.12075042724609375
0.11191463470458984
0.11813020706176758
0.1150217056274414
0.1228945255279541
0.125640869140625
0.12425112724304199
0.1239159107208252
0.12722229957580566
0.1306626796722412
0.13208508491516113
0.12682723999023438
0.12627530097961426
0.12176251411437988
0.12404656410217285
0.12271690368652344
0.12794280052185059
0.13015341758728027
0.12279987335205078
0.12212157249450684
0.13234257698059082
0.12908697128295898
0.12429094314575195
0.11977648735046387
0.11709022521972656