0.09379410743713379
0.09255409240722656
0.08547472953796387
0.08455109596252441
0.08119893074035645
0.07348299026489258
0.0869135856628418
0.08825087547302246
0.09206581115722656
0.10127806663513184
0.1013326644897461
0.09902620315551758
0.09659504890441895
0.08725237846374512
0.0956428050994873
0.08986020088195801
0.09708261489868164
0.11883211135864258
0.09100627899169922
0.0984339714050293
0.09621739387512207
0.09723210334777832
0.09439802169799805
0.08647751808166504
0.08939099311828613
0.08896732330322266
0.09321045875549316
0.09220170974731445
0.09187531471252441
0.09471011161804199
0.0909430980682373
0.09086227416992188
0.08439874649047852
0.08282160758972168
0.08190369606018066
0.08653593063354492
0.09109783172607422
0.0888051986694336
0.09572291374206543
0.08879423141479492
0.08844685554504395
0.09808897972106934
0.09613704681396484
0.0969078540802002
0.08238697052001953
0.09956097602844238
0.08577823638916016
0.0943136215209961
0.09478497505187988
0.09833669662475586
0.09576988220214844
0.09235119819641113
0.09883427619934082
0.09624409675598145
0.09040069580078125
0.0859832763671875
0.08646416664123535
0.09059739112854004
0.08602356910705566
0.08188819885253906
0.09361505508422852
0.08625221252441406
0.08783459663391113
0.09255433082580566
0.08622598648071289
0.07234883308410645
0.09001660346984863
0.08447957038879395
0.08201861381530762
0.08528542518615723
0.0912022590637207
0.10828280448913574
0.09109115600585938
0.10023069381713867
0.0979769229888916
0.09599947929382324
0.08767580986022949
0.07971072196960449
0.08875918388366699
0.08692598342895508
0.09090876579284668
0.08809828758239746
0.08723092079162598
0.2550492286682129
0.09559822082519531
0.08470273017883301
0.09914302825927734
0.1051790714263916
0.09527587890625
0.09143924713134766
0.086669921875
0.08957886695861816
0.08571767807006836
0.07296013832092285
0.08272886276245117
0.08277201652526855
0.08673763275146484
0.08652758598327637
0.09654617309570312
0.1346724033355713
0.10664224624633789
0.0864567756652832
0.08570218086242676
0.09278488159179688
0.0995628833770752
0.09437370300292969
0.08817005157470703
0.0844111442565918
0.08304977416992188
0.09627342224121094
0.09370541572570801
0.08643746376037598
0.0884392261505127
0.0883028507232666
0.08950543403625488
0.08542943000793457
0.0815880298614502
0.08179521560668945
0.09023427963256836
0.08639836311340332
0.08501887321472168
0.09337782859802246
0.10101532936096191
0.08811759948730469
0.07604503631591797
0.08560371398925781
0.09285545349121094
0.09013152122497559
0.09113383293151855
0.09078741073608398
0.0839548110961914
0.07628822326660156
0.07316899299621582
0.08206367492675781
0.08673858642578125
0.08401107788085938
0.08211374282836914
0.07013845443725586
0.1288447380065918
0.08109378814697266
0.1184389591217041
0.11953067779541016
0.11423850059509277
0.09471774101257324
0.08484220504760742
0.09520363807678223
0.08127117156982422
0.07884860038757324
0.08930230140686035
0.08737921714782715
0.08696460723876953
0.08339500427246094
0.09006571769714355
0.08018875122070312
0.08161735534667969
0.0875406265258789
0.08609867095947266
0.08635711669921875
0.08474993705749512
0.08363485336303711
0.07491564750671387
0.09065508842468262
0.08161354064941406
0.08292007446289062
0.08362174034118652
0.0737605094909668
0.07832670211791992
0.08238434791564941
0.0815267562866211
0.0829768180847168
0.0730748176574707
0.07947874069213867
0.0827023983001709
0.09459614753723145
0.09068775177001953
0.09038257598876953
0.08927774429321289
0.07885193824768066
0.07953000068664551
0.08680176734924316
0.08624386787414551
0.08296728134155273
0.08679842948913574
0.10033869743347168
0.08838629722595215
0.07701873779296875
0.08746647834777832
0.09110307693481445
0.08982157707214355
0.08708381652832031
0.08658123016357422
0.08766937255859375
0.08164739608764648
0.07987093925476074
0.08498573303222656
0.08476781845092773
0.08604955673217773
0.08730363845825195
0.0836024284362793
0.07263493537902832
0.08120036125183105
0.0818474292755127
0.09199690818786621
0.0985264778137207
0.080169677734375
0.07435059547424316
0.08988738059997559
0.09008574485778809
0.08858561515808105
0.09131336212158203
0.0877985954284668
0.08808231353759766
0.08371949195861816
0.08606410026550293
0.08465075492858887
0.08703994750976562
0.08694577217102051
0.08536171913146973
0.0842595100402832
0.07770371437072754
0.07705974578857422
0.0894155502319336
0.09010004997253418
0.08468985557556152
0.0838310718536377
0.07977724075317383
0.07895541191101074
0.08888530731201172
0.08358192443847656
0.08484125137329102
0.08650779724121094
0.09164547920227051
0.07689332962036133
0.0778348445892334
0.07953953742980957
0.07786965370178223
0.07866501808166504
0.07126879692077637
0.09268450736999512
0.08193135261535645
0.0850820541381836
0.08120489120483398
0.09648537635803223
0.10167360305786133
0.07890439033508301
0.08383345603942871
0.08830070495605469
0.0868067741394043
0.10528135299682617
0.13747644424438477
0.1336681842803955
0.11500120162963867
0.25842905044555664
0.07783317565917969
0.08853673934936523
0.0895845890045166
0.08622479438781738
0.08814072608947754
0.0935049057006836
0.09866023063659668
0.08550882339477539
0.08048486709594727
0.09752964973449707
0.08854389190673828
0.11202573776245117
0.07989907264709473
0.08952856063842773
0.08646273612976074
0.08510875701904297
0.07842659950256348
0.07160806655883789
0.0802159309387207
0.08538413047790527
0.09409260749816895
0.08731508255004883
0.08545804023742676
0.08202242851257324
0.08152270317077637
0.0906212329864502
0.09124326705932617
0.0851590633392334
0.08611297607421875
0.08669447898864746
0.07884955406188965
0.07996654510498047
0.09134554862976074
0.08867144584655762
0.08872747421264648
0.0872952938079834
0.08695173263549805
0.08022522926330566
0.07774233818054199
0.0868978500366211
0.08667588233947754
0.0884706974029541
0.08907103538513184
0.08321142196655273
0.0800178050994873
0.08123254776000977
0.0846402645111084
0.09806275367736816
0.09528279304504395
0.08326315879821777
0.09435129165649414
0.07714986801147461
0.0781099796295166
0.07868695259094238
0.08010458946228027
0.0870201587677002
0.0870962142944336
0.080657958984375
0.08077883720397949
0.09055566787719727
0.0845332145690918
0.08641982078552246
0.08376550674438477
0.0858755111694336
0.07587218284606934
0.0822899341583252
0.08580780029296875
0.09058833122253418
0.08746862411499023
0.08141875267028809
0.07386016845703125
0.08029437065124512
0.08840560913085938
0.08528685569763184
0.08716726303100586
0.09035277366638184
0.07721161842346191
0.07732200622558594
0.0829916000366211
0.08430695533752441
0.0877695083618164
0.08714985847473145
0.08316826820373535
0.07828307151794434
0.0819556713104248
0.08216428756713867
0.08848047256469727
0.07927989959716797
0.07066154479980469
0.08635306358337402
0.08262109756469727
0.0875556468963623
0.08019518852233887
0.07742810249328613
0.08786368370056152
0.09115481376647949
0.09310460090637207
0.08738517761230469
0.09028291702270508
0.0939643383026123
0.08750486373901367
0.08443760871887207
0.07823657989501953
0.08049201965332031
0.09078693389892578
0.0878000259399414
0.0841529369354248
0.0828554630279541
0.07526135444641113
0.08305573463439941
0.08301901817321777
0.08709120750427246
0.08297586441040039
0.08704662322998047
0.07879471778869629
0.08628606796264648
0.0848391056060791
0.08722901344299316
0.08635354042053223
0.08876252174377441
0.08280181884765625
0.06930804252624512
0.08469700813293457
0.08264684677124023
0.08290457725524902
0.07735562324523926
0.0713045597076416
0.09289741516113281
0.08378863334655762
0.0776212215423584
0.079742431640625
0.0760347843170166
0.10588312149047852
0.08554625511169434
0.09199643135070801
0.09269118309020996
0.09560203552246094
0.09576916694641113
0.08725333213806152
0.08544635772705078
0.08516120910644531
0.07876062393188477
0.08259820938110352
0.09030485153198242
0.08511829376220703
0.08540558815002441
0.08524918556213379
0.08469057083129883
0.07811307907104492
0.08776283264160156
0.08604836463928223
0.0841827392578125
0.09088826179504395
0.0839071273803711
0.07527470588684082
0.08077096939086914
0.08675050735473633
0.08781075477600098
0.08077335357666016
0.08417463302612305
0.07100105285644531
0.08430123329162598
0.09023451805114746
0.07999396324157715
0.08119988441467285
0.07388901710510254
0.08068466186523438
0.08718347549438477
0.08971333503723145
0.09542298316955566
0.09639286994934082
0.10668706893920898
0.09725832939147949
0.09206414222717285
0.09113860130310059
0.0935811996459961
0.0893704891204834
0.09631037712097168
0.08544111251831055
0.08468270301818848
0.08274102210998535
0.08950424194335938
0.0896449089050293
0.08626198768615723
0.2452869415283203
0.09066653251647949
0.08653473854064941
0.08719158172607422
0.0875706672668457
0.08103203773498535
0.0734109878540039
0.08088898658752441
0.08595037460327148
0.08278179168701172
0.07756614685058594
0.07084465026855469
0.08508825302124023
0.07964849472045898
0.07729411125183105
0.08031368255615234
0.09609532356262207
0.0822439193725586
0.08635067939758301
0.08284711837768555
0.08783793449401855
0.08738970756530762
0.08248353004455566
0.07700467109680176
0.08815264701843262
0.0861196517944336
0.08384299278259277