0.3418
0.3127
0.2375
0.2332
0.2319
0.2333
0.2353
0.2314
0.2358
0.2752
0.2775
0.2789
0.2750
0.2795
0.2787
0.2772
0.2756
0.2776
0.2742
0.2790
0.2741
0.2710
0.2732
0.2778
0.2344
0.2766
0.2770
0.2764
0.2729
0.2773
0.2769
0.2860
0.2843
0.2763
0.2761
0.2792
0.2785
0.2735
0.2772
0.2791
0.2793
0.2778
0.2779
0.2778
0.2821
0.2778
0.2808
0.2742
0.2774
0.2757
0.2721
0.2786
0.2785
0.2325
0.2778
0.2891
0.2876
0.2962
0.3044
0.2778
0.2935
0.2913
0.2922
0.2782
0.2866
0.2975
0.2906
0.2943
0.2917
0.2808
0.2887
0.2929
0.2895
0.2773
0.2950
0.2905
0.2928
0.2920
0.2879
0.2900
0.2949
0.3000
0.2919
0.2766
0.2782
0.2804
0.2771
0.2802
0.2794
0.2812
0.2785
0.2760
0.2791
0.2766
0.2836
0.2767
0.2727
0.2794
0.2796
0.2839
0.2753
0.2816
0.2342
0.2811
0.2788
0.2329
0.2772
0.2335
0.2778
0.2783
0.2780
0.2810
0.2819
0.2791
0.2338
0.2320
0.2781
0.2772
0.2780
0.2801
0.2344
0.2740
0.2368
0.2763
0.2769
0.2783
0.2763
0.2750
0.2767
0.2393
0.2316
0.2333
0.2362
0.2324
0.2778
0.2352
0.2768
0.2786
0.2329
0.2765
0.2335
0.2794
0.2783
0.2808
0.2373
0.2372
0.2363
0.2728
0.2368
0.2333
0.2363
0.2357
0.2795
0.2803
0.2787
0.2354
0.2768
0.2333
0.2764
0.2758
0.2776
0.2800
0.2740
0.2802
0.2780
0.2387
0.2357
0.2332
0.2378
0.2330
0.2773
0.2777
0.2342
0.2768
0.2347
0.2771
0.2734
0.2380
0.2763
0.2797
0.2405
0.2341
0.2361
0.2757
0.2785
0.2788
0.2325
0.2808
0.2388
0.2796
0.2832
0.2411
0.2763
0.2377
0.2827
0.2814
0.3136
0.2432
0.2316
0.2850
0.2343
0.2371
0.2352
0.2366
0.2368
0.2741
0.2763
0.2793
0.2346
0.2368
0.2316
0.2352
0.2343
0.2317
0.2388
0.2335
0.2311
0.2408
0.2371
0.2368
0.4433
0.2313
0.2787
0.2756
0.2746
0.2387
0.2323
0.2328
0.2372
0.2334
0.2384
0.2322
0.2332
0.2388
0.2399
0.2307
0.2358
0.2323
0.2313
0.2383
0.2344
0.2309
0.2348
0.2341
0.2333
0.2356
0.2357
0.2366
0.2344
0.2343
0.2364
0.2371
0.2332
0.2320
0.2363
0.2307
0.2334
0.2354
0.2309
0.2328
0.2364
0.2337
0.2846
0.2787
0.2329
0.2379
0.2756
0.2387
0.2714
0.2783
0.2374
0.2476
0.2464
0.2355
0.2732
0.2340
0.2731
0.2342
0.2742
0.2318
0.2317
0.2318
0.2390
0.2356
0.2768
0.2792
0.2833
0.2808
0.2332
0.2325
0.2422
0.2319
0.2308
0.2364
0.2324
0.2343
0.2367
0.2336
0.2788
0.2824
0.2782
0.2368
0.2313
0.2786
0.2330
0.2846
0.2381
0.2389
0.2310
0.2775
0.2317
0.2374
0.2344
0.2305
0.2785
0.2367
0.2487
0.2405
0.2353
0.2380
0.2825
0.2346
0.2409
0.2818
0.2329
0.2364
0.2432
0.2359
0.2780
0.2819
0.2324
0.2327
0.2434
0.2782
0.2818
0.2352
0.2781
0.2353
0.2368
0.2403
0.2371
0.2791
0.2394
0.2372
0.2364
0.2369
0.2356
0.2407
0.2318
0.2412
0.2360
0.2347
0.2385
0.2341
0.2371
0.2317
0.2810
0.2368
0.2321
0.2784
0.2792
0.2338
0.2342
0.2338
0.2716
0.2789
0.2377
0.2316
0.2319
0.2392
0.2322
0.2325
0.2377
0.2331
0.2328
0.2358
0.2327
0.2404
0.2322
0.2318
0.2392
0.2336
0.2350
0.2418
0.2346
0.2789
0.2336
0.2393
0.2366
0.2800
0.2337
0.2312
0.2381
0.2354
0.2373
0.2343
0.2353
0.2342
0.2346
0.2327
0.2324
0.2368
0.2333
0.2805
0.2363
0.2414
0.2324
0.2330
0.2378
0.2328
0.2397
0.2347
0.2782
0.2332
0.2316
0.2807
0.2750
0.2377
0.2353
0.2334
0.2315
0.2800
0.2769
0.2328
0.2359
0.2363
0.2737
0.2381
0.2308
0.2780
0.2342
0.2358
0.2723
0.2367
0.2351
0.2397
0.2319
0.2329
0.2419
0.2336
0.2324
0.2365
0.2332
0.2313
0.2375
0.2352
0.2382
0.2321
0.2327
0.2774
0.2323
0.2819
0.2349
0.2331
0.2362
0.2325
0.2371
0.2322
0.2322
0.2349
0.2324
0.2401
0.2754
0.2450
0.2766
0.2356
0.2327
0.2410
0.2360
0.2308
0.2387
0.2394
0.2338
0.2349
0.2398
0.2343
0.2379
0.2318
0.2364
0.2350
0.2329
0.2475
0.2316
0.2309
0.2394
0.2332
0.2779
0.2340
0.2363
0.2744
0.2422
0.2766
0.2350
0.2355
0.2368
0.2421
0.2320
0.2385
0.2335
0.2307
0.2306
0.2373
0.2308
0.2345
0.2358
0.2310
0.2403
0.2341
0.2327
0.2361
0.2369
0.2364
0.2388
0.2326
0.2339
0.2395
0.2319
0.2371
0.2332
0.2309
0.2349
0.2340
0.2311
0.2397
0.2328
0.2319
0.2414
0.2369
0.2339
0.2335
0.2392
0.2373
0.2427
0.2332
0.2375
0.2392
0.2327
0.2434
0.2345
0.2416
0.2351
0.2332
0.2407
0.2353
0.2345
0.2409
0.2350
0.2353
0.2356
0.2350
0.4410
0.2379
0.2336
0.2366
0.2367
0.2326
0.2420
0.2345
0.2405
0.2355
0.2342
0.2388
0.2317
0.2341
0.2442
0.2331
0.2346
0.2412
0.2332
0.2390
0.2329
0.2355
0.2382
0.2413
0.2332
0.2790
0.2395
0.2351
0.2364
0.2418
0.2345
0.2339
0.2375
0.2397
0.2352
0.2327
0.2770
0.2400
0.2320
0.2808
0.2358
0.2348
0.2372
0.2384
0.2394
0.2308
0.2343
0.2776
0.2369
0.2372
0.2350
0.2365
0.2376
0.2343
0.2380
0.2309
0.2348
0.2336
0.2332
0.2398
0.2341
0.2320
0.2384
0.2369
0.2327
0.2361
0.2364
0.2365
0.2353
0.2323
0.2323
0.2375
0.2761
0.2354
0.2328
0.2324
0.2335
0.2308
0.2765
0.2309
0.2353
0.2753
0.2381
0.2308
0.2322
0.2370
0.2791
0.2323
0.2314
0.2407
0.2342
0.2354
0.2416
0.2350
0.2374
0.2353
0.2338
0.2387
0.2343
0.2327
0.2413
0.2325
0.2306
0.2393
0.2328
0.2314
0.2400
0.2346
0.2314
0.2386
0.2342
0.2347
0.2328
0.2359
0.2360
0.2365
0.2341
0.2338
0.2357
0.2316
0.2306
0.2378
0.2315
0.2336
0.2334
0.2328
0.2389
0.2340
0.2326
0.2318
0.2354
0.2308
0.2317
0.2357
0.2325
0.2419
0.2317
0.2336
0.2396
0.2377
0.2338
0.2368
0.2339
0.2323
0.2366
0.2311
0.2335
0.2365
0.2325
0.2474
0.2336
0.2347
0.2366
0.2387
0.2343
0.2399
0.2311
0.2503
0.2340
0.2308
0.2390
0.2406
0.2331
0.2349
0.2404
0.2374
0.2415
0.2308
0.2404
0.2346
0.2387
0.2399
0.2343
0.2418
0.2375
0.2348
0.2360
0.2366
0.2336
0.2346
0.2401
0.2364
0.2398
0.2343
0.2432
0.2330
0.2332
0.2335
0.2384
0.2342
0.2373
0.2416
0.2416
0.2378
0.2362
0.2405
0.2355
0.2329
0.2396
0.2371
0.2409
0.2354
0.2379
0.2402
0.2402
0.2332
0.2441
0.2327
0.2359
0.2355
0.2325
0.2432
0.2336
0.2309
0.2380
0.2400
0.2374
0.2347
0.2376
0.2410
0.2422
0.2367
0.2339
0.2365
0.2346
0.2327
0.2400
0.2378
0.2428
0.2320
0.2313
0.2407
0.2686
0.2568
0.2441
0.2419
0.2378
0.2335
0.2369
0.2383
0.2427
0.2349
0.2365
0.2382
0.2345
0.2418
0.2312
0.2314
0.2411
0.2320
0.2376
0.2358
0.2390
0.2402
0.2368
0.2392
0.2363
0.2348
0.2398
0.2385
0.2348
0.2342
0.2389
0.2378
0.2338
0.2356
0.2358
0.2424
0.2326
0.2327
0.2385
0.2323
0.2322
0.2383
0.2328
0.2419
0.2330
0.2412
0.2362
0.2331
0.2438
0.2338
0.2312
0.2444
0.2354
0.2365
0.2392
0.2331
0.2315
0.2409
0.2331
0.2452
0.2338
0.2309
0.2434
0.2326
0.2333
0.2404
0.2316
0.2328
0.2391
0.2339
0.2893
0.2329
0.2427
0.2311
0.2336
0.2374
0.2311
0.2340
0.2381
0.2329
0.2439
0.2325
0.2315
0.2399
0.2400
0.2360
0.2366
0.2337
0.2434
0.2323
0.2322
0.2859
0.2312
0.2377
0.2361
0.2367
0.2385
0.2328
0.2327
0.2375
0.2308
0.2359
0.2341
0.2306
0.2307
0.2387
0.2308
0.2306
0.2369
0.2310
0.2319
0.2370
0.2309
0.2384
0.2330
0.2316
0.2452
0.2321
0.2324
0.2451
0.2335
0.2458
0.2330
0.2346
0.2436
0.2316
0.2307
0.2553
0.2365
0.2581
0.2397
0.2538
0.2448
0.2618
0.2355
0.2658
0.2417
0.2958
0.2396
0.2428
0.2342
0.2426
0.2354
0.2335
0.2409
0.2335
0.2474
0.2314
0.2315
0.2444
0.2339
0.2443
0.2337
0.2316
0.2464
0.2322
0.2345
0.2346
0.2389
0.2322
0.2418
0.2340
0.2348
0.2377
0.2345
0.2453
0.2354
0.2389
0.2386
0.2368
0.2444
0.2367
0.2366
0.2445
0.2825
0.2338
0.2384
0.2391
0.2377
0.2458
0.2328
0.2332
0.2454
0.2360
0.2427
0.2386
0.2355
0.2456
0.2384
0.2382
0.2443
0.2352
0.2360
0.2458
0.2375
0.2458
0.2313
0.2488
0.2398
0.2370
0.2402
0.4682
0.2380
0.2341
0.2405
0.2428
0.2400
0.2387
0.2337
0.2363
0.2439
0.2382
0.2498
0.2325
0.2311
0.2421
0.2320
0.2400
0.2326
0.2313
0.2418
0.2379
0.2420
0.2406
0.2334
0.2443
0.2379
0.2449
0.2356
0.2343
0.2457
0.2383
0.2404
0.2383
0.2344
0.2401
0.2403
0.2365
0.2468
0.2437
0.2417
0.2330
0.2360
0.2415
0.2367
0.2487
0.2314
0.2309
0.2325
0.2392
0.2307
0.2322
0.2389
0.2310
0.2424
0.2416
0.2419
0.2327
0.2314
0.2423
0.2339
0.2694
0.2424
0.2702
0.2339
0.2692
0.2309
0.2537
0.2310
0.2348
0.2717
0.2406
0.2630
0.2517
0.2497
0.2673
0.2388
0.2635
0.2344
0.2735
0.2317
0.2316
0.2526
0.2368
0.2684
0.2472
0.2565
0.2525
0.2481
0.2658
0.2341
0.2735
0.2309
0.2349
0.2682
0.2416
0.2551
0.2389
0.2571
0.2656
0.2363
0.2691
0.2308
0.2570
0.2310
0.2311
0.2624
0.2328
0.2605
0.2309
0.2308
0.2474
0.2440
0.2623
0.2660
0.2341
0.2708
0.2309
0.2428
0.2427
0.2318
0.2328
0.2548
0.2332
0.2494
0.2313
0.2613
0.2332
0.2677
0.2308
0.2354
0.2642
0.2418
0.2418
0.2353
0.2387
0.2436
0.2408
0.2531
0.2403
0.2436
0.2386
0.2348
0.2415
0.2816
0.2421
0.2421
0.2406
0.2427
0.2472
0.2392
0.2360
0.2912
0.2351
0.2426
0.2382
0.2421
0.2469
0.2355
0.2397
0.2402
0.2403
0.2395
0.2423
0.2438
0.2395
0.2402
0.2379
0.2432
0.2491
0.2311
0.2307
0.2407
0.2357
0.2365
0.2347
0.2358
0.2410
0.2400
0.2327
0.2387
0.2383
0.2379
0.2385
0.2342
0.2315
0.2425
0.2316
0.2305
0.2431
0.2314
0.2338
0.2426
0.2335
0.2846
0.2373
0.2406
0.2358
0.2389
0.2385
0.2359
0.2411
0.2335
0.2470
0.2328
0.2317
0.2428
0.2385
0.2460
0.2372
0.2384
0.2405
0.2339
0.2893
0.2310
0.2409
0.2374
0.2426
0.2799
0.2488
0.2315
0.2366
0.2400
0.2315
0.2377
0.2352
0.2379
0.2388
0.2356
0.2403
0.2332
0.2355
0.2433
0.2395
0.2379
0.2363
0.2390
0.2354
0.2396
0.2317
0.2361
0.2347
0.2322
0.2457
0.2313
0.2459
0.2552
0.2327
0.2405
0.2381
0.2348
0.2371
0.2311
0.2344
0.2364
0.2321
0.2431
0.2367
0.2403
0.2395
0.2425
0.2320
0.2449
0.2354
0.2458
0.2466
0.2394
0.2442
0.2422
0.2901
0.2453
0.2396
0.2402
0.2421
0.2479
0.2427
0.2390
0.2394
0.2338
0.2458
0.2326
0.2309
0.2357
0.2335
0.2320
0.2436
0.2397
0.2467
0.2326
0.2357
0.2861
0.2826
0.2339
0.2434
0.2381
0.2439
0.2350
0.2367
0.2430
0.2346
0.2366
0.2472
0.2388
0.2540
0.2309
0.2307
0.2564
0.2307
0.2359
0.2523
0.2339
0.2550
0.2356
0.2590
0.2361
0.2408
0.2424
0.2430
0.2435
0.2398
0.2395
0.2412
0.2397
0.2426
0.2412
0.2401
0.2541
0.2415
0.2307
0.2498
0.2339
0.2307
0.2466
0.2333
0.2311
0.2453
0.2314
0.2341
0.2390
0.2311
0.2480
0.2330
0.2318
0.2465
0.2320
0.2338
0.2409
0.2341
0.2475
0.2336
0.2318
0.2480
0.2726
0.2482
0.2321
0.2423
0.2383
0.2378
0.2403
0.2330
0.2411
0.2773
0.2406
0.2307
0.2314
0.2360
0.2352
0.2410
0.2340
0.2337
0.2429
0.2337
0.2474
0.2355
0.2344
0.2446
0.2328
0.2348
0.2460
0.2338
0.2411
0.2364
0.2344
0.2373
0.2422
0.2363
0.2405
0.2355
0.2333
0.2363
0.2351
0.2392
0.2403
0.2368
0.2331
0.2399
0.2336
0.2384
0.2344
0.2445
0.2352
0.2355
0.2404
0.2371
0.2374
0.2379
0.2359
0.2403
0.2423
0.2309
0.2424
0.2333
0.2326
0.2395
0.4437
0.2369
0.2341
0.2322
0.2381
0.2336
0.2316
0.2308
0.2415
0.2306
0.2443
0.2354
0.2409
0.2336
0.2337
0.2410
0.2372
0.2347
0.2421
0.2355
0.2413
0.2340
0.2340
0.2448
0.2360
0.2373
0.2343
0.2425
0.2444
0.2428
0.2318
0.2343
0.2385
0.2347
0.2399
0.2329
0.2347
0.2418
0.2329
0.2422
0.2383
0.2361
0.2338
0.2390
0.2391
0.2350
0.2328
0.2382
0.2329
0.2345
0.2647
0.2541
0.2344
0.2395
0.2461
0.2354
0.2390
0.2397
0.2340
0.2444
0.2349
0.2318
0.2455
0.2328
0.2307
0.2404
0.2387
0.2423
0.2354
0.2355
0.2438
0.2363
0.2367
0.2401
0.2350
0.2442
0.2348
0.2400
0.2459
0.2310
0.2527
0.2312
0.2305
0.2678
0.2309
0.2345
0.2461
0.2355
0.2368
0.2542
0.2556
0.2376
0.2580
0.2396
0.2589
0.2419
0.2585
0.2367
0.2634
0.2308
0.2733
0.2324
0.2490
0.2311
0.2304
0.2590
0.2357
0.2613
0.2337
0.2638
0.2309
0.2525
0.2310
0.2331
0.2587
0.2309
0.2306
0.2520
0.2349
0.2328
0.2488
0.2467
0.2563
0.2525
0.2434
0.2649
0.2370
0.2660
0.2310
0.2486
0.2315
0.2303
0.2594
0.2328
0.2672
0.2311
0.2645
0.2310
0.2539
0.2310
0.2306
0.2458
0.2417
0.2527
0.2530
0.2520
0.2472
0.2600
0.2350
0.2661
0.2310
0.2587
0.2310
0.2305
0.2584
0.2332
0.2570
0.2308
0.2314
0.2484
0.2306
0.2323
0.2599
0.2384
0.2496
0.2422
0.2336
0.2504
0.2467
0.2449
0.2524
0.2486
0.2484
0.2466
0.2649
0.2351
0.2675
0.2330
0.2663
0.2308
0.2695
0.2309
0.2319
0.2528
0.2305
0.2596
0.2307
0.2525
0.2309
0.2317
0.2722
0.2419
0.2498
0.2445
0.2581
0.2518
0.2497
0.2647
0.2440
0.2659
0.2352
0.2679
0.2310
0.2537
0.2312
0.2309
0.2631
0.2317
0.2516
0.2308
0.2364
0.2668
0.2354
0.2524
0.2318
0.2365
0.2350
0.2303
0.2305
0.2387
0.2316
0.2317
0.2376
0.2341
0.2423
0.2309
0.2342
0.2399
0.2317
0.2334
0.2384
0.2339
0.2454
0.2314
0.2323
0.2465
0.2348
0.2442
0.2334
0.2327
0.2444
0.2388
0.2352
0.2385
0.2354
0.2412
0.2363