0.5584
0.2253
0.1741
0.2166
0.1741
0.2201
0.2165
0.1748
0.1743
0.1746
0.2170
0.2169
0.2161
0.1750
0.2159
0.1758
0.2167
0.2169
0.2297
0.2197
0.2180
0.2165
0.2164
0.2174
0.2186
0.2172
0.2169
0.2171
0.2182
0.2220
0.2211
0.2213
0.2211
0.2270
0.2217
0.2203
0.2205
0.2190
0.2183
0.2165
0.2174
0.2165
0.2174
0.2173
0.2194
0.2189
0.2189
0.2185
0.2171
0.2273
0.2403
0.2220
0.2194
0.2179
0.2189
0.2265
0.2222
0.2175
0.2257
0.2188
0.2177
0.2230
0.2176
0.2182
0.2167
0.2190
0.2176
0.2171
0.2181
0.2171
0.2176
0.2186
0.2171
0.2175
0.2260
0.2181
0.2168
0.2176
0.2175
0.2180
0.2174
0.2177
0.2172
0.2180
0.2180
0.2222
0.2172
0.2170
0.2190
0.2180
0.2171
0.2196
0.2178
0.2184
0.2174
0.2178
0.2190
0.2184
0.2177
0.1746
0.2172
0.2219
0.2248
0.2170
0.2188
0.2172
0.1750
0.2187
0.2171
0.2196
0.2172
0.2199
0.2250
0.2195
0.1749
0.2186
0.2201
0.1755
0.2172
0.2169
0.2171
0.2198
0.2178
0.1753
0.2171
0.2170
0.1760
0.2173
0.2171
0.1753
0.2179
0.2192
0.2183
0.1756
0.2187
0.1819
0.2187
0.1751
0.2173
0.2177
0.2229
0.2186
0.2175
0.2244
0.2175
0.2271
0.2176
0.2172
0.2177
0.2267
0.1763
0.1759
0.1754
0.1751
0.1750
0.1765
0.1752
0.1751
0.1753
0.1762
0.2325
0.1758
0.1750
0.1748
0.1747
0.1769
0.1758
0.2188
0.1748
0.3803
0.1767
0.2182
0.1749
0.1757
0.1760
0.1753
0.1757
0.2187
0.1749
0.2182
0.2171
0.1752
0.2172
0.2185
0.1752
0.1746
0.1751
0.1749
0.2173
0.2170
0.1745
0.1749
0.2171
0.1759
0.1744
0.1746
0.2172
0.2176
0.1747
0.1746
0.1754
0.1753
0.2192
0.2206
0.2185
0.1746
0.2167
0.2208
0.1751
0.1749
0.2179
0.2171
0.1775
0.1769
0.1747
0.1752
0.2174
0.1752
0.1751
0.2173
0.2167
0.1750
0.1753
0.1754
0.1798
0.1745
0.1746
0.1745
0.1751
0.1749
0.1748
0.1748
0.1746
0.2184
0.1758
0.1745
0.2182
0.1750
0.2171
0.1754
0.1748
0.1746
0.1745
0.2173
0.2183
0.2210
0.1756
0.1747
0.1750
0.2193
0.2174
0.1751
0.1750
0.1747
0.2179
0.1751
0.1748
0.1752
0.1757
0.2177
0.1753
0.1748
0.1746
0.1749
0.2197
0.1756
0.1752
0.1752
0.2176
0.1750
0.1745
0.2177
0.1757
0.2174
0.1747
0.1747
0.1751
0.2178
0.1751
0.1750
0.1747
0.1775
0.1753
0.2196
0.1750
0.1751
0.2358
0.1803
0.1751
0.1752
0.1751
0.1750
0.1753
0.1752
0.2177
0.1749
0.1757
0.1746
0.1748
0.2171
0.2186
0.2187
0.1747
0.1756
0.1746
0.1748
0.1746
0.2200
0.2182
0.1752
0.1765
0.1756
0.1748
0.1781
0.1762
0.1756
0.2183
0.2173
0.1749
0.2192
0.1749
0.1749
0.1750
0.2173
0.1756
0.1749
0.1755
0.1752
0.1749
0.1749
0.1763
0.1752
0.1750
0.2186
0.1788
0.1810
0.1756
0.1749
0.1751
0.1747
0.1749
0.1752
0.1750
0.2179
0.1753
0.1749
0.1752
0.1753
0.2174
0.1748
0.1749
0.1753
0.2185
0.2170
0.1757
0.1760
0.1761
0.1768
0.1756
0.1750
0.1752
0.1749
0.1746
0.1752
0.1750
0.1748
0.1748
0.1748
0.1753
0.1753
0.2181
0.1749
0.1747
0.1755
0.1754
0.1753
0.1748
0.1748
0.1748
0.2188
0.1756
0.1748
0.1748
0.2170
0.1749
0.1756
0.1751
0.1750
0.1750
0.1756
0.1753
0.1761
0.1749
0.1749
0.1749
0.1746
0.1752
0.1752
0.1748
0.2185
0.1752
0.1753
0.1759
0.1754
0.1752
0.1749
0.1747
0.1752
0.1760
0.2555
0.2071
0.1751
0.1750
0.2184
0.1750
0.1756
0.1749
0.1747
0.1758
0.1750
0.1749
0.2182
0.1750
0.1748
0.1753
0.1748
0.1750
0.1749
0.2179
0.1755
0.1750
0.1751
0.1750
0.1748
0.2182
0.1755
0.2170
0.2167
0.1747
0.1747
0.1753
0.1750
0.1750
0.1771
0.1747
0.1764
0.1754
0.1749
0.1749
0.1747
0.1749
0.1763
0.1756
0.1750
0.1752
0.1748
0.1748
0.1754
0.1749
0.1748
0.1765
0.1749
0.1752
0.1753
0.1749
0.1750
0.1763
0.1750
0.1757
0.1752
0.1748
0.1747
0.1747
0.1747
0.1753
0.1756
0.1748
0.1750
0.1749
0.1750
0.1753
0.1747
0.1747
0.2231
0.1751
0.1754
0.1751
0.1751
0.1754
0.1750
0.1748
0.1756
0.1751
0.1750
0.1754
0.1749
0.3514
0.1750
0.1751
0.1756
0.1748
0.1756
0.1751
0.1747
0.1754
0.1755
0.1746
0.1749
0.1747
0.1743
0.1745
0.1746
0.1748
0.1751
0.1747
0.1745
0.1747
0.1750
0.1748
0.1747
0.1746
0.1753
0.1747
0.1746
0.1751
0.1747
0.1744
0.1744
0.1744
0.1744
0.1749
0.1747
0.1746
0.1745
0.2181
0.2181
0.1751
0.1745
0.1746
0.1745
0.2177
0.2175
0.1746
0.1745
0.1746
0.2172
0.1754
0.1746
0.1745
0.1746
0.1746
0.2187
0.1749
0.1745
0.1746
0.1745
0.1746
0.1751
0.1754
0.1746
0.1746
0.1745
0.1746
0.1750
0.2186
0.1746
0.1747
0.2178
0.1754
0.1745
0.1747
0.1745
0.1744
0.1752
0.1756
0.1748
0.1747
0.1760
0.1747
0.1752
0.1751
0.1745
0.1744
0.1747
0.1744
0.1759
0.1751
0.1747
0.1746
0.1749
0.1747
0.1753
0.1748
0.1748
0.1747
0.1747
0.1750
0.1778
0.1748
0.1745
0.1746
0.1748
0.1753
0.1750
0.1746
0.1744
0.1746
0.1748
0.1750
0.1747
0.1746
0.1751
0.1746
0.1745
0.1751
0.1749
0.1747
0.1746
0.1745
0.1751
0.1749
0.1752
0.1754
0.1751
0.1753
0.1756
0.1748
0.1748
0.1748
0.1745
0.1744
0.1755
0.1746
0.1746
0.1746
0.1745
0.1752
0.1749
0.1744
0.1745
0.1745
0.1746
0.1754
0.1754
0.1746
0.1745
0.1743
0.1745
0.1752
0.1746
0.1745
0.1748
0.1748
0.1746
0.1749
0.1748
0.1747
0.2188
0.1749
0.1752
0.1753
0.1748
0.1746
0.1745
0.1749
0.1754
0.1748
0.1756
0.1759
0.1755
0.1876
0.1760
0.1752
0.1752
0.1746
0.1746
0.1758
0.1751
0.1762
0.1748
0.1745
0.1745
0.1752
0.1746
0.1743
0.1746
0.1746
0.1747
0.1751
0.1750
0.1747
0.1758
0.1747
0.1749
0.1748
0.1744
0.1745
0.1745
0.1744
0.1748
0.1753
0.1750
0.1747
0.1744
0.1745
0.1752
0.1746
0.1745
0.1743
0.1747
0.1748
0.1749
0.1743
0.1754
0.1746
0.1747
0.1749
0.1750
0.1750
0.1747
0.1744
0.1747
0.1749
0.1745
0.1743
0.1745
0.1745
0.1744
0.1748
0.1745
0.1745
0.1745
0.1744
0.1751
0.1747
0.1745
0.1744
0.1745
0.1745
0.1750
0.1748
0.1746
0.1747
0.1745
0.1744
0.1748
0.1745
0.1751
0.1747
0.1745
0.1749
0.1753
0.1746
0.1745
0.1746
0.1745
0.1747