0.2987
0.2949
0.2952
0.2017
0.2013
0.2950
0.2953
0.2949
0.2014
0.2953
0.2951
0.2955
0.2953
0.2015
0.2970
0.2965
0.2954
0.2958
0.2957
0.2954
0.2965
0.2018
0.2016
0.2963
0.2964
0.2958
0.2954
0.3157
0.2963
0.2976
0.2945
0.2965
0.2964
0.2956
0.2946
0.2945
0.2957
0.2949
0.2945
0.2942
0.2949
0.2950
0.2947
0.2940
0.2943
0.2944
0.2943
0.2941
0.2937
0.2942
0.2945
0.2949
0.2946
0.2944
0.2960
0.2944
0.2935
0.2943
0.2948
0.2949
0.2948
0.2946
0.2953
0.2958
0.2944
0.2950
0.2943
0.2941
0.2955
0.2946
0.2952
0.2936
0.2943
0.2939
0.2932
0.2940
0.2938
0.2940
0.2938
0.2941
0.2938
0.2942
0.2943
0.2939
0.2939
0.2935
0.2951
0.2943
0.2942
0.2935
0.2930
0.2941
0.2937
0.2936
0.2940
0.3162
0.2942
0.2964
0.2940
0.2940
0.2938
0.2940
0.2941
0.2945
0.2945
0.2943
0.2939
0.2961
0.2953
0.2949
0.2939
0.2941
0.2933
0.2938
0.2962
0.2938
0.2943
0.2938
0.2935
0.2939
0.2940
0.2947
0.2954
0.2951
0.2945
0.2931
0.2940
0.2942
0.2935
0.2938
0.2934
0.2946
0.2936
0.2940
0.2940
0.2940
0.2939
0.2944
0.2948
0.2952
0.2943
0.2949
0.2937
0.2942
0.2940
0.2931
0.2017
0.2937
0.2017
0.2941
0.2957
0.2955
0.2954
0.2951
0.2958
0.2940
0.2952
0.2961
0.2947
0.2936
0.2930
0.2933
0.2964
0.2942
0.2960
0.2955
0.2018
0.2958
0.2944
0.2960
0.2960
0.2961
0.2959
0.2959
0.2951
0.2964
0.3006
0.2962
0.2958
0.2954
0.2960
0.2955
0.2958
0.2961
0.2962
0.2953
0.2958
0.2968
0.2957
0.2955
0.2937
0.2952
0.2953
0.2955
0.2954
0.2956
0.2952
0.2959
0.2017
0.2987
0.2959
0.2959
0.2960
0.2953
0.2944
0.2959
0.2936
0.2938
0.2942
0.2017
0.2942
0.2941
0.2938
0.2940
0.2942
0.2939
0.2937
0.2932
0.2016
0.2945
0.2947
0.2949
0.2016
0.2946
0.2945
0.2947
0.2933
0.2934
0.2940
0.2958
0.2955
0.2937
0.2937
0.2940
0.2955
0.2937
0.2965
0.2952
0.2016
0.2937
0.2017
0.2967
0.2016
0.2017
0.2017
0.2016
0.2017
0.2017
0.2015
0.2015
0.2956
0.2947
0.2951
0.2955
0.2020
0.2934
0.2018
0.2954
0.2964
0.2019
0.2961
0.2018
0.2018
0.2961
0.2946
0.2944
0.2961
0.2956
0.2018
0.2959
0.2946
0.2962
0.2022
0.2019
0.2959
0.2018
0.2015
0.2019
0.2017
0.2017
0.2013
0.2017
0.2018
0.2018
0.2018
0.2017
0.2016
0.2019
0.2018
0.2018
0.2015
0.2018
0.2018
0.2018
0.2017
0.2017
0.2017
0.2017
0.2018
0.2016
0.2019
0.2022
0.2020
0.2019
0.2017
0.2017
0.2018
0.2017
0.2018
0.2017
0.2018
0.2022
0.2020
0.2017
0.2015
0.2016
0.2016
0.2014
0.2015
0.2016
0.2016
0.2022
0.2970
0.2944
0.2940
0.2018
0.2017
0.2016
0.2944
0.2017
0.2951
0.2972
0.2944
0.2016
0.2016
0.2016
0.2017
0.2019
0.2020
0.2016
0.2016
0.2016
0.2015
0.2016
0.2016
0.2016
0.2015
0.2015
0.2016
0.2016
0.2021
0.2021
0.2015
0.2016
0.2014
0.2016
0.2015
0.2015
0.2016
0.2017
0.2015
0.2951
0.2946
0.2022
0.2016
0.2016
0.2016
0.2017
0.2016
0.2015
0.2016
0.2015
0.2016
0.2016
0.2015
0.2015
0.2955
0.2020
0.2946
0.2937
0.2016
0.2940
0.2953
0.2017
0.2014
0.2948
0.2942
0.2936
0.2020
0.2015
0.2015
0.2015
0.2014
0.2023
0.2015
0.2960
0.2944
0.2019
0.2015
0.2015
0.2016
0.2020
0.2016
0.2016
0.2015
0.2953
0.2016
0.2948
0.2960
0.2941
0.2945
0.2019
0.2014
0.2013
0.2013
0.2014
0.2943
0.2019
0.2937
0.2018
0.2939
0.2935
0.2937
0.2930
0.2018
0.2015
0.2014
0.2943
0.2018
0.2940
0.2016
0.2016
0.2015
0.2954
0.2940
0.2018
0.2015
0.2956
0.2930
0.2932
0.2933
0.2015
0.2932
0.2017
0.2015
0.2939
0.2948
0.2930
0.2934
0.2944
0.2024
0.3080
0.2946
0.2017
0.2014
0.2928
0.2017
0.2015
0.2016
0.2015
0.3115
0.2019
0.2957
0.2018
0.2969
0.2942
0.2016
0.3148
0.2962
0.2018
0.2944
0.2951
0.2934
0.2021
0.2033
0.2032
0.2979
0.2953
0.2017
0.2016
0.2016
0.2015
0.2993
0.2944
0.2016
0.2014
0.2016
0.2966
0.2942
0.2953
0.2018
0.2958
0.2016
0.2940
0.2019
0.2023
0.2015
0.2936
0.2943
0.2951
0.2018
0.2950
0.2978
0.2965
0.2018
0.2948
0.2935
0.2949
0.2953
0.2019
0.2019
0.2985
0.2022
0.2019
0.3137
0.2020
0.2020
0.2018
0.2997
0.2020
0.2998
0.2997
0.3162
0.2951
0.2975
0.2018
0.2947
0.2019
0.2015
0.2953
0.2017
0.2954
0.2957
0.2952
0.2018
0.2940
0.2017
0.2017
0.2957
0.2946
0.2949
0.2018
0.2018
0.2017
0.2018
0.2957
0.2955
0.2948
0.2017
0.2943
0.2019
0.2022
0.2017
0.2016
0.2015
0.2964
0.2956
0.2022
0.2939
0.2019
0.2014
0.4523
0.2023
0.2019
0.2959
0.2015
0.2015
0.2015
0.2015
0.2014
0.2015
0.3145
0.2041
0.2018
0.2015
0.2012
0.2014
0.2015
0.2019
0.2013
0.3109
0.2021
0.2948
0.2958
0.2958
0.2947
0.2945
0.2961
0.2018
0.2015
0.2013
0.2013
0.2945
0.2016
0.2012
0.2013
0.2014
0.2014
0.2013
0.2012
0.2955
0.2020
0.2015
0.2015
0.2013
0.2012
0.2013
0.2013
0.2012
0.2013
0.2997
0.2019
0.2952
0.2016
0.2983
0.2960
0.2952
0.2947
0.2943
0.2019
0.2015
0.2014
0.2014
0.2967
0.2014
0.2015
0.2012
0.2015
0.2015
0.2011
0.2013
0.2014
0.2013
0.2972
0.2961
0.2015
0.2938
0.2954
0.2015
0.2014
0.2013
0.2973
0.2016
0.2012
0.2014
0.2968
0.2017
0.2013
0.2013
0.2943
0.2015
0.2017
0.2015
0.2013
0.2015
0.2015
0.2013
0.2013
0.2015
0.2014
0.2015
0.2014
0.2013
0.2013
0.2015
0.2014
0.2015
0.2014
0.2974
0.2017
0.2018
0.2015
0.2987
0.2017
0.2014
0.2016
0.2015
0.2015
0.2014
0.2014
0.2976
0.2016
0.2015
0.2015
0.2978
0.2016
0.2013
0.2965
0.2015
0.2015
0.2960
0.2970
0.2017
0.2015
0.2013
0.2964
0.2017
0.2015
0.2016
0.2016
0.2015
0.2017
0.2014
0.2014
0.2014
0.2013
0.2014
0.2014
0.2014
0.2013
0.2016
0.2014
0.2015
0.2015
0.2015
0.2015
0.2014
0.2014
0.2014
0.2015
0.2015
0.2015
0.2014
0.2015
0.2015
0.2014
0.2016
0.2015
0.2014
0.2016
0.2015
0.2015
0.2014
0.2015
0.2016
0.2015
0.2014
0.2015
0.2984
0.2016
0.2015
0.2968
0.2017
0.2958
0.2016
0.2014
0.2014
0.2014
0.2013
0.2014
0.2017
0.2019
0.2014
0.2015
0.2015
0.2955
0.2946
0.2018
0.2015
0.2015
0.2968
0.2017
0.2944
0.2947
0.2016
0.2942
0.2017
0.2016
0.2015
0.2015
0.2015
0.2015
0.2014
0.2014
0.2014
0.2014
0.2013
0.2015
0.2014
0.2015
0.2014
0.2015
0.2015
0.2013
0.2013
0.2015
0.2014
0.2014
0.2013
0.2014
0.2014
0.2014
0.2015
0.2013
0.2014
0.2014
0.2015
0.2014
0.2015
0.2014
0.2015
0.2019
0.2015
0.2012
0.2014
0.2014
0.2014
0.2017
0.2016
0.2015
0.2015
0.2961
0.2018
0.2946
0.2020
0.2016
0.2015
0.2015
0.2015
0.2014
0.2015
0.2014
0.2013
0.2955
0.2016
0.2015
0.2942
0.2017
0.2015
0.2015
0.2014
0.2948
0.2016
0.2014
0.2015
0.2015
0.2989
0.2017
0.2015
0.2014
0.2942
0.2016
0.2016
0.2014
0.2015
0.2031
0.2022
0.2016
0.2014
0.2015
0.2015
0.2958
0.2022
0.2018
0.2015
0.2016
0.2015
0.2970
0.2018
0.2014
0.2963
0.2017
0.2017
0.2017
0.2016
0.2015
0.2015
0.2970
0.2017
0.2017
0.2962
0.2951
0.2016
0.2014
0.2015
0.2936
0.2016
0.2017
0.2016
0.2950
0.2016
0.2015
0.2013
0.2015
0.2950
0.2957
0.2016
0.2016
0.2013
0.2958
0.2954
0.2949
0.2015
0.2015
0.2015
0.2019
0.2016
0.2978
0.2017
0.2015
0.2016
0.2020
0.2015
0.2015
0.2946
0.2016
0.2014
0.2014
0.2015
0.2015
0.2014
0.2015
0.2013
0.2017
0.2956
0.2956
0.2936
0.2017
0.2015
0.2015
0.2959
0.2016
0.2949
0.2017
0.2013
0.2015
0.2014
0.2015
0.2014
0.2020
0.2017
0.2014
0.2014
0.2015
0.2956
0.2942
0.2016
0.2015
0.2016
0.2015
0.2941
0.2016
0.2014
0.2015
0.2018
0.2016
0.2014
0.2962
0.2017
0.2014
0.2017
0.2936
0.2016
0.2018
0.2015
0.2016
0.2015
0.2014
0.2967
0.2017
0.2936
0.2018
0.2014
0.2016
0.2959
0.2019
0.2015
0.2015
0.2951
0.2941
0.2939
0.2023
0.2014
0.2017
0.2014
0.2015
0.2014
0.2014
0.2014
0.2015
0.2014
0.2015
0.2015
0.2015
0.2015
0.2017
0.2014
0.2013
0.2014
0.2966
0.2018
0.2957
0.2017
0.2954
0.2018
0.2016
0.2016
0.2015
0.2014
0.2016