0.5927
0.2211
0.2176
0.2200
0.2181
0.2197
0.2213
0.2178
0.2187
0.2182
0.2178
0.2180
0.2179
0.2181
0.2194
0.2186
0.2216
0.2234
0.2179
0.2189
0.2176
0.2185
0.2180
0.2181
0.2177
0.2177
0.2189
0.2205
0.2189
0.2193
0.2204
0.2187
0.2183
0.2187
0.2180
0.2257
0.2187
0.2181
0.2182
0.2193
0.2179
0.2187
0.2180
0.2202
0.2193
0.2185
0.2180
0.2179
0.2185
0.2178
0.2177
0.2176
0.2180
0.2203
0.2187
0.2196
0.2220
0.2178
0.2187
0.2180
0.2181
0.2178
0.2193
0.2198
0.2182
0.2187
0.2200
0.2189
0.2178
0.2181
0.2185
0.2179
0.2182
0.2181
0.2186
0.2381
0.2222
0.2203
0.2185
0.2201
0.2190
0.2204
0.2181
0.2178
0.2188
0.2184
0.2178
0.2179
0.2179
0.2194
0.2214
0.2182
0.2207
0.2362
0.2200
0.2184
0.2184
0.2179
0.2191
0.2181
0.2185
0.2208
0.2187
0.2180
0.2182
0.2182
0.2178
0.2183
0.2185
0.2184
0.1728
0.2187
0.2205
0.2182
0.2184
0.2181
0.2192
0.2202
0.1735
0.2194
0.2209
0.3827
0.2202
0.2183
0.1727
0.2187
0.2204
0.2200
0.2195
0.2181
0.2195
0.1731
0.1729
0.1729
0.2201
0.2211
0.1733
0.1729
0.1728
0.1736
0.2189
0.2185
0.2184
0.2180
0.1724
0.1728
0.2186
0.2180
0.2183
0.2181
0.2179
0.2181
0.2180
0.2212
0.2177
0.1730
0.1731
0.1735
0.1738
0.1734
0.2231
0.1735
0.1728
0.2189
0.2184
0.1725
0.1731
0.2189
0.1731
0.2195
0.2193
0.1737
0.1728
0.1727
0.1728
0.2192
0.1729
0.1727
0.1726
0.1738
0.2190
0.2191
0.2186
0.2180
0.1726
0.2188
0.2197
0.1732
0.1727
0.1731
0.2197
0.1727
0.2188
0.2175
0.2178
0.1726
0.1725
0.1732
0.2186
0.1725
0.1739
0.2186
0.1732
0.2191
0.1723
0.2177
0.2194
0.2183
0.1723
0.1722
0.1727
0.2190
0.1730
0.1728
0.2189
0.1726
0.1730
0.1736
0.1732
0.1728
0.1727
0.1730
0.1728
0.1735
0.1733
0.1727
0.1726
0.2199
0.2192
0.1737
0.2247
0.1728
0.1728
0.2188
0.1731
0.1728
0.1729
0.1729
0.1728
0.1737
0.1735
0.1729
0.2212
0.1732
0.1729
0.2190
0.2181
0.2182
0.1727
0.2182
0.1731
0.1729
0.1726
0.2189
0.1731
0.1732
0.1730
0.1729
0.1727
0.1727
0.2195
0.2201
0.2190
0.2185
0.1730
0.2192
0.2196
0.1726
0.1729
0.1727
0.1729
0.1732
0.1732
0.1728
0.1727
0.1728
0.1741
0.2221
0.1744
0.2205
0.1728
0.1731
0.2207
0.1727
0.1731
0.2196
0.1730
0.1734
0.1733
0.2193
0.2177
0.2208
0.2210
0.1736
0.2185
0.2220
0.1739
0.2197
0.2187
0.1729
0.1729
0.2185
0.2193
0.1730
0.2185
0.2182
0.1729
0.1732
0.1729
0.1727
0.1727
0.1729
0.1725
0.1731
0.1728
0.1727
0.1731
0.1735
0.1734
0.1749
0.1728
0.1737
0.1730
0.1725
0.1730
0.2201
0.1727
0.1730
0.1727
0.1730
0.2207
0.1732
0.1730
0.2191
0.1727
0.1732
0.1732
0.1728
0.1730
0.1728
0.2204
0.1734
0.1730
0.1728
0.1730
0.1732
0.1739
0.1734
0.1727
0.2197
0.2186
0.1730
0.1734
0.2192
0.1726
0.2179
0.1728
0.2190
0.1733
0.2179
0.1728
0.1727
0.1733
0.1732
0.3344
0.1732
0.1728
0.1729
0.2196
0.1726
0.1726
0.2182
0.1735
0.1733
0.1728
0.1727
0.1726
0.1724
0.1727
0.1725
0.1725
0.1724
0.1725
0.1741
0.1740
0.1731
0.1726
0.1725
0.1723
0.1726
0.1725
0.1724
0.1731
0.1733
0.1723
0.1738
0.1729
0.2196
0.1725
0.1726
0.1731
0.1732
0.1726
0.1724
0.1725
0.1727
0.1727
0.2192
0.1727
0.1725
0.1724
0.1727
0.2196
0.1726
0.2180
0.1731
0.1725
0.2189
0.1727
0.2183
0.1727
0.1724
0.1726
0.1727
0.2188
0.1729
0.1727
0.1726
0.2192
0.1728
0.1726
0.1725
0.1732
0.1728
0.1726
0.1724
0.1725
0.1736
0.1727
0.1735
0.1735
0.1729
0.1727
0.2196
0.1726
0.2193
0.2185
0.1731
0.1733
0.1729
0.1729
0.2204
0.1726
0.1727
0.1730
0.1736
0.1731
0.1727
0.2206
0.1728
0.1725
0.1727
0.1727
0.1724
0.1724
0.1725
0.1726
0.1727
0.1726
0.1726
0.1725
0.1726
0.1725
0.1728
0.1728
0.1725
0.1725
0.1724
0.1725
0.1725
0.1725
0.1725
0.1725
0.1728
0.1729
0.1730
0.2205
0.1734
0.1728
0.1725
0.1726
0.1725
0.1723
0.1725
0.1729
0.1730
0.2196
0.1730
0.1725
0.1725
0.2197
0.1733
0.1726
0.1724
0.2190
0.1724
0.2192
0.1728
0.1728
0.1731
0.1731
0.1780
0.2201
0.1731
0.1731
0.1729
0.1729
0.1768
0.1743
0.1729
0.2195
0.1726
0.1763
0.2199
0.1731
0.2195
0.2192
0.1732
0.1730
0.1728
0.1729
0.1735
0.2195
0.1731
0.1729
0.1730
0.1732
0.1731
0.1728
0.1733
0.1730
0.1728
0.1729
0.1728
0.1737
0.1729
0.1730
0.1729
0.1733
0.1729
0.1736
0.1735
0.2201
0.1729
0.1730
0.1783
0.1820
0.1736
0.1731
0.1733
0.1736
0.1731
0.1731
0.1731
0.1731
0.1729
0.1736
0.1737
0.1735
0.2214
0.1730
0.1730
0.1727
0.1730
0.1726
0.1727
0.1727
0.1727
0.1728
0.1727
0.1726
0.1724
0.1732
0.1727
0.1733
0.1729
0.1724
0.1728
0.1726
0.1727
0.1730
0.1731
0.1726
0.2201
0.1728
0.2192
0.2182
0.1725
0.1727
0.1728
0.2191
0.2183
0.1726
0.1726
0.1724
0.1725
0.1730
0.1729
0.1729
0.1727
0.1725
0.1725
0.1735
0.1726
0.1725
0.1726
0.2197
0.1730
0.1732
0.1728
0.1728
0.1729
0.1739
0.1735
0.2188
0.1727
0.1726
0.1726
0.1728
0.1728
0.1724
0.1725
0.1725
0.1726
0.1728
0.1733
0.1733
0.2201
0.1727
0.1726
0.1727
0.2191
0.1725
0.1726
0.1725
0.1732
0.1728
0.1729
0.1731
0.1724
0.2191
0.1729
0.1726
0.1726
0.1730
0.1732
0.1730
0.1730
0.1727
0.1727
0.1729
0.1725
0.1729
0.1734
0.1729
0.1731
0.1726
0.1727
0.1730
0.1729
0.2192
0.1722
0.3253
0.1738
0.1729
0.1727
0.1729
0.1737
0.1738
0.1730
0.1725
0.1725
0.1723
0.1723
0.1726
0.1724
0.1724
0.1725
0.1735
0.1725
0.1728
0.1726
0.1724
0.1724
0.1724
0.1724
0.1728
0.1726
0.1724
0.1724
0.1730
0.1723
0.1727
0.1726
0.1723
0.1725
0.1726
0.1726
0.1728
0.1726
0.1723
0.1724
0.1731
0.1726
0.1726
0.1725
0.2192
0.1725
0.1810
0.1740
0.1731
0.1728
0.1730
0.1728
0.1731
0.1728
0.1726
0.1728
0.1729
0.1727
0.1731
0.1729
0.1728
0.1727
0.1729
0.1742
0.1741
0.1730
0.1727
0.1730
0.1733
0.1733
0.1733
0.2205
0.1728
0.2187
0.1729
0.1731
0.1728
0.1728
0.2194
0.1729
0.1730
0.1728
0.1728
0.1726
0.1728
0.1727
0.1731
0.1729
0.1726
0.1728
0.1727
0.1728
0.1731
0.1727
0.1728
0.1727
0.1727
0.1731
0.1733
0.1727
0.1727
0.1729
0.1797
0.1767
0.1741
0.1740
0.1729
0.1727
0.1729
0.1733
0.1730
0.1727
0.1728
0.1727
0.1728
0.1731
0.1729
0.1728
0.1727
0.1734
0.1738
0.1738
0.1730
0.1732
0.1728
0.1726
0.1727
0.1728
0.1728
0.1727
0.1727
0.1728
0.1736
0.1731
0.1727
0.1727
0.1726
0.1726
0.1730
0.1728
0.1727
0.1728
0.1727
0.1728
0.1741
0.1729
0.1727
0.1729
0.1732
0.1732
0.1730
0.1728
0.1727
0.1728
0.1726
0.1732
0.1739
0.1751
0.1749
0.1730
0.1729
0.1734
0.1732
0.1727
0.1726
0.1728
0.1728
0.1732
0.1736
0.1727
0.1727
0.1726
0.1730
0.1729
0.1728
0.1726
0.1728
0.1735