0.5278
0.1510
0.1187
0.1361
0.1573
0.1085
0.1087
0.1274
0.2542
0.1108
0.1060
0.1149
0.1221
0.2502
0.1123
0.1131
0.1222
0.1222
0.1136
0.2703
0.1143
0.1184
0.1178
0.1194
0.1257
0.2539
0.1118
0.1108
0.1218
0.1197
0.2524
0.1159
0.1181
0.1207
0.1212
0.2458
0.1366
0.1219
0.1098
0.1101
0.1108
0.2585
0.1136
0.1088
0.1103
0.1206
0.1213
0.2366
0.1104
0.1104
0.1190
0.1206
0.1267
0.2344
0.1162
0.1262
0.1238
0.1130
0.2492
0.1263
0.1201
0.1094
0.1100
0.2456
0.1235
0.1133
0.1148
0.1148
0.1200
0.2608
0.1328
0.1162
0.1226
0.1202
0.1101
0.2501
0.1259
0.1143
0.1097
0.1102
0.2625
0.1158
0.1093
0.1099
0.1223
0.2486
0.1137
0.1151
0.1198
0.1244
0.2509
0.1118
0.1209
0.1196
0.1256
0.1119
0.2440
0.1211
0.1278
0.1101
0.1089
0.2615
0.1197
0.1079
0.1105
0.1125
0.2656
0.1121
0.1152
0.1119
0.1283
0.1207
0.2780
0.1225
0.1160
0.1126
0.1093
0.1102
0.2551
0.1154
0.1081
0.1084
0.1094
0.2537
0.1177
0.1070
0.1098
0.1098
0.2477
0.1237
0.1157
0.1103
0.1196
0.2418
0.1170
0.1123
0.1330
0.1207
0.1177
0.2364
0.1272
0.1156
0.1184
0.1134
0.2369
0.1207
0.1150
0.1193
0.1145
0.2432
0.1260
0.1361
0.1179
0.1212
0.1143
0.2423
0.1130
0.1265
0.1218
0.1197
0.1138
0.2338
0.1276
0.1372
0.1113
0.1195
0.2803
0.1164
0.1309
0.1218
0.1195
0.2629
0.1277
0.1136
0.1143
0.1160
0.2779
0.1168
0.1206
0.1212
0.1224
0.1126
0.2576
0.1405
0.1106
0.1168
0.1201
0.2433
0.1132
0.1098
0.1108
0.1185
0.2436
0.1155
0.1109
0.1112
0.1245
0.1199
0.2941
0.1204
0.1131
0.1114
0.1161
0.1197
0.2651
0.1153
0.1313
0.1217
0.1169
0.2506
0.1165
0.1178
0.1189
0.1340
0.2548
0.1170
0.1210
0.1165
0.1240
0.2844
0.1212
0.1234
0.1104
0.1113
0.1099
0.2523
0.1231
0.1110
0.1106
0.1199
0.2430
0.1156
0.1081
0.1103
0.1233
0.2390
0.1182
0.1101
0.1105
0.1100
0.1219
0.2465
0.1108
0.1106
0.1193
0.1220
0.1228
0.2314
0.1141
0.1229
0.1217
0.1209
0.2384
0.1233
0.1214
0.1220
0.1095
0.2482
0.1241
0.1174
0.1094
0.1114
0.2555
0.1197
0.1093
0.1104
0.1103
0.1212
0.2475
0.1212
0.1169
0.1246
0.1224
0.2449
0.1169
0.1206
0.1241
0.1147
0.2443
0.1425
0.1173
0.1069
0.1088
0.1175
0.2439
0.1175
0.1105
0.1109
0.1176
0.1188
0.2428
0.1088
0.1074
0.1077
0.1199
0.2496
0.1092
0.1066
0.1149
0.1184
0.2590
0.1176
0.1135
0.1198