0.2747
0.2345
0.2326
0.2359
0.2360
0.2309
0.2329
0.2352
0.2311
0.2351
0.2364
0.2311
0.2335
0.2361
0.2308
0.2353
0.2720
0.2407
0.2797
0.2736
0.2792
0.2797
0.2776
0.2795
0.2762
0.2814
0.2779
0.2317
0.2780
0.2795
0.2732
0.2857
0.2949
0.2960
0.3024
0.3035
0.2970
0.2944
0.3012
0.2989
0.2926
0.2918
0.3008
0.3095
0.2999
0.2905
0.3026
0.3067
0.2988
0.2898
0.3037
0.3117
0.2955
0.2951
0.2920
0.3056
0.2959
0.2918
0.2917
0.2918
0.2968
0.2748
0.3131
0.2920
0.2835
0.2923
0.2994
0.2929
0.3045
0.3017
0.3000
0.2937
0.2906
0.2786
0.2772
0.2863
0.2848
0.2889
0.2865
0.2861
0.2822
0.2738
0.2755
0.2829
0.2848
0.2787
0.2846
0.2772
0.2415
0.2794
0.2800
0.2868
0.2792
0.2829
0.2791
0.2400
0.2967
0.2905
0.2799
0.2337
0.2777
0.2828
0.2751
0.2781
0.2812
0.2801
0.2787
0.2763
0.2806
0.2800
0.2396
0.2963
0.2872
0.2339
0.2792
0.2784
0.2311
0.2797
0.2821
0.2783
0.2790
0.2359
0.2791
0.2338
0.2785
0.2308
0.2862
0.2771
0.2322
0.3006
0.2510
0.2451
0.2641
0.2334
0.3062
0.2927
0.2931
0.2376
0.2354
0.2804
0.2814
0.2804
0.2861
0.2790
0.2719
0.2789
0.2397
0.2349
0.2764
0.2824
0.2398
0.2896
0.2887
0.2808
0.2315
0.2790
0.2743
0.2369
0.2310
0.2792
0.2402
0.2874
0.2341
0.2803
0.2396
0.2379
0.2822
0.2425
0.2447
0.2777
0.2861
0.2750
0.2865
0.2866
0.2880
0.2883
0.2338
0.2361
0.4645
0.2867
0.2823
0.2720
0.2402
0.2319
0.2795
0.2796
0.2755
0.2863
0.2363
0.2368
0.2439
0.2343
0.2843
0.2321
0.2785
0.2333
0.2372
0.2326
0.2312
0.2452
0.2723
0.2447
0.2368
0.2820
0.2828
0.2786
0.2402
0.2385
0.2340
0.2335
0.2825
0.2310
0.2353
0.2871
0.2396
0.2826
0.2824
0.2345
0.2316
0.2348
0.2769
0.2401
0.2752
0.2398
0.2341
0.2347
0.2387
0.2741
0.2810
0.2473
0.2358
0.2413
0.2356
0.2338
0.2440
0.2360
0.2357
0.2890
0.2374
0.2358
0.2425
0.2358
0.2395
0.2785
0.2433
0.2369
0.2823
0.2310
0.2345
0.2370
0.2328
0.2818
0.2330
0.2849
0.2357
0.2427
0.2754
0.2388
0.2792
0.2338
0.2403
0.2374
0.2349
0.2381
0.2379
0.2399
0.2828
0.2425
0.2345
0.2465
0.2344
0.2319
0.2857
0.2861
0.2312
0.2907
0.2319
0.2814
0.2447
0.2862
0.2329
0.2908
0.2329
0.2414
0.2336
0.2454
0.2367
0.2346
0.2400
0.2329
0.2440
0.2396
0.2498
0.2526
0.2363
0.2364
0.2369
0.2331
0.2371
0.2319
0.2353
0.2422
0.2321
0.2804
0.2315
0.2306
0.2391
0.2343
0.2377
0.2352
0.2327
0.2442
0.2727
0.2441
0.2734
0.2357
0.2305
0.2303
0.2377
0.2309
0.2333
0.2778
0.2835
0.2310
0.2379
0.2356
0.2821
0.2330
0.2401
0.2330
0.2361
0.2457
0.2327
0.2848
0.2828
0.2319
0.2554
0.2747
0.2887
0.2940
0.2491
0.2398
0.2388
0.2443
0.2316
0.2495
0.2861
0.2415
0.3103
0.3080
0.2975
0.2409
0.2455
0.2479
0.2588
0.2924
0.2347
0.2480
0.2319
0.2318
0.2472
0.2325
0.2594
0.2730
0.2456
0.2409
0.3164
0.2370
0.2709
0.2396
0.2626
0.2438
0.2530
0.2467
0.2574
0.2350
0.2655
0.2310
0.2328
0.2719
0.2380
0.2888
0.2333
0.2355
0.2388
0.2397
0.2314
0.2306
0.2386
0.2721
0.2433
0.2773
0.2325
0.2374
0.2340
0.2319
0.2800
0.2740
0.2351
0.2353
0.2778
0.2381
0.2374
0.2307
0.2305
0.2335
0.2304
0.2315
0.2353
0.2305
0.2349
0.2343
0.2324
0.2322
0.2352
0.2317
0.2311
0.2365
0.2318
0.2387
0.2330
0.2305
0.2388
0.2346
0.2306
0.2358
0.2366
0.2307
0.2349
0.2313
0.2307
0.2344
0.2339
0.2360
0.2398
0.2358
0.2807
0.2320
0.2820
0.2304
0.2804
0.2406
0.2374
0.2782
0.2780
0.2772
0.2408
0.2323
0.2305
0.2391
0.2376
0.2818
0.2334
0.2426
0.2367
0.2310
0.2379
0.2316
0.2340
0.2373
0.2345
0.2771
0.2334
0.2358
0.2774
0.2340
0.2366
0.2309
0.2368
0.2313
0.2305
0.2345
0.2333
0.2305
0.2413
0.2344
0.2779
0.2359
0.2380
0.2333
0.2325
0.2393
0.2317
0.2313
0.2380
0.2308
0.2313
0.2353
0.2740
0.2387
0.2315
0.2306
0.4245
0.2350
0.2317
0.2369
0.2382
0.2311
0.2332
0.2405
0.2325
0.2393
0.2310
0.2314
0.2373
0.2330
0.2321
0.2355
0.2329
0.2360
0.2358
0.2325
0.2816
0.2317
0.2412
0.2326
0.2352
0.2368
0.2349
0.2337
0.2332
0.2367
0.2363
0.2449
0.2304
0.2308
0.2357
0.2305
0.2352
0.2340
0.2318
0.2391
0.2314
0.2326
0.2388
0.2338
0.2310
0.2354
0.2379
0.2349
0.2343
0.2368
0.2334
0.2318
0.2348
0.2311
0.2332
0.2384
0.2315
0.2311
0.2348
0.2346
0.2312
0.2352
0.2346
0.2410
0.2310
0.2300
0.2373
0.2307
0.2314
0.2380
0.2322
0.2348
0.2328
0.2336
0.2828
0.2307
0.2365
0.2377
0.2779
0.2802
0.2337
0.2307
0.2366
0.2366
0.2307
0.2362
0.2392
0.2336
0.2403
0.2343
0.2342
0.2396
0.2732
0.2397
0.2308
0.2391
0.2318
0.2303
0.2341
0.2332
0.2304
0.2464
0.2310
0.2311
0.2388
0.2324
0.2302
0.2390
0.2353
0.2439
0.2326
0.2307
0.2430
0.2331
0.2324
0.2417
0.2311
0.2303
0.2375
0.2362
0.2302
0.2386
0.2359
0.2302
0.2383
0.2347
0.2317
0.2389
0.2318
0.2848
0.2352
0.2408
0.2728
0.2380
0.2326
0.2400
0.2310
0.2321
0.2396
0.2338
0.2305
0.2370
0.2357
0.2306
0.2318
0.2364
0.2313
0.2317
0.2345
0.2305
0.2358
0.2392
0.2306
0.2323
0.2371
0.2308
0.2801
0.2351
0.2406
0.2319
0.2332
0.2363
0.2331
0.2341
0.2840
0.2329
0.2377
0.2396
0.2312
0.2331
0.2370
0.2374
0.2307
0.2406
0.2380
0.2327
0.2358
0.2368
0.2364
0.2350
0.2384
0.2351
0.2406
0.2314
0.2349
0.2380
0.2332
0.2314
0.2351
0.2303
0.2362
0.2316
0.2307
0.2446
0.2310
0.2306
0.2359
0.2321
0.2315
0.2417
0.2320
0.2305
0.2340
0.2365
0.2305
0.2385
0.2306
0.2305
0.2387
0.2358
0.2370
0.2321
0.2351
0.2349
0.2391
0.2342
0.2378
0.2398
0.2308
0.2379
0.2346
0.2343
0.2368
0.2361
0.2347
0.2340
0.2326
0.2337
0.2366
0.2323
0.2341
0.2372
0.2309
0.2325
0.2354
0.2336
0.2375
0.2351
0.2325
0.2405
0.2345
0.2319
0.2345
0.2326
0.2305
0.2369
0.2317
0.2309
0.2402
0.2341
0.2317
0.2366
0.2371
0.2351
0.2365
0.2328
0.2357
0.2386
0.2338
0.2385
0.2330
0.2314
0.2374
0.2344
0.2310
0.2305
0.2345
0.2306
0.2323
0.2326
0.2319
0.2352
0.2325
0.2322
0.2384
0.2323
0.2313
0.2358
0.2324
0.2324
0.2382
0.2334
0.2326
0.2349
0.2346
0.2315
0.2351
0.2326
0.2305
0.2364
0.2340
0.2805
0.2311
0.2335
0.2402
0.2780
0.2346
0.2309
0.2376
0.2527
0.2459
0.2314
0.2369
0.2388
0.2366
0.2333
0.2334
0.2356
0.2335
0.2358
0.2345
0.2313
0.2373
0.2325
0.2356
0.2341
0.2343
0.2363
0.2341
0.2334
0.2411
0.2363
0.2323
0.2358
0.2362
0.2309
0.2396
0.2353
0.2345
0.2357
0.2374
0.2323
0.2392
0.2306
0.2328
0.2354
0.2327
0.2391
0.2326
0.2399
0.2429
0.2342
0.2321
0.2355
0.2364
0.2344
0.2409
0.2322
0.2328
0.2322
0.2337
0.2327
0.2357
0.2336
0.2385
0.2340
0.2401
0.2383
0.2365
0.2434
0.2347
0.2384
0.2413
0.2358
0.2360
0.2392
0.2328
0.2309
0.2323
0.2351
0.2324
0.2432
0.4493
0.2419
0.2327
0.2304
0.2395
0.2341
0.2321
0.2355
0.2322
0.2318
0.2339
0.2314
0.2315
0.2383
0.2379
0.2399
0.2415
0.2309
0.2367
0.2332
0.2307
0.2348
0.2325
0.2322
0.2445
0.2347
0.2359
0.2382
0.2363
0.2384
0.2322
0.2347
0.2345
0.2401
0.2320
0.2314
0.2364
0.2319
0.2382
0.2391
0.2330
0.2335
0.2341
0.2304
0.2403
0.2313
0.2328
0.2335
0.2344
0.2804
0.2328
0.2351
0.2334
0.2327
0.2478
0.2314
0.2406
0.2350
0.2333
0.2394
0.2334
0.2345
0.2417
0.2350
0.2328
0.2318
0.2375
0.2310
0.2349
0.2355
0.2324
0.2362
0.2354
0.2321
0.2366
0.2382
0.2371
0.2811
0.2376
0.2377
0.2334
0.2824
0.2417
0.2378
0.2324
0.2371
0.2390
0.2352
0.2777
0.2364
0.2382
0.2319
0.2335
0.2437
0.2325
0.2424
0.2321
0.2310
0.2423
0.2339
0.2426
0.2336
0.2310
0.2303
0.2400
0.2312
0.2353
0.2326
0.2739
0.2401
0.2357
0.2358
0.2379
0.2382
0.2409
0.2337
0.2368
0.2405
0.2370
0.2452
0.2310
0.2327
0.2390
0.2317
0.2332
0.2392
0.2322
0.2456
0.2311
0.2308
0.2407
0.2337
0.2387
0.2372
0.2343
0.2418
0.2338
0.2393
0.2410
0.2314
0.2331
0.2360
0.2362
0.2388
0.2318
0.2343
0.2376
0.2337
0.2330
0.2403
0.2329
0.2348
0.2851
0.2354
0.2410
0.2320
0.2354
0.2336
0.2309
0.2407
0.2352
0.2392
0.2367
0.2394
0.2363
0.2386
0.2359
0.2372
0.2393
0.2337
0.2329
0.2324
0.2310
0.2382
0.2380
0.2361
0.2375
0.2355
0.2338
0.2347
0.2319
0.2320
0.2379
0.2310
0.2337
0.2351
0.2320
0.2381
0.2406
0.2311
0.2417
0.2314
0.2303
0.2447
0.2340
0.2354
0.2355
0.2358
0.2396
0.2352
0.2319
0.2391
0.2409
0.2403
0.2408
0.2342
0.2355
0.2465
0.2375
0.2426
0.2362
0.2392
0.2405
0.2378
0.2380
0.2381
0.2417
0.2398
0.2370
0.2412
0.2556
0.2565
0.2342
0.2669
0.2308
0.2545
0.2346
0.2734
0.2308
0.2430
0.2426
0.2308
0.2601
0.2310
0.2594
0.2310
0.2363
0.2505
0.2306
0.2343
0.2525
0.2303
0.2529
0.2311
0.2551
0.2308
0.2325
0.2720
0.2416
0.2538
0.2534
0.2490
0.3067
0.2651
0.2363
0.2628
0.2399
0.2643
0.2309
0.2321
0.2497
0.2377
0.2556
0.2605
0.2386
0.2345
0.2624
0.2310
0.2639
0.2309
0.2521
0.2314
0.2736
0.2498
0.2324
0.2904
0.2542
0.2457
0.2617
0.2547
0.2493
0.2557
0.2551
0.2501
0.2530
0.2534
0.4434
0.2521
0.2474
0.2490
0.2509
0.2428
0.2570
0.2413
0.2605
0.2398
0.2544
0.2428
0.2602
0.2508
0.2528
0.2503
0.3048
0.2378
0.2696
0.2340
0.2658
0.2311
0.2534
0.2309
0.2302
0.2605
0.2305
0.2305
0.2496
0.2305
0.2377
0.2470
0.2333
0.2679
0.2378
0.2482
0.2397
0.2687
0.2419
0.2598
0.2528
0.2511
0.2640
0.2371
0.2624
0.2354
0.2670
0.2310
0.2540
0.2308
0.2310
0.2591
0.2308
0.2495
0.2308
0.2303
0.2607
0.2306
0.2342
0.2510
0.2340
0.2511
0.2304
0.2534
0.2308
0.2475
0.2352
0.2322
0.2599
0.2334
0.2687
0.2310
0.2526
0.2310
0.2304
0.2542
0.2336
0.2683
0.2333
0.2677
0.2334
0.2667
0.2306
0.2564
0.2309
0.2325
0.2544
0.2306
0.2325
0.2464
0.2356
0.2554
0.2304
0.2326
0.2511
0.2341
0.2706
0.2383
0.2627
0.2395
0.2456
0.2352
0.2590
0.2307
0.2306
0.2538
0.2323
0.2545
0.2305
0.2337
0.2657
0.2424
0.2555
0.2611
0.2365
0.2660
0.2347
0.2640
0.2308
0.2731
0.2308
0.2307
0.2521
0.2326
0.2746
0.2420
0.2677
0.2395
0.2626
0.2399
0.2619
0.2355
0.2486
0.2321
0.2544
0.2307
0.2352
0.2553
0.2562
0.2310
0.2310
0.2593
0.2335
0.2620
0.2329
0.2648
0.2309
0.2516
0.2310
0.2304
0.2578
0.2393
0.2582
0.2344
0.2699
0.2309
0.2309
0.2500
0.2325
0.2388
0.2458
0.2392
0.2618
0.2411
0.2575
0.2550
0.2526
0.2509
0.2482
0.2525
0.2441
0.2631
0.2383
0.2615
0.2365
0.2653
0.2309
0.2549
0.2374
0.2467
0.2374
0.2694
0.2343
0.2339
0.2555
0.2381
0.2608
0.2375
0.2656
0.2310
0.2549
0.2308
0.2477
0.2436
0.2434
0.2376
0.2398
0.2394
0.2321
0.2453
0.2428
0.2365
0.2387
0.2365
0.2388
0.2423
0.2364
0.2442
0.2345
0.2322
0.2414
0.2332
0.2470
0.2419
0.2349
0.2446
0.2375
0.2309
0.2492
0.2343
0.2458
0.2342
0.2306
0.2422
0.2360
0.2312
0.2455
0.2370
0.2346
0.2381
0.2307
0.2446
0.2349
0.2389
0.2347
0.2393
0.2339
0.2321
0.2353
0.2324
0.2407
0.2355
0.2413
0.2395
0.2357
0.2395
0.2355
0.2378
0.4275
0.2423
0.2348
0.2412
0.2379
0.2356
0.2397
0.2351
0.2403
0.2373
0.2353
0.2411
0.2340
0.2371
0.2428
0.2376
0.2434
0.2354
0.2383
0.2387
0.2340
0.2459
0.2327
0.2387
0.2355
0.2321
0.2435
0.2341
0.2395
0.2354
0.2368
0.2392
0.2406
0.2450
0.2355
0.2406
0.2372
0.2378
0.2366
0.2409
0.2412
0.2424
0.2401
0.2325
0.2405
0.2329
0.2313
0.2419
0.2320
0.2302
0.2421
0.2326
0.2433
0.2374
0.2322
0.2431
0.2352
0.2388
0.2360
0.2379
0.2358
0.2382
0.2322
0.2355
0.2362
0.2311
0.2442
0.2361