0.8766
0.6020
0.5980
0.5514
0.5506
0.5529
0.5522
0.5529
0.5532
0.5527
0.5503
0.5504
0.5502
0.6023
0.5530
0.5529
0.5530
0.5530
0.5524
0.5510
0.5507
0.5512
0.5502
0.5526
0.5510
0.5540
0.6066
0.6014
0.5985
0.5509
0.6044
0.5999
0.5996
0.6049
0.6034
0.6042
0.6022
0.6001
0.6008
0.5990
0.6032
0.6031
0.5526
0.6068
0.6006
0.6023
0.6059
0.6014
0.5992
0.6030
0.6051
0.6053
0.6017
0.6066
0.6010
0.6035
0.6011
0.6047
0.5527
0.6068
0.6048
0.6044
0.6005
0.6013
0.6212
0.6032
0.6048
0.6036
0.5517
0.6072
0.5998
0.6038
0.6057
0.6017
0.6053
0.5531
0.6079
0.6052
0.6006
0.6053
0.6016
0.6013
0.5530
0.6047
0.6053
0.6021
0.6021
0.6009
0.6016
0.6032
0.6017
0.6014
0.5531
0.6043
0.6027
0.6006
0.6022
0.6048
0.5518
0.5529
0.6049
0.6021
0.6001
0.5519
0.5996
0.5517
0.6018
0.6019
0.6200
0.6110
0.6006
0.5522
0.5520
0.6006
0.6061
0.6015
0.5528
0.6028
0.6015
0.5525
0.6061
0.5521
0.6002
0.5516
0.6050
0.6100
0.5536
0.5529
0.5521
0.5527
0.6065
0.6017
0.6042
0.6029
0.5527
0.6069
0.5544
0.6012
0.6019
0.7278
0.6021
0.6044
0.5537
0.5524
0.6028
0.6087
0.6036
0.6032
0.6050
0.6024
0.6055
0.6062
0.5517
0.6079
0.6039
0.6094
0.5519
0.5994
0.5531
0.6079
0.6064
0.5521
0.5519
0.6096
0.6013
0.5520
0.5524
0.6023
0.6031
0.6051
0.6026
0.6027
0.6045
0.6038
0.6028
0.6044
0.6067
0.6047
0.6036
0.6094
0.5523
0.5521
0.5522
0.5522
0.5520
0.5533
0.5526
0.5538
0.5516
0.5524
0.5515
0.5520
0.5519
0.5519
0.5531
0.5528
0.5529
0.5520
0.5519
0.6036
0.5519
0.5522
0.5522
0.5531
0.5524
0.6035
0.6025
0.6017
0.6017
0.6027
0.6020
0.6050
0.5528
0.6030
0.6015
0.6018
0.6061
0.5518
0.5530
0.5524
0.5531
0.6061
0.6080
0.6066
0.5518
0.5514
0.5522
0.5517
0.6082
0.5536
0.6072
0.5532
0.5550
0.5528
0.5518
0.5525
0.6045
0.5531
0.6067
0.5529
0.5517
0.5527
0.6054
0.5999
0.5513
0.5553
0.6063
0.5545
0.6044
0.6073
0.5530
0.6049
0.5514
0.5514
0.5520
0.5530
0.5526
0.6030
0.5518
0.5523
0.6015
0.6020
0.5549
0.6171
0.6064
0.6093
0.6012
0.5523
0.6094
0.5534
0.5534
0.5525
0.5525
0.5528
0.5526
0.5526
0.5512
0.5523
0.5525
0.5517
0.5522
0.5519
0.5535
0.5529
0.5526
0.5514
0.5520
0.6020
0.5514
0.6038
0.6081
0.5536
0.5527
0.5521
0.6013
0.5517
0.6058
0.5518
0.5522
0.5529
0.5528
0.5534
0.6031
0.5531
0.5518
0.5520
0.6034
0.6029
0.5536
0.5527
0.5532
0.5524
0.5522
0.5519
0.5513
0.5525
0.5532
0.5530
0.5538
0.6022
0.5516
0.5521
0.6032
0.6073
0.6014
0.6020
0.5541
0.5533
0.6061
0.6042
0.5527
0.6055
0.6032
0.6003
0.5521
0.5528
0.5528
0.6045
0.5525
0.6040
0.5525
0.5521
0.5522
0.6034
0.5533
0.5527
0.6087
0.6073
0.5520
0.5527
0.6003
0.6031
0.6068
0.5541
0.6094
0.6048
0.5530
0.6069
0.5521
0.6029
0.6023
0.5529
0.5538
0.6039
0.5523
0.5525
0.6031
0.5528
0.5525
0.6039
0.6104
0.5539
0.6050
0.5520
0.5524
0.5528
0.5689
0.5521
0.5521
0.5530
0.6054
0.5531
0.5520
0.5518
0.6040
0.5528
0.5516
0.6057
0.5534
0.5529
0.5530
0.5519
0.5523
0.5526
0.5523
0.5526
0.5518
0.5529
0.5525
0.5534
0.5519
0.5525
0.5519
0.5524
0.5522
0.5519
0.5526
0.5531
0.5530
0.5522
0.5512
0.5522
0.5526
0.5519
0.5530
0.5528
0.5536
0.5531
0.6003
0.5521
0.5518
0.7056
0.6044
0.5528
0.5534
0.5530
0.6076
0.5515
0.6058
0.5518
0.5522
0.5523
0.5527
0.5535
0.5527
0.5530
0.5520
0.5523
0.5525
0.5521
0.5522
0.5519
0.6055
0.5533
0.5529
0.5531
0.6011
0.6017
0.6005
0.5523
0.5520
0.5527
0.5531
0.6022
0.6032
0.6042
0.5519
0.5527
0.6028
0.6037
0.6046
0.6051
0.6075
0.6057
0.5517
0.5522
0.6049
0.5518
0.5526
0.5529
0.5529
0.5531
0.5521
0.5517
0.5515
0.5528
0.6070
0.5524
0.5519
0.5532
0.6029
0.6061
0.6150
0.5525
0.5519
0.6050
0.5521
0.5524
0.5535
0.5529
0.5528
0.5516
0.5529
0.5528
0.5523
0.5522
0.5514
0.5533
0.5528
0.5534
0.5520
0.6067
0.5525
0.6014
0.5520
0.5519
0.5525
0.5529
0.5534
0.5517
0.5521
0.6174
0.5519
0.6028
0.6028
0.5530
0.5530
0.5514
0.6023
0.5518
0.6065
0.5519
0.5523
0.5532
0.5537
0.5536
0.6051
0.5543
0.5517
0.5527
0.5526
0.5532
0.6059
0.5532
0.5530
0.5520
0.6042
0.5527
0.5512
0.5524
0.5535
0.5536
0.5535
0.5530
0.5515
0.5519
0.5524
0.5522
0.5524
0.6066
0.5530
0.5530
0.5529
0.5523
0.5514
0.5531
0.5522
0.5525
0.5510
0.5519
0.5539
0.5528
0.5529
0.6065
0.5522
0.5523
0.5529
0.5514
0.5517
0.5536
0.5534
0.5527
0.5515
0.6048
0.5518
0.6001
0.5516
0.5515
0.5546
0.5525
0.5529
0.5516
0.5529
0.5520
0.5526
0.5520
0.5519
0.5524
0.5533
0.5534
0.5509
0.5517
0.5523
0.5514
0.5524
0.5526
0.5535
0.5524
0.5557
0.5551
0.5522
0.5525
0.5524
0.5544
0.5517
0.5532
0.6108
0.6085
0.5530
0.6148
0.5524
0.5534
0.5514
0.5516
0.5528
0.5531
0.5530
0.5519
0.5526
0.5521
0.5515
0.5521
0.5521
0.6068
0.6097
0.5539
0.5518
0.5523
0.6005
0.6027
0.5520
0.5511
0.5527
0.5526
0.5524
0.5509
0.5524
0.5521
0.5520
0.5511
0.5527
0.5523
0.5531
0.5535
0.5522
0.5517
0.6030
0.5518
0.5515
0.5516
0.5537
0.5526
0.5524
0.5510
0.5522
0.5518
0.5520
0.5517
0.5518
0.5523
0.5528
0.5528
0.5515
0.5514
0.5512
0.5512
0.6019
0.5522
0.5532
0.6041
0.5526
0.5515
0.6029
0.5520
0.5503
0.5520
0.5525
0.5523
0.5530
0.6082
0.5516
0.5521
0.5510
0.5519
0.5528
0.5524
0.5529
0.5526
0.5528
0.5520
0.6023
0.5515
0.5522
0.5521
0.5514
0.5524
0.5526
0.5523
0.5507
0.5514
0.5512
0.5519
0.5522
0.5530
0.5512
0.7324
0.5522
0.6023
0.6048
0.5521
0.5506
0.5516
0.5514
0.5527
0.5526
0.5534
0.5513
0.5508
0.6017
0.5515
0.5513
0.5518
0.5523
0.5529
0.5524
0.5512
0.5519
0.5520
0.5513
0.5503
0.5514
0.5532
0.5525
0.5524
0.5517
0.5518
0.6031
0.5513
0.6043
0.5521
0.5526
0.5533
0.6054
0.5527
0.5522
0.5528
0.5515
0.5519
0.5528
0.5533
0.5531
0.5526
0.5525
0.5515
0.5515
0.5518
0.5507
0.5525
0.5524
0.5528
0.5522
0.5522
0.5511
0.5522
0.5510
0.5517
0.5518
0.5520
0.5531
0.5529
0.5507
0.5513
0.5521
0.5511
0.5517
0.5515
0.5527
0.5523
0.5526
0.5520
0.5521
0.5519
0.5533
0.5510
0.5540
0.5525
0.5531
0.5527
0.5528
0.5518
0.5519
0.5520
0.5517
0.5522
0.5526
0.5525
0.5523
0.5522
0.5554
0.5523
0.5512
0.6053
0.5516
0.5526
0.5605
0.5525
0.5523
0.5508
0.5522
0.5521
0.5513
0.6020
0.6079
0.6070
0.5529
0.5517
0.5519
0.5516
0.5514
0.5506
0.5513
0.5525
0.5531
0.5529
0.5515
0.5515
0.5511
0.5513
0.5515
0.5513
0.5525
0.5528
0.5524
0.5521
0.5517
0.5525
0.5507
0.5510
0.5514
0.5523
0.5523
0.5530
0.5514
0.5513
0.5517
0.5508
0.5512
0.5506
0.5523
0.5524
0.6017
0.5524
0.5520
0.5523
0.5509
0.5515
0.5517
0.5525
0.5525
0.5532
0.5515
0.5527
0.5514
0.5519
0.5511
0.5513
0.5523
0.5529
0.5525
0.5519
0.5518
0.5526
0.5511
0.5521
0.5511
0.5526
0.5532
0.5528
0.5511
0.5519
0.5513
0.5521
0.5516
0.5511
0.5529
0.6023
0.5525
0.5512
0.5520
0.5516
0.5513
0.6048
0.5520
0.5529
0.5535
0.5518
0.5517
0.5512
0.5514
0.5508
0.5517
0.5510
0.5524
0.5536
0.5528
0.5525
0.5519
0.5528
0.6038
0.5516
0.5519
0.5523
0.5532
0.5518
0.6016
0.6020
0.5508
0.6064
0.5510
0.5515
0.5525
0.5526
0.5519
0.5516
0.5543
0.5515
0.5509
0.5507
0.5523
0.5526
0.5528
0.5513
0.6093
0.5522
0.5511
0.5512
0.5514
0.5521
0.5529
0.5530
0.5526
0.5518
0.5513
0.5520
0.5510
0.5514
0.5512
0.5528
0.5535
0.5526
0.5514
0.5519
0.5508
0.5515
0.5511
0.5515
0.5524
0.5524
0.5525
0.5517
0.5522
0.5514
0.5512
0.5512
0.5525
0.5523
0.5528
0.5526
0.5508
0.5512
0.5518
0.5513
0.5515
0.5515
0.5524
0.5527
0.5525
0.5523
0.5514
0.5521
0.5516
0.5513
0.5521
0.5531
0.6100
0.5526
0.6010
0.5521
0.5508
0.5513
0.5514
0.5520
0.5527
0.5536
0.5521
0.5521
0.5526
0.5528
0.5525
0.5514
0.5530
0.5534
0.5530
0.5528
0.5524
0.5518
0.5519
0.5514
0.5514
0.5515
0.5529
0.5530
0.5530
0.5521
0.5524
0.5527
0.5515
0.5517
0.5512
0.5530
0.5688
0.5527
0.5515
0.5513
0.5520
0.5515
0.5510
0.5522
0.5524
0.5526
0.7073
0.5532
0.5525
0.5519
0.5518
0.5522
0.5522
0.5527
0.5523
0.5528
0.5522
0.5509
0.5514
0.5515
0.5519
0.5512
0.5523
0.5528
0.5527
0.5519
0.5520
0.5523
0.5516
0.5510
0.5519
0.5523
0.5525
0.5525
0.5515
0.5514
0.5525
0.5513
0.5516
0.5511
0.5518
0.5527
0.5528
0.5516
0.5539
0.5518
0.5517
0.5516
0.5504
0.5526
0.5527
0.5526
0.5523
0.5509
0.5521
0.5509
0.5519
0.5512
0.5527
0.5536
0.5531
0.5527
0.5520
0.5529
0.5517
0.5514
0.5513
0.5527
0.5521
0.5530
0.5511
0.5507
0.5515
0.5518
0.5517
0.5515
0.5523
0.5529
0.5526
0.5515
0.5514
0.5519
0.5513
0.5521
0.5523
0.5518
0.5526
0.5526
0.5520
0.5512
0.5516
0.5513
0.5517
0.5513
0.5563
0.5545
0.6116
0.5527
0.5515
0.5527
0.5517
0.5521
0.5518
0.5516
0.5534
0.5525
0.5528
0.5515
0.5514
0.5507
0.5511
0.5517
0.5518
0.5522
0.5524
0.5528
0.5520
0.5522
0.5524
0.5534
0.5543
0.5548
0.5524
0.5528
0.5529
0.5519
0.5509
0.5513
0.5519
0.5508
0.5515
0.5531
0.5530
0.5526
0.5512
0.5525
0.5511
0.5514
0.5502
0.5516
0.5522
0.5526
0.5526
0.5514
0.5509
0.5520
0.5511
0.5508
0.5513
0.6046
0.5531
0.5527
0.5514
0.5514
0.5515
0.5518
0.5509
0.5521
0.5524
0.5526
0.5525
0.5517
0.5519
0.5517
0.5516
0.5519
0.5512
0.5530
0.5530
0.5527
0.5518
0.5518
0.5512
0.5520
0.5517
0.5517
0.6056
0.5539
0.5524
0.5523
0.5511
0.5526
0.6042
0.5513
0.5521
0.5524
0.5522
0.5527
0.5517
0.5510
0.5522
0.5522
0.5514
0.5517
0.5531
0.5527
0.5524
0.5513
0.5515
0.5519
0.5515
0.5528
0.5510
0.5513
0.5528
0.5526
0.5528
0.5525
0.5516
0.5515
0.5506
0.5526
0.5507
0.5522
0.5527
0.5532
0.5507
0.5520
0.5515
0.5518
0.5508
0.5515
0.5533
0.5528
0.5528
0.5518
0.5514
0.5524
0.5521
0.5514
0.5520
0.5520
0.5530
0.5527
0.5523
0.5511
0.5514
0.5511
0.5507
0.5511
0.5525
0.5532
0.5531
0.5524
0.5515
0.5521
0.5510
0.5519
0.5515
0.5514
0.5526
0.5524
0.5522
0.5516
0.5518
0.5521
0.5504
0.5522
0.5520
0.5523
0.5527
0.5527
0.5516
0.5520
0.6076
0.5513
0.5515
0.5530
0.5530
0.5534
0.5516
0.5516
0.5516
0.5515
0.5520
0.5505
0.5522
0.5543
0.5528
0.5518
0.5522
0.5525
0.5510
0.5508
0.6037
0.5518
0.5528
0.5531
0.5524
0.5522
0.6074
0.5524
0.6702
0.5514
0.5529
0.5526
0.5524
0.5516
0.5523
0.5520
0.5519
0.5518
0.5517
0.5524
0.5528
0.5529
0.5523
0.5519
0.5517
0.5525
0.5510
0.5521
0.5517
0.5528
0.5528
0.5529
0.5518
0.5517
0.5509
0.5519
0.5504
0.5521
0.5525
0.5527
0.5533
0.5515
0.5526
0.5520
0.5514
0.5517
0.5510
0.5524
0.5525
0.5525
0.5514
0.5512
0.5517
0.5513
0.5516
0.6032
0.5528
0.5525
0.5526
0.5518
0.5511
0.5524
0.5510
0.5517
0.5517
0.5514
0.5532
0.5524
0.5535
0.5513
0.5517
0.5519
0.6039
0.5507
0.5515
0.5527
0.5523
0.5526
0.5509
0.5517
0.5513
0.5510
0.5515
0.5531
0.5523
0.5529
0.5531
0.5526
0.5518
0.5518
0.5513
0.5524
0.5524
0.5531
0.5524
0.5525
0.5520
0.5526
0.5524
0.5510
0.5517
0.5517
0.5526
0.5532
0.5535
0.5513
0.5516
0.5517
0.5521
0.5509
0.5520
0.5508
0.5528
0.5532
0.5524
0.5522
0.5519
0.5514
0.5519
0.5512
0.5526
0.5536
0.5524
0.5527
0.5512
0.5518
0.5512
0.5521
0.5506
0.5520
0.5523
0.5531
0.5528
0.5529
0.5517
0.5529
0.5522
0.5521
0.5510
0.5520
0.5531
0.5526
0.5528
0.5523
0.5517
0.5520
0.5508
0.5512
0.5515
0.5522
0.5523
0.5522
0.5513
0.5510
0.5510
0.5511
0.5514
0.5512
0.5527
0.5524
0.5524
0.5521
0.5519
0.5514
0.5515
0.5511
0.5518
0.5521
0.5524
0.5522
0.5519
0.5507
0.5511
0.5521
0.5510
0.5518
0.5515
0.5527
0.5523
0.5530
0.5512
0.5515
0.5511
0.5516
0.5508
0.5518
0.5523
0.5527
0.5525
0.5527
0.5506
0.5522
0.5513
0.5529
0.5523
0.5532
0.5533
0.5525
0.5517
0.5511
0.5522
0.5516
0.5521
0.5517
0.5525
0.5528
0.5526
0.5515
0.5510
0.5512
0.5519
0.5522
0.5524
0.5521
0.5529
0.5534
0.5527
0.5512
0.5521
0.5518
0.5520
0.5523
0.5516
0.5533
0.5526
0.5532
0.5515
0.5517
0.5511
0.5525
0.5526
0.5522
0.5522
0.5525
0.5527
0.5520
0.5508
0.5517
0.5516
0.5512
0.5520
0.5524
0.5529
0.5533
0.5531
0.5513
0.5524
0.5521
0.5518
0.5515
0.5523
0.5523
0.5524
0.5515
0.5522
0.5510
0.5519
0.5510
0.5516
0.5514
0.5530
0.5524
0.5524
0.5516
0.5518
0.5512
0.5518
0.5522
0.5518
0.5525
0.5525
0.5524
0.5513
0.5510
0.5518
0.5512
0.5518
0.5515
0.5522
0.5524
0.5523
0.5517
0.5512
0.5515
0.5514
0.5525
0.5509
0.5522
0.5529
0.5526
0.5514
0.5523
0.5529
0.5523
0.5514
0.5517
0.5524
0.5525
0.5531
0.5530
0.5525
0.5512
0.5518
0.5513
0.5512
0.5510
0.5527
0.5524
0.5527
0.5510
0.5517
0.5511
0.5512
0.5511
0.5518
0.5530
0.5528
0.5527
0.5520
0.5519
0.5522
0.5522
0.5517
0.5514
0.5522
0.5529
0.5524
0.5510
0.5515
0.5517
0.5513
0.5517
0.5509
0.5528
0.5525
0.5530
0.5515
0.5523
0.5518
0.5518
0.5520
0.5511
0.5525
0.5530
0.5528
0.5515
0.5511
0.5516
0.5509
0.5508
0.5516
0.5526
0.5523
0.5523
0.5514
0.5512
0.5523
0.5512
0.5523
0.5513
0.5528
0.5526
0.5546
0.5619
0.5517
0.5518
0.5513
0.5519
0.5520
0.5532
0.5526
0.5524