0.6292
0.4593
0.4586
0.4595
0.4594
0.4579
0.4591
0.4114
0.4590
0.4573
0.4110
0.4116
0.4111
0.4117
0.4121
0.4122
0.4113
0.4114
0.4117
0.4126
0.4123
0.4117
0.4116
0.4119
0.4114
0.4116
0.4113
0.4116
0.4116
0.4114
0.4119
0.4117
0.4120
0.4116
0.4114
0.4116
0.4115
0.4122
0.4600
0.4590
0.4580
0.4583
0.4582
0.4589
0.4577
0.4579
0.4578
0.4113
0.4116
0.4113
0.4583
0.4121
0.4585
0.4596
0.4583
0.4584
0.4581
0.4123
0.4595
0.4597
0.4583
0.4582
0.4578
0.4583
0.4578
0.4588
0.4586
0.4576
0.4581
0.4580
0.4577
0.4609
0.4588
0.4577
0.4600
0.4583
0.4579
0.4582
0.4573
0.4580
0.4574
0.4118
0.4579
0.4578
0.4572
0.4577
0.4572
0.4584
0.4579
0.4576
0.4580
0.4576
0.4578
0.4573
0.4582
0.4583
0.4113
0.4606
0.4584
0.4592
0.4581
0.4591
0.4739
0.4595
0.4577
0.4578
0.4117
0.4130
0.4589
0.4604
0.4579
0.4579
0.4583
0.4570
0.4577
0.4573
0.4570
0.4572
0.4571
0.4587
0.4113
0.4601
0.4116
0.4595
0.4573
0.4580
0.4582
0.4584
0.4579
0.4573
0.4577
0.4584
0.4123
0.4127
0.4589
0.4116
0.4585
0.4120
0.4115
0.4120
0.4576
0.4584
0.4579
0.4586
0.4578
0.4581
0.4115
0.4118
0.4584
0.4111
0.4116
0.4591
0.4577
0.4581
0.4114
0.4590
0.4117
0.4142
0.4122
0.4115
0.4601
0.4581
0.4579
0.4572
0.4582
0.4117
0.4113
0.4588
0.4114
0.4115
0.4114
0.4118
0.4583
0.4113
0.4118
0.4584
0.4577
0.4576
0.4115
0.4118
0.4114
0.4115
0.4111
0.4114
0.4582
0.4579
0.4574
0.4571
0.4571
0.4111
0.4575
0.4574
0.4115
0.4113
0.4115
0.4113
0.4117
0.4116
0.4112
0.4117
0.4113
0.4117
0.4116
0.4115
0.4115
0.4118
0.4114
0.4128
0.4128
0.4121
0.4113
0.4116
0.4113
0.4113
0.4115
0.4117
0.4118
0.4116
0.4114
0.4119
0.4114
0.4120
0.4114
0.4131
0.4123
0.4126
0.4134
0.4127
0.4123
0.4119
0.4111
0.4116
0.4112
0.4119
0.4112
0.4113
0.4116
0.4118
0.4121
0.4114
0.4114
0.4117
0.4117
0.4125
0.4113
0.4113
0.4123
0.4113
0.4120
0.4113
0.4115
0.5393
0.4129
0.4121
0.4114
0.4125
0.4116
0.4144
0.4123
0.4118
0.4121
0.4118
0.4119
0.4116
0.4119
0.4121
0.4115
0.4117
0.4117
0.4125
0.4123
0.4118
0.4127
0.4117
0.4120
0.4117
0.4121
0.4119
0.4116
0.4121
0.4117
0.4114
0.4117
0.4115
0.4117
0.4116
0.4117
0.4117
0.4117
0.4119
0.4116
0.4120
0.4114
0.4113
0.4116
0.4117
0.4120
0.4114
0.4115
0.4116
0.4118
0.4120
0.4114
0.4117
0.4112
0.4114
0.4114
0.4114
0.4128
0.4117
0.4115
0.4115
0.4112
0.4118
0.4112
0.4113
0.4115
0.4114
0.4113
0.4113
0.4116
0.4118
0.4115
0.4118
0.4112
0.4120
0.4113
0.4112
0.4113
0.4113
0.4115
0.4111
0.4111
0.4115
0.4112
0.4113
0.4113
0.4132
0.4120
0.4116
0.4118
0.4112
0.4115
0.4114
0.4114
0.4112
0.4112
0.4116
0.4112
0.4112
0.4114
0.4117
0.4115
0.4114
0.4114
0.4114
0.4112
0.4120
0.4124
0.4120
0.4113
0.4111
0.4116
0.4113
0.4118
0.4113
0.4110
0.4111
0.4112
0.4116
0.4111
0.4115
0.4113
0.4112
0.4121
0.4117
0.4124
0.4114
0.4113
0.4119
0.4112
0.4120
0.4117
0.4123
0.4124
0.4120
0.4123
0.4141
0.4126
0.4118
0.4111
0.4116
0.4115
0.4121
0.4113
0.4114
0.4117
0.4113
0.4117
0.4113
0.4114
0.4123
0.4114
0.4119
0.4112
0.4114
0.4117
0.4117
0.4132
0.4118
0.4118
0.4114
0.4115
0.4119
0.4113
0.4119
0.4115
0.4117
0.4120
0.4120
0.4121
0.4114
0.4117
0.4120
0.4113
0.4118
0.4112
0.4113
0.4114
0.4111
0.4115
0.4115
0.4115
0.4114
0.4113
0.4118
0.4114
0.4115
0.4114
0.4115
0.4111
0.4109
0.4114
0.4114
0.4118
0.4115
0.4112
0.4116
0.4113
0.4120
0.4115
0.4119
0.4122
0.4117
0.4120
0.4117
0.4117
0.4129
0.4128
0.4123
0.4120
0.4121
0.4118
0.4115
0.5609
0.4119
0.4117
0.4113
0.4113
0.4108
0.4111
0.4110
0.4112
0.4114
0.4110
0.4109
0.4112
0.4111
0.4112
0.4109
0.4112
0.4111
0.4109
0.4113
0.4120
0.4125
0.4115
0.4111
0.4113
0.4114
0.4118