0.3308
0.3199
0.3098
0.3073
0.3084
0.3083
0.3076
0.3088
0.2418
0.3076
0.3084
0.3082
0.3075
0.3083
0.3077
0.3085
0.3097
0.3092
0.3124
0.3110
0.3121
0.2434
0.2426
0.2427
0.3096
0.3093
0.3089
0.3094
0.3086
0.3080
0.2422
0.3085
0.3086
0.3088
0.3088
0.2429
0.3095
0.3093
0.3110
0.3090
0.3088
0.3091
0.3111
0.3095
0.3097
0.3096
0.3101
0.3131
0.3096
0.3090
0.3093
0.3096
0.3102
0.3128
0.3116
0.3107
0.3090
0.3085
0.3093
0.3085
0.3097
0.3089
0.3086
0.3089
0.2424
0.3087
0.3089
0.3089
0.3087
0.3092
0.3087
0.3084
0.3097
0.3092
0.3093
0.3085
0.3092
0.3092
0.3089
0.3101
0.3102
0.3122
0.3134
0.3094
0.3105
0.3115
0.3129
0.3108
0.3097
0.3095
0.3094
0.3093
0.3085
0.3099
0.3107
0.3097
0.3093
0.3087
0.3095
0.3087
0.3139
0.3089
0.3090
0.3091
0.3094
0.3103
0.3107
0.3101
0.3104
0.3103
0.3094
0.3093
0.3098
0.3096
0.3092
0.3121
0.3105
0.3106
0.3132
0.3118
0.3100
0.3097
0.3099
0.3093
0.3093
0.3108
0.3097
0.3096
0.3092
0.3093
0.3099
0.3094
0.3111
0.3097
0.3164
0.3102
0.3102
0.3100
0.3105
0.3155
0.3280
0.3199
0.3156
0.3167
0.3145
0.3154
0.3121
0.3095
0.3093
0.3164
0.3127
0.3119
0.3186
0.3137
0.3113
0.3098
0.3085
0.3099
0.3097
0.3093
0.2429
0.3098
0.3092
0.3087
0.3097
0.3101
0.3100
0.3093
0.3104
0.3107
0.3104
0.3113
0.3106
0.3102
0.3101
0.3103
0.3099
0.3111
0.3108
0.3095
0.3093
0.3097
0.3174
0.3130
0.3104
0.3100
0.3096
0.3098
0.3121
0.3104
0.3119
0.3102
0.3087
0.3097
0.3098
0.3097
0.3104
0.3115
0.3111
0.3099
0.3103
0.3100
0.3093
0.3102
0.3095
0.3120
0.3114
0.3106
0.3094
0.3101
0.3118
0.4551
0.3106
0.3103
0.3139
0.3120
0.3113
0.3097
0.3104
0.3102
0.3095
0.3093
0.3096
0.2425
0.3095
0.3099
0.3100
0.2427
0.3103
0.3115
0.3096
0.2427
0.3103
0.3113
0.3097
0.3101
0.2428
0.3113
0.3105
0.3104
0.3102
0.3095
0.3098
0.3104
0.3091
0.3095
0.3101
0.3124
0.3114
0.3098
0.3098
0.2435
0.2428
0.2427
0.3110
0.3098
0.3108
0.2430
0.3091
0.3098
0.2445
0.3149
0.2462
0.3136
0.3143
0.3137
0.2461
0.3137
0.2458
0.2438
0.2428
0.2428
0.2427
0.2433
0.3114
0.3091
0.2428
0.2427
0.2427
0.2429
0.2428
0.2425
0.2426
0.2426
0.2448
0.2439
0.3124
0.3115
0.2443
0.2438
0.3110
0.2425
0.3091
0.2428
0.3091
0.3099
0.2422
0.3087
0.2428
0.3100
0.3089
0.3099
0.2428
0.2425
0.3094
0.2431
0.2426
0.3104
0.3097
0.2429
0.3117
0.3093
0.3090
0.2427
0.3108
0.3099
0.3104
0.3099
0.3089
0.3210
0.3116
0.3110
0.2429
0.2430
0.3102
0.3095
0.3100
0.2427
0.2427
0.2425
0.2427
0.2429
0.2427
0.3097
0.3092
0.2427
0.2426
0.3093
0.2428
0.3105
0.3104
0.3100
0.2427
0.3104
0.3312
0.3125
0.3102
0.3094
0.3097
0.3098
0.3099
0.3107
0.3094
0.3095
0.3211
0.3120
0.2435
0.2454
0.3130
0.3119
0.3103
0.3095
0.2430
0.3098
0.3096
0.2432
0.2431
0.3098
0.2427
0.3090
0.2429
0.3089
0.3091
0.2427
0.3085
0.3088
0.3082
0.3117
0.2440
0.3116
0.3097
0.3098
0.2429
0.3095
0.3095
0.3086
0.2430
0.2428
0.2428
0.2440
0.2440
0.2430
0.3111
0.3113
0.3102
0.2429
0.3099
0.3096
0.3105
0.3099
0.4700
0.3104
0.3095
0.2424
0.2422
0.2424
0.3126
0.2437
0.3105
0.3102
0.3129
0.2427
0.2423
0.3105
0.3109
0.3101
0.3092
0.2423
0.3096
0.2424
0.3098
0.2425
0.2425
0.2425
0.2439
0.2438
0.2427
0.2425
0.3110
0.3105
0.3098
0.3096
0.3092
0.2428
0.3092
0.2423
0.2425
0.2426
0.2421
0.2425
0.2425
0.3118
0.2425
0.2424
0.2424
0.2426
0.2425
0.2425
0.3099
0.3102
0.3109
0.3168
0.3105
0.2431
0.2428
0.2426
0.2427
0.2428
0.2428
0.2429
0.2427
0.3108
0.3213
0.3147
0.2461
0.2451
0.2457
0.2456
0.2449
0.2447
0.2444
0.2433
0.2427
0.2428
0.2424
0.2428
0.2426
0.3129
0.3099
0.2427
0.2427
0.2425
0.2427
0.2426
0.3113
0.2434
0.2434
0.3396
0.3112
0.3116
0.2433
0.2431
0.2428
0.2427
0.2429
0.2429
0.2429
0.2430
0.2430
0.2437
0.2450
0.2443
0.2438
0.2429
0.2427
0.2427
0.2428
0.2429
0.2427
0.2425
0.2426
0.2429
0.2431
0.3116
0.2424
0.2426
0.3100
0.2439
0.3109
0.2427
0.2424
0.2426
0.2424
0.2425
0.2423
0.3102
0.2423
0.2429
0.2429
0.2429
0.2426
0.2426
0.2423
0.2423
0.3097
0.2427
0.2422
0.2424
0.2423
0.2425
0.2434
0.3186
0.2434
0.2427
0.2424
0.2424
0.2426
0.2422
0.2424
0.2423
0.2421
0.2426
0.2423
0.2426
0.2424
0.2424
0.2422
0.2426
0.2424
0.2421
0.2424
0.2425
0.2424
0.2423
0.3107
0.3100
0.2427
0.2431
0.3151
0.2446
0.3101
0.2429
0.2425
0.3094
0.2425
0.2421
0.2424
0.2423
0.3092
0.3118
0.3117
0.3302
0.3130
0.2439
0.3102
0.2426
0.2425
0.2425
0.2426
0.3107
0.2423
0.3091
0.3094
0.3104
0.2438
0.2432
0.2426
0.3106
0.2425
0.2424
0.3096
0.3097
0.2437
0.2452
0.2458
0.2468
0.2461
0.2456
0.3144
0.2465
0.2456
0.2441
0.2430
0.2427
0.2424
0.2424
0.2442
0.2444
0.2430
0.2431
0.2425
0.3108
0.2425
0.2431
0.3105
0.2429
0.2427
0.2427
0.2424
0.2425
0.2424
0.2423
0.2423
0.2428
0.2426
0.2424
0.2424
0.2423
0.3106
0.3095
0.3096
0.2426
0.2425
0.2426
0.2426
0.2434
0.2427
0.2425
0.2423
0.2425
0.2424
0.3107
0.2425
0.2425
0.3098
0.3098
0.3130
0.2435
0.2430
0.2428
0.2424
0.3100
0.2426
0.2425
0.2426
0.2426
0.2423
0.2425
0.2423
0.2424
0.2424
0.3102
0.2427
0.2426
0.2424
0.3098
0.2424
0.2425
0.2425
0.2428
0.2427
0.2428
0.2427
0.3133
0.2437
0.3100
0.2432
0.2427
0.2427
0.3116
0.2425
0.2426
0.2424
0.2430
0.2428
0.2442
0.2431
0.2434
0.2427
0.3103
0.2425
0.2430
0.3084
0.2424
0.3094
0.2426
0.3084
0.2426
0.4776
0.3094
0.2424
0.2425
0.2423
0.2420
0.2421
0.2420
0.3091
0.3083
0.2421
0.2420
0.2422
0.2425
0.2423
0.2421
0.3096
0.2423
0.2424
0.3103
0.2422
0.2424
0.2423
0.2423
0.2425
0.3121
0.2430
0.2428
0.2425
0.3096
0.2426
0.3099
0.2451
0.2430
0.3102
0.2425
0.3087
0.2425
0.2422
0.2423
0.2423
0.2422
0.2424
0.2427
0.2428
0.3096
0.2425
0.2425
0.2423
0.2425
0.2420
0.2424
0.3098
0.2430
0.2426
0.2426
0.2425
0.3092
0.2425
0.2425
0.2424
0.2422
0.3096
0.2436
0.2436
0.2433
0.2430
0.2426
0.2423
0.2421
0.2420
0.2422
0.2421
0.3105
0.2427
0.2427
0.2423
0.2424
0.2421
0.2422
0.2422
0.2422
0.2423
0.2423
0.2422
0.3131
0.2424
0.2424
0.2425
0.2422
0.2423
0.2426
0.2442
0.2433
0.2427
0.2428
0.2423
0.2424
0.2424
0.2431
0.2443
0.3130
0.3129
0.2467
0.2477
0.2454
0.2468
0.3178
0.2456
0.2431
0.3109
0.2425
0.2424
0.2424
0.3101
0.2425
0.2425
0.2425
0.2424
0.2424
0.2425
0.3104
0.2457
0.2428
0.2426
0.2427
0.2425
0.3098
0.2432
0.2428
0.2428
0.2426
0.2425
0.2424
0.2423
0.2430
0.2435
0.2434
0.2433
0.2431
0.2426
0.2426
0.2430
0.2443
0.2436
0.2427
0.2426
0.2428
0.2425
0.2425
0.2424
0.2425
0.2425
0.2426
0.2425
0.2425
0.2424
0.2426
0.2424
0.2423
0.2423
0.2426
0.2424
0.2426
0.2422
0.3116
0.2426
0.2423
0.2424
0.2424
0.2425
0.2427
0.2427
0.2427
0.2425
0.3110
0.3102
0.2426
0.2425
0.2425
0.2424
0.3106
0.2427
0.2442
0.3123
0.3135
0.3120
0.2431
0.2425
0.2428
0.2427
0.2427
0.2446
0.2449
0.2426
0.3098
0.2426
0.2426
0.2426
0.2424
0.3098
0.2426
0.2424
0.2427
0.2426
0.2426
0.2424
0.2424
0.2425
0.2431
0.2423
0.2431
0.2426
0.2424
0.2428
0.2426
0.2426
0.2428
0.2425
0.2424
0.2424
0.2430
0.2429
0.2447
0.2434
0.2428
0.2426
0.3102
0.2428
0.2427
0.2425
0.2427
0.2423
0.2423
0.2433
0.2427
0.2426
0.3106
0.3085
0.2428
0.2429
0.2422
0.2428
0.2426
0.2425
0.2426
0.2425
0.2425
0.2425
0.2430
0.2438
0.2433
0.2433
0.2428
0.2426
0.3112
0.2443
0.3159
0.3153
0.2465
0.2455
0.2454
0.2463
0.2469
0.3135
0.2440
0.2430
0.2428
0.2428
0.2426
0.2426
0.2425
0.2425
0.2424
0.2424
0.2427
0.2426
0.3110
0.3098
0.3089
0.3101
0.3091
0.3089
0.2426
0.2426
0.3088
0.2426
0.2426
0.2428
0.2432
0.2433
0.2430