0.3841
0.3141
0.3126
0.3131
0.3120
0.3134
0.3125
0.3134
0.3820
0.3812
0.3803
0.3802
0.3808
0.3818
0.3811
0.3817
0.3824
0.3806
0.3809
0.3806
0.3810
0.3815
0.3833
0.3801
0.3811
0.3810
0.3821
0.3804
0.3806
0.3816
0.3795
0.3812
0.3806
0.3798
0.3810
0.3814
0.3787
0.3809
0.3811
0.3808
0.3801
0.3790
0.3809
0.3816
0.3801
0.3811
0.3794
0.3804
0.3801
0.3798
0.3795
0.3814
0.3801
0.3807
0.3800
0.3807
0.3803
0.3808
0.3794
0.3804
0.3798
0.3804
0.3789
0.3812
0.3789
0.3810
0.3813
0.3795
0.3816
0.3816
0.3808
0.3805
0.3808
0.3791
0.3800
0.3801
0.3816
0.3874
0.3796
0.3808
0.3803
0.3801
0.3802
0.3793
0.3805
0.3794
0.3799
0.3814
0.3798
0.3798
0.3791
0.3799
0.3802
0.3807
0.3800
0.3821
0.3805
0.3811
0.3804
0.3808
0.3809
0.3810
0.5466
0.3836
0.3796
0.3820
0.3796
0.3819
0.3806
0.3803
0.3802
0.3827
0.3797
0.3141
0.3829
0.3806
0.3808
0.3795
0.3806
0.3805
0.3796
0.3805
0.3808
0.3821
0.3814
0.3794
0.3810
0.3816
0.3802
0.3800
0.3802
0.3132
0.3797
0.3794
0.3811
0.3810
0.3815
0.3130
0.3802
0.3802
0.3802
0.3806
0.3129
0.3810
0.3796
0.3808
0.3806
0.3142
0.3838
0.3813
0.3809
0.3818
0.3796
0.3799
0.3810
0.3809
0.3809
0.3804
0.3811
0.3805
0.3796
0.3819
0.3798
0.3807
0.3797
0.3806
0.3817
0.3843
0.3809
0.3795
0.3798
0.3795
0.3767
0.3761
0.3792
0.3769
0.3764
0.3760
0.3084
0.3765
0.3088
0.3760
0.3762
0.3756
0.3086
0.3762
0.3763
0.3754
0.3758
0.3758
0.3781
0.3767
0.3800
0.3807
0.3131
0.3844
0.3140
0.3140
0.3201
0.3836
0.3141
0.3834
0.3146
0.3831
0.3826
0.3812
0.3817
0.3139
0.3141
0.3133
0.3171
0.3128
0.3842
0.3138
0.3814
0.3807
0.3803
0.3816
0.3126
0.3136
0.3130
0.3135
0.3137
0.3145
0.3130
0.3135
0.3129
0.3134
0.3141
0.3849
0.3819
0.3145
0.3825
0.3837
0.3819
0.3139
0.3136
0.3153
0.3136
0.3829
0.3819
0.3822
0.3132
0.3826
0.3805
0.3143
0.3139
0.3131
0.3130
0.3136
0.3138
0.3143
0.3142
0.3138
0.3140
0.3149
0.3142
0.3138
0.3870
0.3145
0.3133
0.3139
0.3823
0.3137
0.3828
0.3142
0.3136
0.3838
0.3802
0.3136
0.3142
0.3133
0.3139
0.3832
0.3807
0.3138
0.3130
0.3130
0.3133
0.3822
0.3131
0.3805
0.3137
0.3146
0.3824
0.3813
0.3144
0.3130
0.3820
0.3817
0.3838
0.3139
0.3826
0.3823
0.3131
0.3133
0.3143
0.3136
0.3143
0.3136
0.3132
0.3144
0.3136
0.3139
0.3141
0.3133
0.3133
0.3139
0.3137
0.3143
0.3130
0.3132
0.3135
0.3131
0.3133
0.3139
0.3129
0.3912
0.3811
0.3126
0.3126
0.3888
0.3141
0.3829
0.3140
0.3131
0.3131
0.3826
0.3797
0.3129
0.3131
0.3131
0.3140
0.3148
0.3138
0.3132
0.3107
0.3086
0.3759
0.3760
0.3087
0.3084
0.3752
0.3085
0.3084
0.3779
0.3848
0.3819
0.3812
0.3800
0.3135
0.3814
0.5655
0.3833
0.3790
0.3766
0.3086
0.3764
0.3084
0.3084
0.3082
0.3082
0.3774
0.3085
0.3083
0.3085
0.3087
0.3081
0.3777
0.3084
0.3754
0.3085
0.3080
0.3751
0.3091
0.3086
0.3761
0.3089
0.3082
0.3082
0.3087
0.3085
0.3085
0.3082
0.3767
0.3087
0.3082
0.3085
0.3082
0.3084
0.3773
0.3757
0.3086
0.3090
0.3777
0.3090
0.3087
0.3093
0.3092
0.3095
0.3088
0.3177
0.3106
0.3093
0.3089
0.3087
0.3086
0.3084
0.3810
0.3092
0.3088
0.3094
0.3095
0.3089
0.3089
0.3794
0.3767
0.3762
0.3101
0.3777
0.3087
0.3091
0.3088
0.3091
0.3086
0.3083
0.3083
0.3084
0.3082
0.3790
0.3091
0.3089
0.3084
0.3083
0.3093
0.3081
0.3786
0.3094
0.3083
0.3786
0.3096
0.3081
0.3773
0.3756
0.3087
0.3767
0.3085
0.3088
0.3085
0.3088
0.3092
0.3785
0.3758
0.3082
0.3082
0.3082
0.3082
0.3082
0.3087
0.3086
0.3085
0.3086
0.3082
0.3083
0.3087
0.3795
0.3082
0.3086
0.3084
0.3091
0.3085
0.3086
0.3085
0.3092
0.3085
0.3103
0.3099
0.3089
0.3086
0.3083
0.3086
0.3083
0.3089
0.3087
0.3086
0.3083
0.3082
0.3085
0.3081
0.3082
0.3079
0.3098
0.4020
0.3119
0.3087
0.3081
0.3775
0.3083
0.3770
0.3116
0.4004
0.3115
0.3088
0.3086
0.3811
0.3102
0.3105
0.3087
0.3089
0.3084
0.3783
0.3086
0.3085
0.3081
0.3088
0.3081
0.3786
0.3098
0.3083
0.3776
0.3091
0.3084
0.3080
0.3082
0.3080
0.3081
0.3779
0.3085
0.3080
0.3088
0.3081
0.3086
0.3083
0.3088
0.3088
0.3087
0.3088
0.3082
0.3082
0.3086
0.3084
0.3082
0.3082
0.3080
0.3090
0.3089
0.3086
0.3089
0.3080
0.3082
0.3090
0.3088
0.3087
0.3083
0.3085
0.3084
0.3081
0.3083
0.3802
0.3758
0.3088
0.3086
0.3082
0.3083
0.3788
0.3091
0.3080
0.3083
0.3090
0.3083
0.3083
0.3091
0.3083
0.3080
0.3082
0.3085
0.3082
0.3082
0.3081
0.3082
0.3782
0.3083
0.3760
0.3086
0.3083
0.3081
0.3081
0.3082
0.3081
0.3080
0.3084
0.3089
0.3082
0.3085
0.3087
0.3083
0.3083
0.3080
0.3081
0.3090
0.3087
0.3090
0.3085
0.3085
0.3082
0.3080
0.3083
0.3083
0.3082
0.3089
0.3083
0.3083
0.3084
0.3082
0.3082
0.3087
0.3085
0.3085
0.3080
0.3082
0.3086
0.3791
0.3085
0.3083
0.3086
0.3082
0.3756
0.3084
0.3080
0.3084
0.3083
0.3090
0.3088
0.3793
0.3085
0.3082
0.3081
0.3079
0.3082
0.3080
0.3080
0.3774
0.3084
0.3765
0.3085
0.3761
0.3084
0.3086
0.3756
0.3082
0.3085
0.3088
0.3086
0.3084
0.3080
0.3081
0.3083
0.3084
0.3082
0.3773
0.3085
0.3080
0.3085
0.3087
0.3771
0.3085
0.3083
0.3083
0.3087
0.3095
0.3089
0.3083
0.3082
0.3087
0.3083
0.3780
0.3084
0.3080
0.3769
0.3084
0.3085
0.3083
0.3082
0.3088
0.3083
0.3083
0.3083
0.3080
0.3086
0.3081
0.3769
0.3087
0.3081
0.3085
0.3789
0.3096
0.3086
0.3084
0.3083
0.3085
0.3770
0.3089
0.3082
0.3084
0.3082
0.3774
0.3095
0.3086
0.3089
0.4596
0.3094
0.3091
0.3087
0.3784
0.3084
0.3081
0.3081
0.3080
0.3085
0.3082
0.3079
0.3080
0.3081
0.3079
0.3082
0.3089
0.3089
0.3082
0.3082
0.3082
0.3081
0.3083
0.3080
0.3081
0.3080
0.3082
0.3081
0.3079
0.3083
0.3079
0.3083
0.3079
0.3086
0.3080
0.3080
0.3081
0.3080
0.3077
0.3084
0.3081
0.3081
0.3085
0.3078
0.3082
0.3081
0.3789
0.3081
0.3085
0.3086
0.3084
0.3081
0.3080
0.3080
0.3082
0.3081
0.3078
0.3079
0.3080
0.3079
0.3081
0.3080
0.3081
0.3078
0.3080
0.3081
0.3082
0.3080
0.3081
0.3079
0.3078
0.3081
0.3082
0.3086
0.3082
0.3082
0.3083
0.3080
0.3082
0.3081
0.3084
0.3089
0.3082
0.3078
0.3081
0.3081
0.3079
0.3085
0.3082
0.3081
0.3080
0.3082
0.3084
0.3080
0.3080
0.3081
0.3081
0.3081
0.3080
0.3080
0.3082
0.3084
0.3083
0.3081
0.3080
0.3080
0.3080
0.3082
0.3080
0.3080
0.3083
0.3080
0.3080
0.3089
0.3087
0.3085
0.3086
0.3092
0.3082
0.3079
0.3083
0.3080
0.3080
0.3080
0.3092
0.3794
0.3083
0.3771
0.3082
0.3079
0.3081
0.3079
0.3080
0.3084
0.3080
0.3079
0.3079
0.3079
0.3077
0.3080
0.3079
0.3082
0.3088
0.3082
0.3080
0.3083
0.3757
0.3083
0.3083
0.3088
0.3083
0.3080
0.3080
0.3079
0.3080
0.3083
0.3079
0.3082
0.3079
0.3079
0.3780
0.3083
0.3081
0.3082
0.3083
0.3093
0.3081
0.3081
0.3082
0.3080
0.3081
0.3081
0.3080
0.3080
0.3086
0.3084
0.3080
0.3102
0.3088
0.3085
0.3082
0.3080
0.3081
0.3085
0.3083
0.3085
0.3082
0.3083
0.3083
0.3096
0.3084
0.3085
0.3088
0.3083
0.3081
0.3081
0.3081
0.3084
0.3083
0.3080
0.3083
0.3082
0.3788
0.3083
0.3081
0.3081
0.3081
0.3081
0.3079
0.3086
0.3081
0.3082
0.3081
0.3089
0.3083
0.3081
0.3082
0.3080
0.3086
0.3089
0.3083
0.3783
0.3084
0.3080
0.3081
0.3084
0.3082
0.3079
0.3084
0.3083
0.3080
0.3080
0.3080
0.3080
0.3080
0.3080
0.3078
0.3087
0.3081
0.3082
0.3080
0.3084
0.3092
0.3081
0.3081
0.3081
0.3082
0.3083
0.3081
0.3080
0.3082
0.3082
0.3080
0.3080
0.3079
0.3080
0.3077
0.3084
0.3082
0.3080
0.3078
0.3080
0.3079
0.3078
0.3084
0.3082
0.3081
0.3080
0.3080
0.3079
0.3080
0.3081
0.3081
0.3080
0.3083
0.3084
0.3080
0.3081
0.3082
0.3080
0.3080
0.3081
0.3081
0.3081
0.3084
0.3081
0.3080
0.3082
0.3079
0.3080
0.3081