1.1211
0.8832
0.8798
0.8828
0.8168
0.8177
0.8150
0.8176
0.8163
0.8178
0.8169
0.8177
0.8162
0.8169
0.8179
0.8181
0.8169
0.8186
0.8867
0.8815
0.8882
0.8832
0.8807
0.8165
0.8905
0.9006
0.8887
0.8166
0.8835
0.8861
0.8900
0.8824
0.8830
0.8890
0.8823
0.8822
0.8964
0.8911
0.8874
0.8902
0.8874
0.8862
0.8890
0.8855
0.8170
0.8840
0.8825
0.8843
0.8834
0.8841
0.9002
0.9059
0.8824
0.8946
0.8903
0.8838
0.8889
0.8826
0.8904
0.8906
0.8917
0.8837
0.8915
0.8172
0.8883
0.8826
0.8905
0.8820
0.8853
0.8862
0.8837
0.8830
0.8858
0.8830
0.8840
0.8884
0.8850
0.8169
0.8840
0.8851
0.8803
0.8189
0.8819
0.8879
0.8850
0.8826
0.8880
0.8846
0.8831
0.8865
0.8826
0.8833
0.8936
0.8185
0.8826
0.8818
0.8909
0.8839
0.8837
0.8911
0.8175
0.8828
0.8864
0.8948
0.8881
0.8876
0.8928
0.8850
0.8865
0.8183
0.8875
0.8168
0.8832
0.8878
0.8869
0.8923
0.8835
0.8910
0.8169
0.8868
0.8172
0.8870
0.8904
0.8920
0.8838
1.0562
0.8176
0.8829
0.8165
0.8875
0.8936
0.8181
0.8880
0.8856
0.8825
0.8834
0.8842
0.8845
0.8858
0.8171
0.8865
0.8864
0.8165
0.8901
0.8836
0.8855
0.8840
0.8864
0.8821
0.8850
0.8905
0.8837
0.8842
0.8906
0.8877
0.8872
0.8868
0.8168
0.8164
0.8169
0.8174
0.8180
0.8172
0.8842
0.8836
0.8176
0.8873
0.8175
0.8164
0.8823
0.8168
0.8812
0.8875
0.8829
0.8851
0.8916
0.8842
0.8862
0.8908
0.8181
0.8882
0.8866
0.8171
0.8958
0.8176
0.8839
0.8818
0.8914
0.8855
0.8190
0.8175
0.8166
0.8158
0.8164
0.8866
0.8908
0.8839
0.8167
0.8831
0.8893
0.8895
0.8836
0.8176
0.8884
0.8874
0.8813
0.8888
0.8177
0.8170
0.8166
0.8852
0.8861
0.8918
0.8843
0.8868
0.8917
0.8826
0.8843
0.8927
0.8182
0.8189
0.8168
0.8911
0.8917
0.8889
0.8180
0.8986
0.8176
0.8856
0.9014
0.8966
0.8860
0.8908
0.8946
0.8971
0.8999
0.8962
0.8872
0.8905
0.8992
0.8182
0.8901
0.8178
0.8194
0.8168
0.8168
0.8207
0.8191
0.8928
0.8168
0.8895
0.8923
0.8169
0.8925
0.8895
0.8169
0.8889
0.8169
0.8874
0.8942
0.8176
0.8842
0.8886
0.8945
0.8175
0.8191
0.8863
0.8177
0.8174
0.8888
0.8183
0.8876
0.8834
0.8835
0.8932
0.8883
0.8898
0.8902
0.8165
0.8170
0.8168
0.8835
0.8181
0.8184
0.8894
0.8167
0.8169
0.8909
0.8829
0.8845
0.8905
0.8170
0.8864
0.8850
0.8177
0.8905
0.8172
0.8890
0.8920
0.8176
0.8900
0.8175
0.8890
0.8168
0.8172
0.8875
0.8171
0.8839
0.8831
0.8170
0.8174
0.8896
0.8157
0.8166
0.8160
0.8908
0.8865
0.8181
0.8159
0.8894
0.8831
0.8855
0.8187
0.8910
0.8817
0.8830
0.8963
0.8175
0.8918
0.8828
0.8167
0.8179
0.8863
0.8175
0.8878
0.8855
0.8899
0.8901
0.8168
0.8933
0.8175
0.8168
0.8175
0.8176
0.8872
0.8177
0.8856
0.8877
0.8835
0.8178
0.8835
0.8178
0.8175
0.8163
0.8182
0.8168
0.8905
0.8859
0.8180
0.8885
0.8876
0.8836
0.8175
0.8183
0.8830
0.8171
0.8171
0.8900
0.8171
0.8186
0.8851
0.8172
0.9328
0.8907
0.8178
0.8179
0.8883
0.8163
0.8168
0.8175
0.8162
0.8179
0.8176
0.8169
0.8170
0.8167
0.9082
0.8879
0.8889
0.8843
0.8819
0.8912
0.8871
0.8177
0.8165
0.8171
0.8830
0.8933
0.8829
0.8844
0.8166
0.8881
0.8832
0.8854
0.8176
0.8891
0.8170
0.8174
0.8164
0.8823
0.8850
0.8189
0.8861
0.8892
0.8877
0.8923
0.8863
0.8181
0.8166
0.8167
0.8170
0.8169
0.8181
0.8186
0.8170
0.8174
0.8164
0.8169
0.8849
0.8919
0.8839
0.8820
0.8164
0.8920
0.8838
0.8907
0.8903
0.8919
0.8175
0.8864
0.8932
0.8177
0.8169
0.8168
0.8166
0.8863
0.8835
0.8912
0.8855
0.8176
0.8174
0.8853
0.8173
0.8169
0.8169
0.8173
0.8902
0.8815
0.8848
0.8893
0.9047
0.8825
0.8163
0.8898
0.8906
0.8159
0.8904
0.8170
0.8169
0.8883
0.8869
0.8178
0.8160
0.8856
0.8165
0.8166
0.8883
0.8179
0.8170
0.8165
0.8164
0.8880
0.8181
0.8177
0.8862
0.8171
0.8854
0.8168
0.8170
0.8851
0.8871
0.8164
0.8164
0.8918
0.8179
0.8173
0.8168
0.8170
0.8171
0.8856
0.8846
0.8181
0.8163
0.8848
0.8815
0.8172
0.8171
0.8171
0.8166
0.8175
0.8177
0.9096
0.8819
0.8222
0.8159
0.8174
0.8841
0.8925
0.8177
0.8182
0.8848
0.8174
0.8168
0.8175
0.8168
0.8174
0.8858
0.8170
0.8168
0.8171
0.8174
0.8177
0.8177
0.8171
0.8165
0.8169
0.8168
0.8175
0.8172
0.8168
0.8180
0.8176
0.8165
0.8172
0.8172
0.8175
0.8173
0.8175
0.8169
0.8179
0.8196
0.8173
0.8173
0.8177
0.8170
0.8169
0.8174
0.8192
0.8182
0.8171
0.8177
0.8169
0.8171
0.8187
0.8181
0.8181
0.8169
0.8168
0.8162
0.8178
0.8926
0.8170
0.8866
0.8166
0.8171
0.8176
0.8173
0.8164
0.8173
0.8164
0.8171
0.8180
0.8179
0.8856
0.8167
0.8166
0.8166
0.8174
0.8916
0.8170
0.8165
0.8848
0.8161
0.8808
0.8174
0.8165
0.8165
0.8177
0.8179
0.8167
0.8178
0.8183
0.8973
0.8165
0.8168
0.8176
0.8170
0.8173
0.8164
0.8170
0.8167
0.8178
0.8174
0.8181
0.8846
0.8860
0.8908
0.8171
0.8169
0.8172
0.8169
0.8170
0.9388
0.8163
0.8166
0.8820
0.8858
0.8848
0.8168
0.8168
0.8166
0.8819
0.8171
0.8176
0.8179
0.8170
0.8171
0.8175
0.8172
0.8161
0.8170
0.8164
0.8176
0.8170
0.8172
0.8235
0.8184
0.8169
0.8168
0.8170
0.8186
0.8183
0.8160
0.8172
0.8165
0.8165
0.8178
0.8183
0.8169
0.8167
0.8165
0.8171
0.8180
0.8904
0.8907
0.8859
0.8161
0.8864
0.8171
0.8969
0.8185
0.8174
0.8166
0.8902
0.8191
0.8169
0.8864
0.8878
0.8166
0.8842
0.8178
0.8177
0.8161
0.8172
0.8169
0.8171
0.8173
0.8165
0.8931
0.8173
0.8886
0.8164
0.8840
0.8177
0.8169
0.8168
0.8168
0.8168
0.8170
0.8873
0.8890
0.8170
0.8168
0.8171
0.8162
0.8885
0.8180
0.8161
0.8170
0.8168
0.8169
0.8176
0.8170
0.8171
0.8169
0.8167
0.8170
0.8175
0.8178
0.8168
0.8169
0.8171
0.8174
0.8173
0.8172
0.8853
0.8165
0.8167
0.8165
0.8971
0.8176
0.8883
0.8165
0.8851
0.8170
0.8172
0.8178
0.8172
0.8171
0.8170
0.8161
0.8192
0.8177
0.8177
0.8171
0.8195
0.8170
0.8165
0.8168
0.8178
0.8167
0.8171
0.8166
0.8175
0.8175
0.8171
0.8165
0.8169
0.8172
0.8168
0.8169
0.8181
0.8167
0.8164
0.8903
0.8172
0.8169
0.8172
0.8191
0.8208
0.8171
0.8881
0.8171
0.8933
0.8171
0.8940
0.8167
0.8174
0.8214
0.8173
0.8176
0.8186
0.8182
0.8179
0.8188
0.8182
0.8175
0.8170
0.8162
0.8192
0.8167
0.8172
0.8177
0.8165
0.8169
0.8172
0.8169
0.8173
0.8176
0.8165
0.8169
0.8179
0.8169
0.8171
0.8170
0.8178
0.8171
0.8177
0.8171
0.8171
0.8189
0.8175
0.8174
0.8174
0.8164
0.8165
0.8176
0.8173
0.8172
0.8879
0.8174
0.8891
0.8178
0.8173
0.8171
0.8886
0.8170
0.8156
0.8173
0.8173
0.8169
0.8166
0.8166
0.8166
0.8161
0.8172
0.8168
0.8161
0.8167
0.8160
0.8167
0.8173
0.8182
0.8167
0.8167
0.8172
0.8167
0.8172
0.8166
0.8158
0.8171
0.8165
0.8166
0.8177
0.8181
0.8166
0.8162
0.8180
0.8173
0.8177
0.8175
0.8172
0.8169
0.8163
0.8166
0.8171
0.8173
0.8169
0.8166
0.8167
0.8168
0.8167
0.8171
0.8171
0.8162
0.8168
0.8173
0.8169
0.8178
0.8176
0.8168
0.8169
0.8170
0.8160
0.8166
0.8175
0.8175
0.8160
0.8167
0.8166
0.8166
0.8182
0.8174
0.8170
0.8174
0.8160
0.8165
0.8178
0.8171
0.8167
0.8169
0.8169
0.8169
0.8176
0.8172
0.8169
0.8174
0.8160
0.8160
0.8175
0.8175
0.8166
0.8167
0.8171
0.8160
0.8170
0.8171
0.8174
0.8164
0.8166
0.9316
0.8167
0.8886
0.8176
0.8163
0.8177
0.8164
0.8165
0.8174
0.8179
0.8165
0.8162
0.8817
0.8172
0.8176
0.8178
0.8163
0.8169
0.8169
0.8877
0.8176
0.8170
0.8164
0.8171
0.8159
0.8167
0.8168
0.8169
0.8170
0.8172
0.8173
0.8166
0.8183
0.8173
0.8172
0.8167
0.8166
0.8167
0.8167
0.8174
0.8170
0.8179
0.8163
0.8165
0.8177
0.8182
0.8172
0.8173
0.8166
0.8177
0.8166
0.8171
0.8172
0.8168
0.8170
0.8177
0.8166
0.8169
0.8171
0.8177
0.8177
0.8166
0.8164
0.8164
0.8182
0.8175
0.8170
0.8173
0.8166
0.8163
0.8182
0.8174
0.8166
0.8174
0.8164
0.8160
0.8171
0.8176
0.8168
0.8166
0.8166
0.8173
0.8176
0.8176
0.8171
0.8169
0.8164
0.8163
0.8162
0.8168
0.8178
0.8171
0.8162
0.8171
0.8171
0.8172
0.8171
0.8176
0.8166
0.8160
0.8170
0.8172
0.8174
0.8170
0.8168
0.8173
0.8164
0.8168
0.8173
0.8174
0.8167
0.8164
0.8172
0.8169
0.8174
0.8176
0.8172
0.8182
0.8159
0.8164
0.8164
0.8172
0.8175
0.8165
0.8166
0.8160
0.8162
0.8171
0.8172
0.8172
0.8167
0.8178
0.8181
0.8199
0.8178
0.8177
0.8176
0.8173
0.8169
0.8167
0.8178
0.8179
0.8171
0.8177
0.8169
0.8169
0.8176
0.8171
0.8177
0.8181
0.8172
0.8168
0.8170
0.8176
0.8184
0.8170
0.8171
0.8168
0.8178
0.8175
0.8173
0.8170
0.8168
0.8169
0.8170
0.8177
0.8177
0.8167
0.8159
0.8160
0.8165
0.8167
0.8176
0.8160
0.8157
0.8168
0.8169
0.8170
0.8171
0.8184
0.8172
0.8170
0.8163
0.8173
0.8176
0.8165
0.8163
0.8154
0.8171
0.8171
0.8171
0.8168
0.8161
0.8161
0.8160
0.8168
0.8171
0.8170
0.8156
0.8162
0.8159
0.8158
0.8168
0.8168
0.8166
0.8165
0.8157
0.8165
0.8173
0.8179
0.8156
0.8156
0.8163
0.8168
0.8175
0.8167
0.8165
0.8163
0.8160
0.8164
0.9807
0.8175
0.8168
0.8165
0.8156
0.8164
0.8181
0.8167
0.8160
0.8166
0.8163
0.8165
0.8175
0.8173
0.8158
0.8171
0.8163
0.8161
0.8174
0.8167
0.8167
0.8170
0.8167
0.8159
0.8172
0.8881
0.8166
0.8165
0.8162
0.8172
0.8172
0.8173
0.8165
0.8172
0.8166
0.8159
0.8168
0.8177
0.8169
0.8165
0.8165
0.8165
0.8171
0.8178
0.8169
0.8169
0.8165
0.8159
0.8161
0.8175
0.8899
0.8157
0.8164
0.8167
0.8167
0.8169
0.8173
0.8173
0.8166
0.8168
0.8165
0.8174
0.8169
0.8174
0.8164
0.8170
0.8164
0.8172
0.8183
0.8168
0.8906
0.8166
0.8162
0.8172
0.8169
0.8152
0.8823
0.8164
0.8162
0.8177
0.8169
0.8194
0.8163
0.8160
0.8161
0.8174
0.8170
0.8162
0.8163
0.8164
0.8167
0.8174
0.8167
0.8168
0.8195
0.8171
0.8164
0.8173
0.8181
0.8178
0.8164
0.8160
0.8161
0.8197
0.8179
0.8174
0.8165
0.8160
0.8160
0.8168
0.8175
0.8176
0.8159
0.8166
0.8163
0.8164
0.8173
0.8888
0.8177
0.8162
0.8160
0.8172
0.8169
0.8890
0.8164
0.8165
0.8168
0.8167
0.8164
0.8174
0.8171
0.8171
0.8171
0.8170
0.8162
0.8180
0.8166
0.8174
0.8174
0.8167
0.8161
0.8178
0.8906
0.8172
0.8174
0.8163
0.8161
0.8168
0.8169
0.8160
0.8173
0.8166
0.8169
0.8173
0.8176
0.8165
0.8162
0.8174
0.8164
0.8174
0.8176
0.8173
0.8174
0.8166
0.8162
0.8174
0.8175
0.8163
0.8163
0.8163
0.8168
0.8170
0.8173
0.8170
0.8173
0.8172
0.8155
0.8172
0.8173
0.8173
0.8164
0.8169
0.8159
0.8160
0.8177
0.8179
0.8160
0.8166
0.8181
0.8169
0.8173
0.8890
0.8167
0.8169
0.8165
0.8169
0.8168
0.8178
0.8169
0.8169
0.8161
0.8162
0.8166
0.8180
0.8169
0.8167
0.8170
0.8161
0.8904
0.8174
0.8174
0.8172
0.8163
0.8166
0.8165
0.8174
0.8169
0.8168
0.8164
0.8162
0.8165
0.8174
0.8174
0.8158
0.8166
0.8166
0.8169
0.8173
0.8208
0.8165
0.8184
0.8169
0.8161
0.8173
0.8173
0.8170
0.8167
0.8166
0.8163
0.8199
0.8177
0.8173
0.8164
0.8166
0.8162
0.8172
0.8175
0.8167
0.8168
0.8172
0.8160
0.8856
0.8175
0.8172
0.8172
0.8164
0.8164
0.8165
0.8170
0.8170
0.8170
0.8163
0.8166
0.8164
0.8172
0.8207
0.8168
0.8164
0.8170
0.8166
0.8176
0.8177
0.8176
0.8166
0.8173
0.8857
0.8176
0.8178
0.8172
0.8162
0.9371
0.8163
0.8163
0.8176
0.8173
0.8168
0.8171
0.8162
0.8163
0.8175
0.8172
0.8176
0.8188
0.8167
0.8167
0.8225
0.8174
0.8166
0.8175
0.8166
0.8170
0.8183
0.8179
0.8165
0.8161
0.8170
0.8163
0.8172
0.8171
0.8169
0.8174
0.8170
0.8159
0.8173
0.8173
0.8168
0.8168
0.8164
0.8169
0.8174
0.8169
0.8169
0.8169
0.8165
0.8179
0.8174
0.8172
0.8169
0.8164
0.8166
0.8165
0.8164
0.8170
0.8176
0.8162
0.8162
0.8166
0.8169
0.8178
0.8176
0.8161
0.8160
0.8163
0.8168
0.8168
0.8171
0.8170
0.8160
0.8175
0.8172
0.8175
0.8178
0.8162
0.8170
0.8177
0.8168
0.8168
0.8171
0.8172
0.8169
0.8169
0.8163
0.8167
0.8173
0.8171
0.8165
0.8169
0.8167
0.8165
0.8173
0.8174
0.8166
0.8167
0.8171
0.8172
0.8164
0.8168
0.8171
0.8164
0.8166
0.8169
0.8167
0.8174
0.8172
0.8167
0.8168
0.8172
0.8171
0.8171
0.8177
0.8166
0.8166
0.8174
0.8172
0.8166
0.8180
0.8171
0.8167
0.8184
0.8165
0.8162
0.8969
0.8185
0.8175
0.8169
0.8861
0.8169
0.8171
0.8169
0.8163
0.8205
0.8173
0.8164
0.8174
0.8173
0.8170
0.8165
0.8162
0.8160
0.8174
0.8172
0.8174
0.8184
0.8177
0.8169
0.8166
0.8172
0.8174
0.8159
0.8184
0.8168
0.8164
0.8173
0.8182
0.8176
0.8168
0.8170
0.8169
0.8177
0.8198
0.8198
0.8190
0.8174
0.8171
0.8199
0.8190
0.8170
0.8169
0.8169
0.8162
0.8168
0.8173
0.8173
0.8170
0.8161
0.8160
0.8169
0.8174
0.8174
0.8173
0.8170
0.8165
0.8164
0.8171
0.8178
0.8171
0.8170
0.8168
0.8171
0.8184
0.8177
0.8173
0.8167
0.8175
0.8170
0.8171
0.8174
0.8179
0.8173
0.8176
0.8166
0.8178
0.8176
0.8176
0.8169
0.8175
0.8183
0.8173
0.8181
0.8201
0.8183
0.8197
0.8192
0.8177
0.8172
0.8177
0.8178
0.8174
0.8168
0.8169
0.8168
0.8175
0.8176
0.8177
0.8165
0.8166
0.8166
0.8177
0.8169
0.8170
0.8172
0.8171
0.8166
0.8179
0.8172
0.8162
0.8168
0.8172
0.8168
0.8169
0.8170
0.8182
0.8176
0.8168
0.8166
0.8162
0.8173
0.8174
0.8164
0.8169
0.8169
0.8164
0.8158
0.8170
0.8172
0.8167
0.8163
0.8163
0.8167
0.8170
0.8170
0.8174
0.8166
0.8161
0.8165
0.8170
0.8174
0.8160
0.8160
0.8174
0.8167
0.8173
0.8172
0.8168
0.8164
0.8162
0.8162
0.8188
0.8177
0.8168
0.8168
0.8172
0.8169
0.8171
0.8174
0.8177
0.8163
0.8168
0.8165
0.8173
0.8173
0.8173
0.8171
0.8175
0.8168
0.8170
0.8172
0.8173
0.8177
0.8171
0.8168
0.8170
0.8170
0.8172
0.8175
0.8167
0.8163
0.8165
0.8162
0.8174
0.8176
0.8165
0.8164
0.8169
0.8168
0.8172
0.8173
0.8167
0.8167
0.8160
0.8162
0.8171
0.8184
0.8166
0.8170
0.8166
0.8167
0.8172
0.8172
0.8169
0.8169
0.8173
0.8160
0.8167
0.8173
0.8161
0.8162
0.8168
0.8163
0.8168
0.8178
0.8167
0.8162
0.8168
0.8162
0.8173
0.8176
0.8170
0.8166
0.8172
0.8166
0.8172
0.8189
0.8168
0.8168
0.8168
0.8160
0.8170
0.8168
0.8172
0.8162
0.8168
0.8166
0.8179
0.8174
0.8175
0.8166
0.8177
0.8204
0.8197
0.8176
0.8173
0.8177
0.8168
0.8167
0.8171
0.8167
0.8179
0.8177
0.8164
0.9268
0.8165
0.8169
0.8169
0.8168
0.8166
0.8164
0.8167
0.8167
0.8171
0.8172
0.8159
0.8163
0.8166
0.8168
0.8170
0.8171
0.8164
0.8165
0.8163
0.8164
0.8172
0.8170
0.8164
0.8170
0.8167
0.8167
0.8172
0.8168
0.8162
0.8167
0.8173
0.8170
0.8172
0.8172
0.8176
0.8168
0.8172
0.8166
0.8170
0.8169
0.8175
0.8163
0.8168
0.8193