0.1958
0.1936
0.1935
0.1928
0.1924
0.1928
0.1939
0.1957
0.1926
0.1933
0.1254
0.1255
0.1252
0.1258
0.1253
0.1255
0.1936
0.1935
0.1931
0.1260
0.1944
0.1931
0.1259
0.1257
0.1923
0.1935
0.1933
0.1930
0.1927
0.1928
0.1937
0.1937
0.1258
0.1925
0.1255
0.1928
0.1947
0.1943
0.1933
0.1255
0.1929
0.1934
0.1945
0.1938
0.1258
0.1258
0.1935
0.1931
0.1943
0.1922
0.1946
0.1955
0.2016
0.1957
0.1941
0.1940
0.1931
0.1947
0.1959
0.1934
0.1931
0.1937
0.1928
0.1949
0.1943
0.1928
0.1931
0.1931
0.1942
0.1941
0.1924
0.1933
0.1930
0.1928
0.1937
0.1947
0.1257
0.1934
0.1926
0.1942
0.1936
0.1921
0.1931
0.1931
0.1941
0.1935
0.1928
0.1925
0.1930
0.1935
0.1948
0.1926
0.1937
0.1956
0.1990
0.1941
0.1935
0.1939
0.1935
0.1930
0.1262
0.1936
0.1924
0.1930
0.2147
0.1969
0.1939
0.1935
0.1930
0.1932
0.1939
0.1929
0.1920
0.1928
0.1934
0.1938
0.1946
0.1930
0.1930
0.1929
0.1940
0.1941
0.1929
0.1943
0.1935
0.1929
0.1938
0.1927
0.1926
0.1927
0.1923
0.1942
0.1933
0.1924
0.1919
0.1925
0.1941
0.1929
0.1926
0.1932
0.1922
0.1935
0.1935
0.1921
0.1924
0.1925
0.1943
0.1929
0.1921
0.1931
0.1926
0.1935
0.1943
0.1927
0.1934
0.1925
0.1936
0.1952
0.1932
0.1926
0.1923
0.1919
0.1937
0.1928
0.1932
0.1928
0.1921
0.1937
0.1928
0.1929
0.1924
0.1919
0.1941
0.1934
0.1923
0.1927
0.1926
0.1933
0.1936
0.1926
0.1938
0.1932
0.1922
0.1944
0.1927
0.1946
0.1926
0.1925
0.1934
0.1932
0.1924
0.1925
0.1927
0.1940
0.1934
0.1927
0.1927
0.1922
0.1260
0.1936
0.1928
0.1262
0.1922
0.1925
0.1935
0.1930
0.1925
0.1259
0.1255
0.1968
0.1962
0.1931
0.1261
0.1936
0.1931
0.1954
0.1949
0.1262
0.1939
0.1262
0.1256
0.1928
0.1933
0.3654
0.1947
0.1260
0.1935
0.1258
0.1925
0.1932
0.1256
0.1924
0.1935
0.1259
0.1925
0.1947
0.1931
0.1934
0.1935
0.1929
0.1947
0.1936
0.1931
0.1955
0.1935
0.1930
0.1936
0.1929
0.1943
0.1939
0.1929
0.1922
0.1916
0.1929
0.1924
0.1257
0.1251
0.1251
0.1920
0.1934
0.1934
0.1919
0.1937
0.1256
0.1928
0.1955
0.1944
0.1930
0.1258
0.1259
0.1254
0.1260
0.1941
0.1255
0.1930
0.1925
0.1925
0.1933
0.1928
0.1935
0.1256
0.1251
0.1255
0.1940
0.1930
0.1257
0.1251
0.1923
0.1252
0.1251
0.1930
0.1930
0.1921
0.1252
0.1254
0.1255
0.1942
0.1256
0.1920
0.1254
0.1254
0.1923
0.1254
0.1931
0.1927
0.1922
0.1255
0.1926
0.1258
0.1257
0.1255
0.1255
0.1944
0.1258
0.1251
0.1936
0.1935
0.1930
0.1941
0.1252
0.1251
0.1940
0.1256
0.1252
0.1252
0.1252
0.1253
0.1253
0.1255
0.1258
0.1258
0.1254
0.1254
0.1254
0.1252
0.1935
0.1256
0.1254
0.1252
0.1251
0.1252
0.1254
0.1255
0.1253
0.1254
0.1256
0.1256
0.1254
0.1251
0.1254
0.1255
0.1265
0.1262
0.1259
0.1254
0.1254
0.1254
0.1256
0.1255
0.1251
0.1257
0.1256
0.1950
0.1256
0.1926
0.1928
0.1932
0.1261
0.1933
0.1257
0.1923
0.1253
0.1951
0.1953
0.1258
0.1925
0.1258
0.1930
0.1259
0.1263
0.1260
0.1255
0.1254
0.1253
0.1253
0.1254
0.1253
0.1256
0.1258
0.1258
0.1256
0.1256
0.1946
0.1260
0.1261
0.1944
0.1259
0.1942
0.1939
0.1260
0.1949
0.1264
0.1930
0.1257
0.1254
0.1257
0.1931
0.1948
0.1927
0.1254
0.1935
0.1936
0.1257
0.1258
0.1255
0.1937
0.1934
0.1928
0.1256
0.1940
0.1932
0.1928
0.1927
0.1922
0.1934
0.1931
0.1927
0.1262
0.1260
0.1928
0.1937
0.1932
0.1256
0.1925
0.1924
0.1921
0.1933
0.1253
0.1252
0.1926
0.1926
0.1926
0.1934
0.1256
0.1257
0.1256
0.1928
0.1959
0.1936
0.1932
0.1928
0.1923
0.1254
0.1946
0.1262
0.1927
0.1951
0.1923
0.1309
0.1287
0.1258
0.1945
0.1259
0.1257
0.1928
0.1258
0.1994
0.1263
0.1254
0.1260
0.1256
0.1256
0.1256
0.1257
0.1257
0.1257
0.1256
0.1256
0.1258
0.1255
0.1258
0.1258
0.1259
0.1257
0.1253
0.1253
0.1258
0.1257
0.1259
0.1258
0.1258
0.1255
0.1258
0.1256
0.1257
0.1953
0.1263
0.1260
0.1258
0.1937
0.1259
0.1933
0.1259
0.1946
0.1939
0.1270
0.1942
0.1262
0.1260
0.1257
0.1264
0.1951
0.1255
0.1251
0.1254
0.1929
0.1935
0.1261
0.1927
0.1926
0.1257
0.1255
0.1256
0.1259
0.1940
0.1256
0.1935
0.1254
0.1933
0.1261
0.1259
0.1256
0.1258
0.1255
0.1258
0.1941
0.1932
0.1258
0.1255
0.1255
0.1257
0.1254
0.1260
0.1255
0.1263
0.1258
0.1936
0.1259
0.1919
0.1256
0.1256
0.1260
0.1256
0.1256
0.1255
0.1254
0.1253
0.1252
0.1252
0.1254
0.1253
0.1252
0.1251
0.1251
0.1252
0.1253
0.1254
0.1254
0.1254
0.1257
0.1255
0.1255
0.1254
0.1252
0.1254
0.1255
0.1255
0.1256
0.1253
0.1252
0.1253
0.1254
0.1262
0.1257
0.1256
0.1255
0.1253
0.1260
0.1256
0.1949
0.1935
0.1261
0.1255
0.1254
0.1255
0.1255
0.1253
0.1252
0.1256
0.1255
0.1256
0.1258
0.1253
0.1254
0.1252
0.1254
0.1256
0.1256
0.1255
0.1254
0.1254
0.1252
0.1253
0.1264
0.1257
0.1256
0.1252
0.1254
0.1253
0.1254
0.1254
0.1945
0.1929
0.1256
0.1925
0.1257
0.1257
0.1258
0.1257
0.1258
0.1930
0.1260
0.1255
0.1925
0.1255
0.1258
0.1255
0.1255
0.1255
0.1254
0.1253
0.1252
0.1255
0.1930
0.1258
0.1254
0.1254
0.1926
0.1923
0.1257
0.1255
0.1929
0.1256
0.1253
0.1253
0.1255
0.1927
0.1922
0.1918
0.1255
0.1257
0.1933
0.1935
0.1261
0.1928
0.1259
0.1259
0.1258
0.1918
0.1932
0.1260
0.1257
0.1255
0.1258
0.1934
0.1313
0.1262
0.1258
0.1260
0.1258
0.1256
0.1257
0.1254
0.1256
0.1261
0.1259
0.1938
0.1927
0.1924
0.1257
0.1258
0.1259
0.1927
0.1930
0.1924
0.1921
0.1933
0.1924
0.1918
0.1929
0.1260
0.1933
0.1937
0.1261
0.1927
0.1933
0.1941
0.1266
0.1926
0.1262
0.1260
0.1936
0.1926
0.1930
0.1925
0.1258
0.1929
0.1261
0.1926
0.1263
0.1931
0.1260
0.1258
0.1259
0.1259
0.1258
0.1934
0.1259
0.1256
0.1257
0.1926
0.1259
0.1923
0.1262
0.1262
0.1259
0.1260
0.1268
0.1261
0.1261
0.1261
0.1957
0.1261
0.1256
0.1260
0.1932
0.1934
0.1264
0.1929
0.1261
0.1258
0.1264
0.1259
0.1262
0.1260
0.1262
0.1258
0.1259
0.1262
0.1261
0.1258
0.1941
0.1263
0.1934
0.1261
0.1259
0.1930
0.1925
0.1268
0.1261
0.1260
0.1935
0.1260
0.1259
0.1260
0.1935
0.1266
0.1258
0.1259
0.1259
0.1938
0.1263
0.1261
0.1261
0.1257
0.1260
0.1933
0.1262
0.1257
0.1938
0.1931
0.1263
0.1934
0.1260
0.1929
0.1931
0.1933
0.1260
0.1258
0.1259
0.1261
0.1263
0.1267
0.1262
0.1258
0.1257
0.1258
0.1259
0.1258
0.1948
0.1267
0.1261
0.1261
0.1258
0.1260
0.1941
0.1263
0.1935
0.1265
0.1930
0.1941
0.1263
0.1925
0.1266
0.1927
0.1263
0.1935
0.1936
0.1974
0.1264
0.1260
0.1259
0.1259
0.1259
0.1259
0.1259
0.1260
0.1262
0.1260
0.1945
0.1258
0.1258
0.1260
0.1260
0.1265
0.1260
0.1938
0.1259
0.1927
0.1261
0.1261
0.1943
0.1921
0.1920
0.1928
0.1262
0.1936
0.1261
0.1927
0.1264
0.1929
0.1261
0.1260
0.1264
0.1261
0.1260
0.1930
0.1263
0.1261
0.1258
0.1268
0.1272
0.1261
0.1260
0.1257
0.1947
0.2022
0.1292
0.1267
0.1944
0.1262
0.1927
0.1940
0.1261
0.1263
0.1261
0.1259
0.1941
0.1263
0.1260
0.1261
0.1264
0.1263
0.1262
0.1259
0.1260
0.1261
0.1261
0.1261
0.1261
0.1263
0.1263
0.1259
0.1938
0.1947
0.1271
0.1948
0.1929
0.1262
0.1260
0.1259
0.1259
0.1260
0.1263
0.1933
0.1259
0.1258
0.1267
0.1262
0.1260
0.1264
0.1262
0.1258
0.1258
0.1257
0.1259
0.1258
0.1258
0.1258
0.1257
0.1260
0.1260
0.1260
0.1260
0.1258
0.1259
0.1263
0.1949
0.1941
0.1264
0.1260
0.1261
0.1259
0.1264
0.1262
0.1260
0.1258
0.1261
0.1259
0.1262
0.1265
0.1271
0.1263
0.1258
0.1259
0.1260
0.1261
0.1260
0.1261
0.1261
0.1259
0.1259
0.1260
0.1261
0.1259
0.1258
0.1259
0.1263
0.1259
0.1259
0.1259
0.1264
0.1265
0.1261
0.1258
0.1263
0.1259
0.1260
0.1257
0.1953
0.1264
0.1935
0.1270
0.1260
0.1260
0.1930
0.1261
0.1259
0.1259
0.1266
0.1262
0.1260
0.1259
0.1262
0.1260
0.1259
0.1259
0.1261
0.1262
0.1260