0.2270
0.2259
0.2222
0.2235
0.2229
0.2224
0.2213
0.2228
0.2224
0.2222
0.2224
0.2220
0.2221
0.2217
0.2228
0.2219
0.2255
0.2241
0.2230
0.2220
0.2219
0.2229
0.2223
0.2226
0.2215
0.2233
0.2232
0.2232
0.2229
0.2221
0.2235
0.2233
0.2229
0.1561
0.2217
0.2253
0.2238
0.2230
0.2220
0.2245
0.2232
0.2241
0.2227
0.2224
0.2246
0.2229
0.2228
0.2228
0.2235
0.2228
0.2238
0.2228
0.2215
0.2228
0.2228
0.2237
0.2222
0.2227
0.2227
0.2239
0.2223
0.2236
0.2240
0.2237
0.2235
0.2223
0.2231
0.2230
0.2228
0.2216
0.2225
0.2230
0.2227
0.2225
0.2219
0.2228
0.2227
0.2227
0.2221
0.2225
0.3867
0.2225
0.2226
0.2229
0.2229
0.2221
0.2231
0.2222
0.2225
0.2230
0.2218
0.2226
0.2224
0.2232
0.2224
0.2232
0.2217
0.2233
0.2248
0.2264
0.2234
0.2257
0.2231
0.2221
0.2229
0.2238
0.2245
0.2224
0.2223
0.2222
0.2220
0.2227
0.2221
0.2227
0.2221
0.2233
0.2218
0.2219
0.2214
0.2220
0.2223
0.2219
0.2230
0.1557
0.2220
0.2217
0.1558
0.2227
0.2217
0.2230
0.2236
0.2229
0.2217
0.2223
0.1558
0.2224
0.2224
0.2232
0.2232
0.2224
0.1559
0.2218
0.2223
0.1560
0.2229
0.2228
0.2228
0.1559
0.1559
0.1558
0.1559
0.1562
0.2235
0.2242
0.1565
0.2230
0.2242
0.1558
0.2218
0.2232
0.2219
0.2227
0.2221
0.2231
0.2227
0.1558
0.1558
0.2230
0.2216
0.2230
0.1558
0.2228
0.1557
0.1563
0.1566
0.1567
0.2254
0.2256
0.2252
0.2266
0.2253
0.2251
0.2248
0.2267
0.2226
0.2220
0.2220
0.2238
0.2252
0.2225
0.1559
0.2236
0.2232
0.2227
0.2232
0.2232
0.2221
0.2223
0.1560
0.1556
0.2229
0.2245
0.2240
0.2226
0.2284
0.1573
0.2242
0.1570
0.1559
0.1559
0.2235
0.2224
0.2222
0.2230
0.2234
0.1560
0.1557
0.2238
0.2241
0.2234
0.2232
0.2225
0.2229
0.1562
0.1558
0.2231
0.1560
0.2235
0.2229
0.1559
0.1558
0.1558
0.2264
0.2246
0.2240
0.2231
0.2232
0.2247
0.1565
0.2229
0.2230
0.1559
0.1562
0.1560
0.2233
0.1560
0.2287
0.2234
0.2227
0.2241
0.2233
0.1570
0.1571
0.2243
0.1560
0.1561
0.1560
0.1558
0.1561
0.1563
0.1561
0.1560
0.1559
0.1559
0.1559
0.1562
0.1559
0.1559
0.2240
0.1559
0.1559
0.1562
0.2234
0.2228
0.1558
0.1557
0.2222
0.1562
0.2227
0.1560
0.1558
0.2228
0.1561
0.1559
0.1558
0.1559
0.1558
0.1560
0.1565
0.2237
0.1557
0.2219
0.1559
0.2239
0.2220
0.2242
0.1566
0.1557
0.1560
0.1562
0.1560
0.1561
0.1559
0.1559
0.1562
0.1561
0.1559
0.1559
0.1556
0.1557
0.1566
0.1569
0.1563
0.1560
0.2246
0.2227
0.1557
0.1561
0.2219
0.2229
0.2221
0.2217
0.2223
0.1560
0.2230
0.1559
0.1557
0.2224
0.2224
0.1558
0.2220
0.2218
0.1562
0.1560
0.1559
0.1558
0.1557
0.1559
0.1559
0.1560
0.1559
0.2226
0.1567
0.1559
0.2220
0.1561
0.2217
0.1558
0.1556
0.1561
0.1564
0.2240
0.1561
0.2240
0.2224
0.1563
0.1559
0.1558
0.1564
0.1558
0.2266
0.2222
0.2218
0.1558
0.1558
0.2242
0.1571
0.2227
0.2226
0.2220
0.2220
0.2224
0.2219
0.2228
0.1559
0.1559
0.2243
0.1562
0.1558
0.1559
0.1559
0.1557
0.1564
0.1564
0.1572
0.1576
0.1572
0.1574
0.1583
0.1583
0.1576
0.1578
0.1575
0.1569
0.1578
0.1581
0.1572
0.1575
0.1567
0.1560
0.1560
0.1562
0.1560
0.2236
0.2227
0.2228
0.1564
0.1559
0.1560
0.1559
0.1559
0.1559
0.1556
0.2239
0.2241
0.1562
0.1559
0.1559
0.1564
0.1560
0.2221
0.1559
0.1563
0.1569
0.2229
0.1561
0.1560
0.1560
0.1576
0.1560
0.1558
0.1555
0.1558
0.1560
0.1558
0.1559
0.1558
0.1558
0.1560
0.1560
0.1559
0.1559
0.1559
0.1559
0.1560
0.1560
0.1559
0.1558
0.1559
0.1560
0.1559
0.1563
0.1558
0.1558
0.1558
0.1559
0.1558
0.1559
0.1558
0.1559
0.1557
0.1558
0.1558
0.1558
0.1558
0.1559
0.1560
0.1560
0.1560
0.1563
0.1558
0.1560
0.1558
0.1558
0.1558
0.1559
0.1559
0.1559
0.1559
0.1559
0.1556
0.1559
0.1559
0.1558
0.1559
0.1559
0.1566
0.1565
0.1561
0.1559
0.1559
0.1558
0.1558
0.1558
0.1557
0.1557
0.1557
0.1559
0.1558
0.1559
0.1560
0.1565
0.1559
0.1560
0.1557
0.1558
0.1560
0.1560
0.1559
0.1559
0.1559
0.1558
0.1558
0.1558
0.1558
0.1559
0.1557
0.1558
0.1558
0.1558
0.1563
0.1559
0.1559
0.1559
0.2239
0.1561
0.1559
0.2232
0.1560
0.1559
0.2469
0.1569
0.2233
0.1560
0.1560
0.1560
0.1559
0.1559
0.1558
0.1558
0.1557
0.1562
0.1558
0.1559
0.1562
0.1559
0.1558
0.1559
0.1557
0.1568
0.1564
0.1564
0.1560
0.1565
0.1574
0.1571
0.1563
0.1561
0.1559
0.1560
0.1559
0.1558
0.1561
0.1559
0.1559
0.1558
0.1559
0.1559
0.1559
0.1559
0.1559
0.1558
0.1558
0.1558
0.1559
0.2236
0.1560
0.1558
0.1559
0.2229
0.1560
0.1558
0.2227
0.1559
0.2219
0.2223
0.1564
0.1558
0.1558
0.1558
0.1558
0.1560
0.1561
0.1560
0.1560
0.1558
0.1557
0.2234
0.1562
0.1559
0.1559
0.1562
0.1558
0.1559
0.1559
0.1559
0.1568
0.1559
0.2241
0.1564
0.2239
0.1565
0.1560
0.1558
0.1559
0.1558
0.1558
0.1558
0.1558
0.1557
0.1559
0.1557
0.1558
0.1558
0.1558
0.1559
0.1558
0.1560
0.1558
0.1559
0.1559
0.1559
0.2250
0.1562
0.1560
0.1556
0.1557
0.1560
0.1559
0.1559
0.1558
0.1559
0.1558
0.2241
0.1580
0.1564
0.1561
0.1559
0.1559
0.1559
0.1560
0.1561
0.1563
0.1559
0.2243
0.2228
0.1560
0.1557
0.2219
0.1558
0.2221
0.1559
0.1559
0.1560
0.2227
0.1560
0.1559
0.1557
0.1558
0.1559
0.1562
0.1566
0.1561
0.1558
0.1559
0.1559
0.1558
0.1559
0.1559
0.2243
0.1561
0.1560
0.2224
0.1559
0.2237
0.1561
0.1559
0.1561
0.1561
0.1562
0.1559
0.1560
0.1560
0.1560
0.1560
0.1559
0.1558
0.1559
0.1558
0.1559
0.1561
0.1563
0.1560
0.1559
0.1558
0.1559
0.1557
0.1557
0.1558
0.1559
0.1559
0.2238
0.1580
0.1575
0.1580
0.1577
0.1580
0.1571
0.1581
0.1575
0.1572
0.1574
0.1573
0.1574
0.1568
0.1572
0.1564
0.1561
0.1562
0.1564
0.1560
0.1560
0.1559
0.1570
0.1562
0.1559
0.1559
0.1560
0.1559
0.1560
0.1559
0.2241
0.1560
0.2231
0.2214
0.1559
0.2211
0.1560
0.1557
0.1559
0.1558
0.2228
0.2221
0.1560
0.1558
0.1557
0.1558
0.1559
0.1558
0.1559
0.1559
0.1559
0.1558
0.1559
0.1560
0.1559
0.1560
0.2229
0.1563
0.1560
0.1560
0.1559
0.1560
0.1563
0.2249
0.1581
0.1564
0.1560
0.1560
0.1559
0.2226
0.1560
0.1562
0.1559
0.1559
0.1563
0.1558
0.1559
0.1558
0.1564
0.1559
0.1560
0.1558
0.1572
0.1563
0.1560
0.1560
0.1558
0.1561
0.1556
0.1560
0.1563
0.1560
0.1559
0.1557
0.1559
0.1559
0.1560
0.1558
0.1559
0.1563
0.1560
0.1556
0.1557
0.1557
0.1562
0.1558
0.1557
0.1558
0.2236
0.1562
0.1558
0.1559
0.1562
0.1558
0.1558
0.1558
0.1558
0.1558
0.1559
0.1559
0.1560
0.1557
0.1559
0.1558
0.1558
0.2241
0.1562
0.2250
0.1567
0.2221
0.1565
0.1559
0.1560
0.1557
0.1558
0.1556
0.1559
0.2219
0.1561
0.1557
0.2259
0.1562
0.1560
0.1566
0.1567
0.1559
0.1560
0.1560
0.1561
0.1561
0.1558
0.1559
0.2232
0.1560
0.1560
0.1559
0.2216
0.1560
0.1558
0.1559
0.1563
0.1560
0.1558
0.1559
0.1558
0.1559
0.1558
0.1559
0.1560
0.1560
0.1558
0.1560
0.1560
0.1559
0.1559
0.1563
0.1563
0.1559
0.1559
0.1559
0.1559
0.2220
0.2216
0.1559
0.1559
0.1557
0.1559
0.1569
0.1563
0.1563
0.1564
0.1561
0.1560
0.1560
0.1559
0.1559
0.1560
0.1560
0.1575
0.1566
0.1561
0.1560
0.1560
0.1564
0.1559
0.2227
0.1577
0.1563
0.1561
0.1559
0.1565
0.1572
0.1568
0.1565
0.1561
0.1560
0.1560
0.1560
0.1559
0.1561
0.1560
0.1559
0.1559
0.1560
0.1559
0.1558
0.1560
0.1560
0.1559
0.2233
0.1560
0.1558
0.1560
0.1560
0.1558
0.1559
0.2220
0.1558
0.1559
0.1560
0.1564
0.1560
0.1560
0.1564
0.1571
0.1569
0.1576
0.2253
0.1580
0.1581
0.1577
0.1578
0.1576
0.1576
0.1575
0.1573
0.1578
0.1567
0.1560
0.1560
0.1559
0.1559
0.1560
0.1560
0.1560
0.1565
0.1563
0.1560
0.1569
0.1564
0.1561
0.1559
0.1559
0.1560
0.1560
0.1559
0.1558
0.1559
0.1559
0.1560
0.1561
0.1561
0.1557
0.1560
0.1559
0.1560
0.1560
0.1560
0.1558