0.2215
0.1545
0.3201
0.1163
0.1691
0.1169
0.1163
0.1519
0.1130
0.1126
0.1169
0.1128
0.1131
0.1123
0.1124
0.1123
0.1136
0.1151
0.1170
0.1124
0.1127
0.1136
0.1132
0.1169
0.1175
0.1126
0.1124
0.1130
0.1122
0.1125
0.1130
0.1154
0.1123
0.1126
0.1522
0.1139
0.1543
0.1530
0.1178
0.1124
0.1518
0.1519
0.1518
0.1146
0.1549
0.1522
0.1565
0.1124
0.1137
0.1575
0.1523
0.1553
0.1521
0.1136
0.1520
0.1140
0.1170
0.1127
0.1541
0.1520
0.1523
0.1565
0.1516
0.1522
0.1518
0.1572
0.1537
0.1526
0.1551
0.1573
0.1518
0.1512
0.1519
0.1517
0.1514
0.1515
0.1126
0.1171
0.1513
0.1523
0.1529
0.1545
0.1129
0.1124
0.1517
0.1158
0.1533
0.1530
0.1569
0.1131
0.1136
0.1133
0.1123
0.1122
0.1519
0.1565
0.1127
0.1124
0.1126
0.1519
0.1126
0.1129
0.1521
0.1522
0.1128
0.1559
0.1131
0.1519
0.1130
0.1514
0.1132
0.1520
0.1129
0.1516
0.1564
0.1512
0.1145
0.1124
0.1124
0.1522
0.1537
0.1133
0.1517
0.1129
0.1123
0.1521
0.1564
0.1128
0.1123
0.1123
0.1169
0.1558
0.1526
0.1149
0.1124
0.1126
0.1518
0.1531
0.1512
0.1561
0.1515
0.1540
0.1127
0.1541
0.1514
0.1132
0.1123
0.1565
0.1127
0.1173
0.1126
0.1136
0.1121
0.1522
0.1512
0.1128
0.1122
0.1124
0.1516
0.1525
0.1177
0.1131
0.1122
0.1561
0.1130
0.1564
0.1125
0.1124
0.1124
0.1123
0.1140
0.1149
0.1127
0.1125
0.1121
0.1124
0.1124
0.1128
0.1194
0.1245
0.1178
0.1184
0.1125
0.1527
0.1129
0.1515
0.1136
0.1123
0.1123
0.1520
0.1174
0.1122
0.1134
0.1122
0.1121
0.1622
0.1535
0.1131
0.1528
0.1132
0.1127
0.1125
0.1126
0.1178
0.1135
0.1124
0.1119
0.1123
0.1123
0.1175
0.1145
0.1143
0.1143
0.1140
0.1127
0.1125
0.1155
0.1124
0.1169
0.1122
0.1122
0.1123
0.1130
0.1136
0.1174
0.1129
0.1149
0.1127
0.1129
0.1124
0.1123
0.1138
0.1124
0.1124
0.1123
0.1124
0.1125
0.1123
0.1121
0.1136
0.1123
0.1135
0.1122
0.1123
0.1138
0.1136
0.1125
0.1126
0.1166
0.1129
0.1125
0.1125
0.1123
0.1121
0.1169
0.1167
0.1157
0.1126
0.1122
0.1122
0.1120
0.1124
0.1125
0.1168
0.1168
0.1123
0.1126
0.1123
0.1122
0.1158
0.1161
0.1124
0.1124
0.1128
0.1129
0.1130
0.1152
0.1180
0.1124
0.1128
0.1123
0.1123
0.1128
0.1136
0.1130
0.1139
0.1123
0.1122
0.1123
0.1123
0.1122
0.1123
0.1171
0.1174
0.1133
0.1125
0.1122
0.1129
0.1125
0.1176
0.1145
0.1136
0.1136
0.1125
0.1122
0.1125
0.1125
0.1127
0.1127
0.1120
0.1125
0.1121
0.1124
0.1120
0.1123
0.1128
0.1120
0.1125
0.1122
0.1124
0.1121
0.1123
0.1136
0.1174
0.1130
0.1126
0.1123
0.1121
0.1124
0.1129
0.1157
0.1126
0.1123
0.1121
0.1122
0.1123
0.1123
0.1126
0.1132
0.1128
0.1118
0.1136
0.1122
0.1125
0.1132
0.1168
0.1183
0.1131
0.1122
0.1129
0.1128
0.1128
0.1140
0.1132
0.1188
0.1127
0.1123
0.1122
0.1119
0.1121
0.1138
0.1166
0.1129
0.1128
0.1125
0.1127
0.1124
0.1161
0.1164
0.1125
0.1123
0.1133
0.1131
0.1128
0.1135
0.1181
0.1155
0.1148
0.1124
0.1121
0.1133
0.1127
0.1172
0.1170
0.1123
0.1123
0.1121
0.1122
0.1122
0.1171
0.1149
0.1122
0.1121
0.1121
0.1121
0.1123
0.1123
0.1126
0.1173
0.1129
0.1129
0.1129
0.1124
0.1127
0.1153
0.1144
0.1131
0.1156
0.1139
0.1128
0.1124
0.1160
0.1168
0.1125
0.1124
0.1124
0.1126
0.1125
0.1122
0.1140
0.1185
0.1122
0.1123
0.1129
0.1129
0.1132
0.1152
0.1126
0.1167
0.1125
0.1125
0.1126
0.1126
0.1124
0.1362
0.1131
0.1117
0.1117
0.1239
0.1147
0.1141
0.1126
0.1128
0.1196
0.1131
0.1128
0.1172
0.1127
0.1129
0.1134
0.1131
0.1137
0.1128
0.1175
0.1148
0.1126
0.1124
0.1123
0.1123
0.1123
0.1190
0.1135
0.1127
0.1134
0.1125
0.1126
0.1126
0.1124
0.1126
0.1179
0.1124
0.1123
0.1128
0.1128
0.1132
0.1165
0.1140
0.1172
0.1125
0.1129
0.1126
0.1124
0.1175
0.1129
0.1132
0.1127
0.1127
0.1126
0.1124
0.1125
0.1128
0.1182
0.1125
0.1125
0.1126
0.1128
0.1182
0.1191