0.3818
0.3124
0.3086
0.3118
0.3121
0.3800
0.3799
0.3808
0.3815
0.3808
0.3765
0.3746
0.3765
0.3763
0.3760
0.3774
0.3789
0.3770
0.3752
0.3785
0.3825
0.3819
0.3800
0.3823
0.3797
0.3805
0.3787
0.3797
0.3788
0.3772
0.3800
0.3784
0.3756
0.3783
0.3824
0.3821
0.3803
0.3816
0.3819
0.3798
0.3765
0.3758
0.3754
0.3748
0.3759
0.3779
0.3787
0.3778
0.3761
0.3753
0.3764
0.3795
0.3804
0.5322
0.3816
0.3822
0.3802
0.3766
0.3761
0.3757
0.3749
0.3755
0.3747
0.3791
0.3791
0.3807
0.3813
0.3810
0.3828
0.3802
0.3764
0.3763
0.3757
0.3772
0.3759
0.3763
0.3747
0.3752
0.3739
0.3775
0.3817
0.3821
0.3810
0.3824
0.3856
0.3798
0.3781
0.3805
0.3761
0.3761
0.3752
0.3763
0.3754
0.3770
0.3781
0.3809
0.3808
0.3829
0.3809
0.3819
0.3812
0.3764
0.3769
0.3762
0.3757
0.3754
0.3755
0.3790
0.3777
0.3756
0.3777
0.3801
0.3811
0.3818
0.3819
0.3802
0.3788
0.3802
0.3769
0.3763
0.3762
0.3753
0.3746
0.3759
0.3805
0.3815
0.3810
0.3797
0.3815
0.3874
0.3777
0.3750
0.3752
0.3100
0.3802
0.3758
0.3757
0.3089
0.3753
0.3765
0.3768
0.3771
0.3806
0.3823
0.3819
0.3819
0.3805
0.3806
0.3775
0.3766
0.3765
0.3764
0.3762
0.3108
0.3789
0.3822
0.3827
0.3818
0.3812
0.3813
0.3834
0.3116
0.3768
0.3754
0.3084
0.3090
0.3087
0.3760
0.3823
0.3769
0.3748
0.3789
0.3814
0.3812
0.3820
0.3819
0.3823
0.3825
0.3793
0.3119
0.3785
0.3762
0.3091
0.3777
0.3762
0.3089
0.3780
0.3802
0.3833
0.3878
0.3835
0.3811
0.3813
0.3108
0.3094
0.3766
0.3753
0.3770
0.5372
0.3776
0.3760
0.3088
0.3768
0.3783
0.3117
0.3120
0.3132
0.3812
0.3816
0.3116
0.3790
0.3761
0.3087
0.3758
0.3749
0.3786
0.3093
0.3751
0.3791
0.3798
0.3125
0.3804
0.3814
0.3860
0.3777
0.3090
0.3747
0.3756
0.3742
0.3753
0.3744
0.3084
0.3082
0.3084
0.3086
0.3086
0.3761
0.3111
0.3117
0.3802
0.3817
0.3799
0.3836
0.3134
0.3099
0.3774
0.3757
0.3086
0.3085
0.3083
0.3083
0.3101
0.3806
0.3129
0.3119
0.3792
0.3123
0.3128
0.3112
0.3772
0.3767
0.3099
0.3770
0.3760
0.3085
0.3085
0.3753
0.3081
0.3082
0.3085
0.3109
0.3116
0.3112
0.3124
0.3124
0.3799
0.3808
0.3770
0.3089
0.3081
0.3083
0.3081
0.3773
0.3108
0.3091
0.3761
0.3794
0.3807
0.3117
0.3122
0.3799
0.3121
0.3115
0.3095
0.3084
0.3085
0.3084
0.3082
0.3760
0.3085
0.3749
0.3086
0.3766
0.3797
0.3800
0.3115
0.3109
0.3116
0.3116
0.3803
0.3799
0.3104
0.3760
0.3761
0.3746
0.3086
0.3748
0.3756
0.3752
0.3120
0.3130
0.3121
0.3120
0.3804
0.3797
0.3126
0.3100
0.3085
0.3081
0.3080
0.3079
0.3752
0.3081
0.3798
0.3757
0.3087
0.3755
0.3088
0.3084
0.3104
0.3116
0.3128
0.3118
0.3122
0.3787
0.3116
0.3109
0.3097
0.3089
0.3094
0.3091
0.3088
0.3080
0.3081
0.3082
0.3108
0.3118
0.3112
0.3123
0.3799
0.3118
0.3127
0.3120
0.3094
0.3101
0.3094
0.3094
0.3121
0.3098
0.3086
0.3761
0.3746
0.3754
0.3083
0.3084
0.3110
0.3116
0.3800
0.3136
0.3121
0.3131
0.3126
0.3114
0.3094
0.3780
0.3091
0.3085
0.3080
0.3082
0.3183
0.3113
0.3806
0.3122
0.3842
0.3132
0.3141
0.3826
0.3145
0.3785
0.3096
0.3117
0.3105
0.3778
0.3086
0.3086
0.3083
0.3081
0.3081
0.3757
0.3763
0.3803
0.3124
0.3114
0.3127
0.3823
0.3817
0.3801
0.3100
0.3086
0.3082
0.3101
0.3101
0.3087
0.3083
0.3089
0.3114
0.3133
0.3124
0.3129
0.3131
0.3120
0.3851
0.3128
0.3098
0.3097
0.3085
0.3094
0.3081
0.3081
0.3793
0.3091
0.5582
0.3109
0.3088
0.3093
0.3138
0.3119
0.3123
0.3121
0.3117
0.3121
0.3116
0.3803
0.3773
0.3090
0.3093
0.3096
0.3090
0.3083
0.3092
0.3079
0.3098
0.3125
0.3125
0.3111
0.3120
0.3116
0.3114
0.3117
0.3090
0.3079
0.3093
0.3093
0.3080
0.3078
0.3082
0.3079
0.3082
0.3093
0.3082
0.3084
0.3081
0.3105
0.3119
0.3133
0.3127
0.3114
0.3116
0.3133
0.3106
0.3803
0.3756
0.3082
0.3079
0.3078
0.3078
0.3077
0.3097
0.3119
0.3130
0.3118
0.3122
0.3119
0.3122
0.3127
0.3109
0.3086
0.3081
0.3082
0.3771
0.3762
0.3086
0.3080
0.3081
0.3102
0.3080
0.3078
0.3078
0.3088
0.3117
0.3825
0.3118
0.3804
0.3121
0.3115
0.3125
0.3096
0.3092
0.3085
0.3081
0.3081
0.3079
0.3766
0.3086
0.3775
0.3819
0.3121
0.3115
0.3113
0.3126
0.3133
0.3128
0.3086
0.3758
0.3100
0.3107
0.3773
0.3757
0.3086
0.3092
0.3097
0.3777
0.3121
0.3130
0.3117
0.3122
0.3124
0.3830
0.3121
0.3109
0.3094
0.3098
0.3085
0.3769
0.3087
0.3082
0.3758
0.3773
0.3743
0.3112
0.3116
0.3119
0.3810
0.3121
0.3119
0.3803
0.3100
0.3085
0.3081
0.3092
0.3103
0.3089
0.3082
0.3762
0.3084
0.3106
0.3100
0.3094
0.3114
0.3815
0.3127
0.3121
0.3123
0.3115
0.3114
0.3103
0.3088
0.3085
0.3772
0.3754
0.3085
0.3086
0.3080
0.3772
0.3131
0.3128
0.3122
0.3806
0.3133
0.3129
0.3118
0.3118
0.3093
0.3082
0.3081
0.3085
0.3079
0.3082
0.3083
0.3080
0.3086
0.3087
0.3083
0.3092
0.3085
0.3109
0.3121
0.3129
0.3126
0.3116
0.3124
0.3124
0.3108
0.3095
0.3085
0.3090
0.3088
0.3081
0.3787
0.3082
0.3085
0.3111
0.3117
0.3129
0.3118
0.3118
0.3821
0.3128
0.3774
0.3088
0.3082
0.3114
0.3097
0.3083
0.3079
0.3085
0.3080
0.3079
0.3095
0.3081
0.3102
0.3118
0.3123
0.3115
0.3115
0.3125
0.3125
0.3115
0.3095
0.3084
0.3084
0.3081
0.3086
0.3083
0.3105
0.3115
0.3091
0.3124
0.3116
0.3121
0.3822
0.3123
0.3121
0.3118
0.3109
0.3088
0.3086
0.3084
0.3084
0.3083
0.3085
0.3083
0.3761
0.3081
0.3096
0.3093
0.3097
0.3122
0.3119
0.3116
0.3119
0.3130
0.3127
0.3108
0.3091
0.3085
0.3091
0.3103
0.3100
0.3097
0.3083
0.3079
0.3086
0.3118
0.3118
0.3124
0.3123
0.3116
0.3113
0.3116
0.3102
0.3099
0.3085
0.3775
0.3086
0.3079
0.3080
0.3082
0.3090
0.3096
0.3090
0.3084
0.3092
0.3112
0.3120
0.3131
0.3126
0.3125
0.3131
0.3123
0.3107
0.3117
0.3109
0.3090
0.3082
0.3086
0.3085
0.3083
0.3082
0.3079
0.3097
0.3134
0.3116
0.3120
0.3118
0.3121
0.3134
0.3827
0.3753
0.3097
0.3083
0.3084
0.3084
0.3082
0.3082
0.3777
0.3083
0.3078
0.3080
0.3079
0.3102
0.3815
0.3129
0.3128
0.3116
0.3116
0.3129
0.3797
0.3102
0.3085
0.3753
0.3082
0.3084
0.3080
0.3756
0.3098
0.3120
0.3116
0.3116
0.3122
0.3122
0.3132
0.3126
0.3104
0.3087
0.3081
0.3088
0.3085
0.3081
0.3080
0.3085
0.3121
0.3872
0.3097
0.3089
0.3085
0.3108
0.3123
0.3117
0.3117
0.3119
0.3121
0.3127
0.3100
0.3093
0.3096
0.3088
0.3082
0.3082
0.3100
0.3094
0.3086
0.3084
0.3098
0.3126
0.3118
0.3116
0.3117
0.3813
0.3126
0.3101
0.3087
0.3083
0.3104
0.3105
0.3084
0.3082
0.3081
0.3079
0.3079
0.3107
0.3100
0.3113
0.3115
0.3109
0.3120
0.3126
0.3819
0.3119
0.3100
0.4582
0.3089
0.3080
0.3079
0.3078
0.3088
0.3090
0.3082
0.3096
0.3112
0.3121
0.3119
0.3113
0.3114
0.3112
0.3135
0.3121
0.3086
0.3080
0.3082
0.3776
0.3084
0.3078
0.3078
0.3085
0.3081
0.3105
0.3120
0.3109
0.3112
0.3120
0.3114
0.3126
0.3119
0.3112
0.3096
0.3092
0.3089
0.3084
0.3082
0.3079
0.3082
0.3080
0.3079
0.3091
0.3115
0.3125
0.3134
0.3117
0.3115
0.3130
0.3126
0.3093
0.3081
0.3081
0.3082
0.3079
0.3088
0.3079
0.3081
0.3081
0.3780
0.3086
0.3089
0.3763
0.3109
0.3112
0.3123
0.3129
0.3796
0.3120
0.3119
0.3115
0.3094
0.3086
0.3088
0.3084
0.3080
0.3092
0.3094
0.3082
0.3114
0.3126
0.3113
0.3117
0.3116
0.3115
0.3123
0.3114
0.3087
0.3080
0.3079
0.3104
0.3096
0.3084
0.3089
0.3080
0.3080
0.3078
0.3079
0.3079
0.3111
0.3118
0.3122
0.3113
0.3110
0.3116
0.3112
0.3119
0.3092
0.3083
0.3101
0.3084
0.3081
0.3782
0.3113
0.3087
0.3100
0.3113
0.3118
0.3115
0.3116
0.3117
0.3121
0.3122
0.3099
0.3082
0.3083
0.3082
0.3080
0.3081
0.3083
0.3079
0.3080
0.3083
0.3080
0.3096
0.3113
0.3118
0.3117
0.3114
0.3119
0.3122
0.3135
0.3110
0.3102
0.3088
0.3079
0.3080
0.3080