0.5054
0.1066
0.1014
0.1011
0.1001
0.1008
0.1008
0.1000
0.1001
0.1003
0.1320
0.1310
0.1314
0.1313
0.1326
0.1312
0.1314
0.1418
0.1335
0.1316
0.1326
0.1319
0.1329
0.1332
0.1314
0.1332
0.1318
0.1003
0.1004
0.1004
0.1002
0.1012
0.1006
0.1009
0.1494
0.1315
0.1314
0.1009
0.1010
0.1317
0.1005
0.1332
0.1015
0.1020
0.0997
0.0997
0.1002
0.1042
0.1007
0.1002
0.1010
0.1008
0.1003
0.1012
0.1010
0.1006
0.1008
0.1005
0.1008
0.1009
0.1007
0.1003
0.1010
0.1012
0.1010
0.1013
0.1009
0.1020
0.1014
0.1015
0.1014
0.1017
0.1017
0.1013
0.1035
0.1007
0.1005
0.1008
0.1022
0.1010
0.1004
0.1004
0.1015
0.1029
0.1006
0.1006
0.1007
0.1006
0.1004
0.1009
0.1006
0.1008
0.1014
0.1019
0.1012
0.1009
0.1007
0.1011
0.1014
0.1014
0.1011
0.1053
0.1046
0.1020
0.1017
0.1014
0.1010
0.1014
0.1011
0.1011
0.1120
0.1017
0.1019
0.1039
0.1012
0.1008
0.1015
0.1022
0.1011
0.1013
0.1007
0.1011
0.1015
0.1009
0.1006
0.1036
0.1009
0.1011
0.1005
0.1007
0.1006
0.1053
0.1015
0.1009
0.1008
0.1007
0.1006
0.1013
0.1007
0.1017
0.1019
0.1014
0.1020
0.1148
0.1007
0.1006
0.1009
0.1010
0.1010
0.1048
0.1272
0.1019
0.1019
0.1024
0.1016
0.1012
0.1010
0.1009
0.1099
0.1018
0.1011
0.1010
0.1011
0.1011
0.1025
0.1014
0.1018
0.1017
0.1010
0.1011
0.1008
0.1012
0.1010
0.1007
0.1026
0.1017
0.1011
0.1008
0.1069
0.1010
0.1011
0.1008
0.1010
0.1006
0.1015
0.1214
0.1020
0.1145
0.1007
0.1008
0.1007
0.1005
0.1008
0.1007
0.1006
0.1005
0.1005
0.1005
0.1010
0.1026
0.1026
0.1017
0.1014
0.1008
0.1007
0.1019
0.1002
0.1007
0.1012
0.1026
0.1009
0.1010
0.1007
0.1009
0.1014
0.1009
0.1009
0.1010
0.1021
0.1025
0.1030
0.1018
0.1008
0.1009
0.1011
0.1015
0.1005
0.1007
0.1006
0.1011
0.1012
0.1014
0.1006
0.1009
0.1011
0.1007
0.1007
0.1007
0.1025
0.1013
0.1017
0.1010
0.1007
0.1008
0.1012
0.1012
0.1010
0.1017
0.1007
0.1011
0.1013
0.1010
0.1012
0.1008
0.1011
0.1009
0.1006
0.1009
0.1051
0.1014
0.1008
0.1009
0.1011
0.1004
0.1027
0.1018
0.1013
0.1006
0.1010
0.1010
0.1005
0.1009
0.1007
0.1004
0.1008
0.1008
0.1007
0.1006
0.1057
0.1013
0.1019
0.1009
0.1004
0.1005
0.1018
0.1004
0.1007
0.1005
0.1007
0.1008
0.1008
0.1006
0.1007
0.1007
0.1009
0.1006
0.1006
0.1008
0.1076
0.1011
0.1009
0.1039
0.1016
0.1013
0.1022
0.1006
0.1007
0.1007
0.1014
0.1014
0.1013
0.1009
0.1006
0.1008
0.1007
0.1012
0.1007
0.1007
0.1080
0.1012
0.1007
0.1007
0.1005
0.1008
0.1008
0.1003
0.1008
0.1008
0.1010
0.1007
0.1008
0.1006
0.1007
0.1012
0.1009
0.1009
0.1007
0.1007
0.1083
0.1012
0.1009