0.4911
0.4828
0.3315
0.3320
0.3317
0.3313
0.3316
0.3321
0.3308
0.3317
0.3318
0.3315
0.3313
0.3337
0.3335
0.3325
0.5030
0.5009
0.5066
0.5050
0.4969
0.4915
0.4929
0.4946
0.4955
0.4931
0.4913
0.4957
0.4934
0.4925
0.4867
0.4857
0.4949
0.4964
0.4934
0.4963
0.4974
0.4930
0.4973
0.4977
0.4959
0.4952
0.4919
0.4873
0.4912
0.4910
0.4896
0.4886
0.4974
0.4908
0.4960
0.4902
0.4990
0.4920
0.4936
0.4904
0.4852
0.4887
0.4858
0.4902
0.4930
0.4945
0.4955
0.4913
0.4930
0.4982
0.4925
0.4890
0.4839
0.4875
0.4907
0.4956
0.4950
0.4937
0.4908
0.4951
0.4974
0.5102
0.4922
0.5014
0.4994
0.4939
0.4921
0.4994
0.5090
0.5012
0.4971
0.4974
0.5030
0.5007
0.4944
0.4945
0.4930
0.4962
0.4988
0.4976
0.4953
0.4867
0.4889
0.4873
0.4906
0.4969
0.4900
0.4889
0.5054
0.4982
0.4988
0.4961
0.4911
0.4959
0.4969
0.4837
0.4869
0.4869
0.5135
0.4911
0.4895
0.4924
0.4927
0.3341
0.4885
0.4873
0.3348
0.4903
0.4920
0.4897
0.4970
0.4947
0.4883
0.4938
0.4936
0.4951
0.5019
0.5028
0.5096
0.5025
0.4991
0.5037
0.4990
0.4995
0.5043
0.5010
0.4980
0.3350
0.5131
0.5474
0.5088
0.5688
0.5618
0.3953
0.5711
0.5697
0.5643
0.5404
0.4967
0.5654
0.5627
0.5616
0.5560
0.5779
0.4975
0.5238
0.5657
0.5573
0.5654
0.5705
0.5640
0.4854
0.5676
0.5811
0.5628
0.5634
0.5649
0.5390
0.4952
0.3930
0.5757
0.5688
0.3959
0.5729
0.3939
0.5665
0.5606
0.3334
0.3339
0.5762
0.5725
0.5604
0.3938
0.5597
0.5638
0.4973
0.5411
0.5714
0.5816
0.5819
0.5731
0.5683
0.4946
0.5859
0.5924
0.5717
0.5696
0.5590
0.5188
0.4884
0.5626
0.5787
0.5715
0.3974
0.3970
0.3935
0.5751
0.5760
0.4941
0.5792
0.5749
0.5694
0.5644
0.3931
0.3924
0.3964
0.5627
0.4955
0.5423
0.5684
0.5664
0.5619
0.5646
0.5685
0.5154
0.5564
0.5815
0.5673
0.5752
0.5670
0.5555
0.5468
0.3962
0.3933
0.5747
0.3935
0.3919
0.5692
0.5614
0.5684
0.5656
0.4899
0.5696
0.5786
0.3934
0.5599
0.3941
0.5655
0.3935
0.3929
0.3923
0.3379
0.3320
0.3603
0.3921
0.3912
0.3924
0.3928
0.5651
0.5634
0.5594
0.5607
0.3924
0.3920
0.5695
0.4965
0.3958
0.3970
0.3926
0.3928
0.3919
0.3951
0.3930
0.3936
0.3939
0.4165
0.3953
0.5657
0.3920
0.5583
0.3949
0.5624
0.5564
0.5015
0.5542
0.5695
0.5632
0.5652
0.5665
0.3941
0.5611
0.5010
0.3761
0.3907
0.5904
0.4002
0.3918
0.5545
0.5567
0.3917
0.3923
0.5559
0.5387
0.4906
0.3920
0.5665
0.5630
0.3939
0.5609
0.5666
0.5677
0.5452
0.4894
0.5837
0.5649
0.5584
0.5613
0.5546
0.4885
0.4902
0.5665
0.5603
0.5609
0.5692
0.5593
0.3332
0.5424
0.5804
0.5666
0.5620
0.3922
0.5618
0.4998
0.3559
0.3930
0.3928
0.5667
0.5683
0.3948
0.3963
0.5737
0.3941
0.5685
0.3960
0.5718
0.4901
0.5857
0.5842
0.3836
0.3932
0.3957
0.5626
0.3926
0.3906
0.5671
0.3568
0.3359
0.3514
0.4004
0.3949
0.5723
0.3941
0.5709
0.5607
0.3927
0.3920
0.3924
0.5707
0.5629
0.4888
0.3930
0.5821
0.5659
0.5551
0.5648
0.3938
0.5610
0.4854
0.5056
0.5665
0.5664
0.3945
0.3924
0.5619
0.5695
0.3976
0.3937
0.4917
0.3772
0.5803
0.4068
0.3916
0.3928
0.3912
0.5649
0.5557
0.5666
0.5309
0.4866
0.5653
0.5611
0.5681
0.5686
0.5613
0.3942
0.5671
0.3365
0.5421
0.5727
0.3610
0.5634
0.5618
0.5677
0.5437
0.4850
0.3782
0.5672
0.5582
0.3958
0.3956
0.3934
0.5657
0.5614
0.3943
0.3945
0.5725
0.3337
0.3585
0.5838
0.4069
0.5600
0.5596
0.5620
0.3952
0.3929
0.5623
0.3324
0.3334
0.5392
0.3929
0.5697
0.5592
0.5651
0.3938
0.3931
0.3931
0.5628
0.3335
0.5413
0.4085
0.3957
0.3966
0.5704
0.3934
0.5601
0.5592
0.3929
0.3361
0.3311
0.3704
0.3974
0.3965
0.3948
0.3931
0.5691
0.3935
0.3939
0.5669
0.5597
0.5688
0.5680
0.3329
0.5491
0.4092
0.3963
0.5694
0.5664
0.5590
0.5693
0.4963
0.5119
0.3940
0.5691
0.5593
0.5707
0.5612
0.5613
0.3325
0.3593
0.3913
0.5814
0.4045
0.3933
0.5562
0.3932
0.3961
0.3917
0.3927
0.3919
0.3927
0.3924
0.3925
0.3922
0.3928
0.3914
0.3420
0.4995
0.5595
0.5599
0.3924
0.3925
0.3917
0.3917
0.5685
0.3967
0.5730
0.5678
0.3368
0.3395
0.3940
0.3932
0.3939
0.3924
0.3943
0.3940
0.3916
0.5850
0.3943
0.3927
0.5592
0.5614
0.5608
0.3924
0.3912
0.3423
0.3324
0.3704
0.5748
0.3942
0.3963
0.3938
0.5680
0.3995
0.3968
0.3931
0.5686
0.3935
0.5648
0.3503
0.3341
0.3869
0.3917
0.3919
0.3924
0.3916
0.3924
0.3920
0.3948
0.3948
0.5853
0.3960
0.3935
0.5635
0.3932
0.3941
0.3933
0.5648
0.5645
0.3338
0.3331
0.5426
0.3929
0.3938
0.3942
0.3922
0.3930
0.3954
0.3962
0.3974
0.3932
0.3922
0.3933
0.3930
0.3949
0.3987
0.3958
0.5684
0.3921
0.3915
0.5666
0.3340
0.3741
0.3939
0.3938
0.3942
0.5963
0.3991
0.5643
0.3924
0.5703
0.5572
0.3936
0.3926
0.5144
0.3337
0.5794
0.3953
0.3961
0.5723
0.5630
0.3938
0.5657
0.5691
0.3347
0.3324
0.5764
0.4054
0.3935
0.3957
0.3965
0.3903
0.3929
0.3907
0.3904
0.5585
0.5554
0.3927
0.3470
0.3326
0.3694
0.3935
0.3945
0.3944
0.3959
0.3937
0.3922
0.5737
0.5676
0.5679
0.3915
0.3936
0.3932
0.5708
0.4920
0.5779
0.5769
0.5630
0.3931
0.5612
0.3973
0.5664
0.3346
0.3326
0.5438
0.5611
0.5609
0.3969
0.5665
0.5669
0.5615
0.3329
0.3598
0.3928
0.3914
0.3912
0.3913
0.3916
0.5811
0.3934
0.3936
0.3929
0.3966
0.3971
0.3919
0.3925
0.3924
0.5658
0.3991
0.5613
0.3336
0.3326
0.3901
0.3924
0.5650
0.3941
0.3940
0.3957
0.3961
0.3925
0.3927
0.3914
0.3909
0.3946
0.3962
0.3962
0.3942
0.3952
0.3923
0.3911
0.3934
0.5636
0.3766
0.3356
0.4947
0.5937
0.3936
0.5597
0.3928
0.3928
0.5649
0.3924
0.3923
0.3907
0.3913
0.5554
0.3333
0.5163
0.3927
0.5578
0.5675
0.5624
0.3927
0.5621
0.3920
0.3916
0.3786
0.3340
0.3585
0.3933
0.5834
0.5693
0.5658
0.3943
0.5539
0.3925
0.3916
0.5598
0.3345
0.3320
0.5400
0.3938
0.5616
0.5596
0.3929
0.5658
0.3925
0.5766
0.3958
0.5015
0.5472
0.4098
0.3920
0.3932
0.3922
0.3993
0.4001
0.5695
0.4068
0.3960
0.3980
0.3965
0.3929
0.3928
0.3808
0.3339
0.3326
0.3873
0.3928
0.3966
0.5681
0.5667
0.3951
0.3929
0.3936
0.3955
0.3961
0.3931
0.5674
0.5681
0.3330
0.4933
0.4148
0.3949
0.3936
0.3924
0.3930
0.3952
0.3928
0.5615
0.5650
0.5692
0.3330
0.5223
0.5686
0.3927
0.3940
0.3930
0.3918
0.3923
0.3933
0.3933
0.3917
0.3951
0.3985
0.3932
0.3919
0.3921
0.3921
0.3936
0.3923
0.3922
0.3961
0.3931
0.3920
0.3998
0.3934
0.5665
0.4923
0.5849
0.4013
0.3939
0.3946
0.3932
0.5648
0.3953
0.3961
0.3957
0.3953
0.3918
0.3921
0.3915
0.3922
0.3805
0.3310
0.3322
0.3680
0.3924
0.3931
0.3931
0.3938
0.3962
0.3937
0.3932
0.3956
0.3942
0.3951
0.3954
0.3937
0.3942
0.5689
0.3942
0.5652
0.5596
0.3325
0.3447
0.3906
0.5914
0.4058
0.5581
0.5632
0.3950
0.5666
0.3948
0.3952
0.3847
0.3318
0.3318
0.3921
0.5733
0.3944
0.5593
0.3921
0.3936
0.3923
0.5717
0.3940
0.3931
0.3945
0.3951
0.3934
0.3930
0.3960
0.3916
0.3602
0.3332
0.3454
0.3928
0.3929
0.3937
0.3949
0.3962
0.3924
0.3913
0.3929
0.3918
0.3913
0.3914
0.4103
0.3961
0.3924
0.3940
0.3965
0.3930
0.3929
0.3927
0.3923
0.3925
0.3974
0.3951
0.3931
0.3914
0.3926
0.3922
0.3915
0.3793
0.3311
0.3349
0.3973
0.3932
0.3921
0.3926
0.3926
0.3924
0.3936
0.3923
0.3926
0.3934
0.3931
0.3923
0.3917
0.3921
0.3975
0.3961
0.3943
0.3935
0.3913
0.3928
0.3930
0.3924
0.3920
0.3965
0.3934
0.3922
0.3940
0.3945
0.3929
0.3450
0.3360
0.3916
0.3923
0.3914
0.5891
0.4016
0.3936
0.3930
0.3925
0.3928
0.3920
0.3928
0.3932
0.3983
0.3936
0.3947
0.3922
0.3931
0.3940
0.3951
0.3929
0.3871
0.3325
0.3325
0.3676
0.3911
0.3928
0.3937
0.3931
0.3934
0.3921
0.3918
0.3925
0.3924
0.3944
0.5767
0.5609
0.5661
0.3937
0.3929
0.3924
0.3363
0.3370
0.3916
0.3937
0.3933
0.3931
0.5848
0.4007
0.3933
0.3941
0.3958
0.3951
0.3957
0.3924
0.3917
0.3908
0.3919
0.3934
0.3919
0.3951
0.3923
0.3930
0.3977
0.3857
0.3371
0.3541
0.4012
0.4030
0.3990
0.3964
0.3977
0.4026
0.5718
0.3947
0.5631
0.3966
0.3919
0.3932
0.3942
0.3925
0.3929
0.3911
0.3921
0.5681
0.3351
0.3336
0.3952
0.3956
0.3941
0.3930
0.3921
0.6017
0.3947
0.5631
0.3954
0.3921
0.3963
0.3925
0.3925
0.3949
0.3947
0.4006
0.3933
0.3929
0.5671
0.3390
0.3462
0.3943
0.3934
0.3932
0.3927
0.3922
0.3939
0.3953
0.3908
0.3931
0.3924
0.3937
0.3955
0.3939
0.3940
0.3940
0.3957
0.3930
0.3931
0.3926
0.4009
0.3928
0.3933
0.5706
0.5639
0.3319
0.3603
0.5841
0.4085
0.5678
0.3924
0.5584
0.4006
0.3921
0.5564
0.3914
0.3331
0.3335
0.3582
0.3966
0.3941
0.3951
0.3925
0.3923
0.3916
0.3931
0.3908
0.3944
0.3941
0.3926
0.3933
0.3933
0.3925
0.3935
0.3945
0.3996
0.3956
0.3923
0.3930
0.3951
0.3946
0.3942
0.3928
0.3920
0.3935
0.3948
0.3958
0.3731
0.3321
0.3590
0.3931
0.5812
0.4047
0.3934
0.3921
0.3921
0.3923
0.3917
0.3933
0.3920
0.3931
0.3944
0.3914
0.3932
0.5728
0.3928
0.3332
0.3315
0.3819
0.3944
0.5649
0.3937
0.5678
0.3925
0.5595
0.3941
0.3910
0.3907
0.3915
0.3950
0.3934
0.5635
0.3322
0.3337
0.3809
0.5924
0.4081
0.3938
0.3940
0.3932
0.3929
0.3925
0.3935
0.5651
0.3930
0.5711
0.3839
0.3324
0.3450
0.3966
0.3939
0.3936
0.5674
0.3942
0.3920
0.3917
0.3929
0.5641
0.3929
0.5690
0.3942
0.3958
0.3931
0.3931
0.3945
0.3689
0.3338
0.3698
0.5884
0.4063
0.5613
0.3962
0.3988
0.3949
0.3915
0.3927
0.3916
0.3924
0.5646
0.5618
0.3337
0.3338
0.3849
0.3933
0.3919
0.3919
0.3927
0.3926
0.3961
0.3947
0.3932
0.3923
0.5710
0.3940
0.3927
0.3922
0.5760
0.3986
0.3993
0.3946
0.3938
0.3919
0.3779
0.3332
0.3497
0.3922
0.3917
0.5923
0.3982
0.3918
0.5539
0.3963
0.3938
0.3923
0.3927
0.3913
0.5699
0.3966
0.5348
0.3348
0.3625
0.3932
0.3929
0.3929
0.3920
0.3922
0.3914
0.3997
0.3935
0.3932
0.3942
0.3967
0.3941
0.3961
0.3937
0.3934
0.3923
0.3930
0.3927
0.3915
0.3921
0.3958
0.3978
0.3985
0.3958
0.3944
0.3944
0.3930
0.3946
0.3487
0.3372
0.3549
0.3933
0.3981
0.3960
0.3925
0.3970
0.6099
0.5675
0.4015
0.5713
0.4001
0.3956
0.3970
0.3980
0.3964
0.4004
0.3504
0.3385
0.3621
0.3980
0.3992
0.3971
0.5724
0.3958
0.3945
0.3957
0.3962
0.3965
0.4077
0.4070
0.4024
0.3981
0.3960
0.3977
0.3963
0.3968
0.3981
0.3978
0.3975
0.3996
0.3884
0.3374
0.3363
0.5837
0.4073
0.5740
0.3944
0.3944
0.3943
0.3934
0.3947
0.3938
0.3951
0.3940
0.3943
0.5616
0.3331
0.3338
0.5520
0.3953
0.3948
0.3992
0.4014
0.3939
0.3954
0.3946
0.3968
0.3951
0.3942
0.3933
0.3927
0.3942
0.3948
0.3970
0.3962
0.3945
0.3930
0.3924
0.3934
0.3933
0.3945
0.4004
0.3804
0.3351
0.3588
0.3949
0.3936
0.3943
0.3941
0.3957
0.3994
0.3957
0.4010
0.4117
0.4018
0.3957
0.3953
0.3965
0.3978
0.3977
0.3963
0.3946
0.3951
0.3957
0.3956
0.3955
0.3941
0.3957
0.3987
0.3986
0.5168
0.3350
0.5381
0.3959
0.3943
0.3948
0.3958
0.3950
0.3938
0.3937
0.3938
0.3953
0.3976
0.5665
0.5644
0.5654
0.4921
0.3799
0.3962
0.4003
0.3949
0.3970
0.3953
0.3934
0.3932
0.3935
0.3939
0.4149
0.3950
0.3929
0.3921
0.3941
0.3926
0.3952
0.3964
0.3957
0.3927
0.3928
0.3962
0.3949
0.3932
0.3931
0.3977
0.5622
0.3413
0.5205
0.4075
0.3965
0.3988
0.3950
0.4000
0.4016
0.3960
0.3995
0.3955
0.5837
0.3991
0.3948
0.3955
0.3950
0.3941
0.3925
0.3908
0.3950
0.3922
0.3316
0.3327
0.3780
0.5894
0.4056
0.3952
0.3979
0.3950
0.3944
0.5812
0.3980
0.3953
0.3948
0.5695
0.3371
0.3348
0.3714
0.3944
0.4006
0.3994
0.3966
0.3952
0.5638
0.3942
0.3946
0.3947
0.3956
0.4044
0.4029
0.3994
0.3950
0.3957
0.3952
0.3945
0.3954
0.3954
0.3947
0.3979
0.3973
0.3671
0.3382
0.3665
0.3990
0.5935