0.0011773109436035156
0.002275705337524414
0.0014121532440185547
0.0
0.001745462417602539
0.0020227432250976562
0.0010974407196044922
0.0011632442474365234
0.002156496047973633
0.0010988712310791016
0.0013010501861572266
0.001005411148071289
0.0010273456573486328
0.002020597457885742
0.0010824203491210938
0.001432180404663086
0.0012967586517333984
0.0013120174407958984
0.0006163120269775391
0.001283407211303711
0.001634359359741211
0.001008749008178711
0.0010018348693847656
0.001001596450805664
0.002002239227294922
0.0010101795196533203
0.0010924339294433594
0.0009999275207519531
0.002069234848022461
0.0007226467132568359
0.0010561943054199219
0.0010023117065429688
0.0011446475982666016
0.0010018348693847656
0.0010018348693847656
0.0010275840759277344
0.0010006427764892578
0.0020143985748291016
0.0010426044464111328
0.0010027885437011719
0.0011403560638427734
0.0014579296112060547
0.0010254383087158203
0.0010025501251220703
0.001504659652709961
0.0010385513305664062
0.0010018348693847656
0.0010046958923339844
0.00040268898010253906
0.0
0.0020058155059814453
0.0008790493011474609
0.0010073184967041016
0.001003265380859375
0.0
0.0026123523712158203
0.0
0.0
0.002239227294921875
0.0
0.0
0.0034017562866210938
0.0025713443756103516
0.0
0.002023935317993164
0.0007636547088623047
0.0010209083557128906
0.0010020732879638672
0.0010454654693603516
0.0
0.0
0.001005411148071289
0.001012563705444336
0.00145721435546875
0.000431060791015625
0.0024111270904541016
0.0
0.0030400753021240234
0.0010099411010742188
0.002518892288208008
0.0010120868682861328
0.0012004375457763672
0.0013325214385986328
0.0023140907287597656
0.00127410888671875
0.001283407211303711
0.001004934310913086
0.001249074935913086
0.001657724380493164
0.0
0.002053976058959961
0.0009386539459228516
0.0010194778442382812
0.0010018348693847656
0.0020089149475097656
0.001550436019897461
0.0010523796081542969
0.001298666000366211
0.0012390613555908203
0.0014486312866210938
0.0016999244689941406
0.0
0.001504659652709961
0.0013420581817626953
0.0010075569152832031
0.0020852088928222656
0.0
0.0
0.0
0.0
0.005556344985961914
0.0012562274932861328
0.0
0.0011751651763916016
0.0010037422180175781
0.0010020732879638672
0.001001596450805664
0.0010013580322265625
0.0010440349578857422
0.0012006759643554688
0.0014061927795410156
0.0
0.0020186901092529297
0.0005068778991699219
0.002012491226196289
0.0010008811950683594
0.0011377334594726562
0.001371622085571289
0.0017826557159423828
0.0012583732604980469
0.0010879039764404297
0.0010023117065429688
0.0010349750518798828
0.001001119613647461
0.0010159015655517578
0.0010008811950683594
0.0010251998901367188
0.0015056133270263672
0.0010097026824951172
0.0009999275207519531
0.0010008811950683594
0.0
0.0010001659393310547
0.0012645721435546875
0.001081705093383789
0.0010030269622802734
0.0010013580322265625
0.0010004043579101562
0.0
0.002154111862182617
0.0003261566162109375
0.0010726451873779297
0.0010023117065429688
0.001001596450805664
0.001001596450805664
0.0010013580322265625
0.0
0.0022897720336914062
0.0
0.002038717269897461
0.0
0.0020051002502441406
0.0
0.0020406246185302734
0.0
0.0024306774139404297
0.0005414485931396484
0.001943349838256836
0.001089334487915039
0.002025604248046875
0.0010190010070800781
0.0024297237396240234
0.0010385513305664062
0.0018000602722167969
0.0010221004486083984
0.0011608600616455078
0.0011928081512451172
0.0011620521545410156
0.0011577606201171875
0.0021889209747314453
0.0013606548309326172
0.0005049705505371094
0.0013287067413330078
0.0020592212677001953
0.0012362003326416016
0.00234222412109375
0.0010600090026855469
0.0018808841705322266
0.002020120620727539
0.0010001659393310547
0.0009996891021728516
0.0009999275207519531
0.0009999275207519531
0.0009999275207519531
0.001422882080078125
0.0026650428771972656
0.001043081283569336
0.0010042190551757812
0.0023450851440429688
0.0011320114135742188
0.0010023117065429688
0.001010894775390625
0.0
0.0015041828155517578
0.0010089874267578125
0.0018122196197509766
0.0
0.002195596694946289
0.0
0.002005338668823242
0.0011968612670898438
0.00033783912658691406
0.002797365188598633
0.00038886070251464844
0.0010538101196289062
0.0010161399841308594
0.0010039806365966797
0.0018711090087890625
0.0017447471618652344
0.0
0.002524852752685547
0.0010461807250976562
0.0018436908721923828
0.0
0.0
0.0027658939361572266
0.0
0.0020055770874023438
0.0014624595642089844
0.0012068748474121094
0.0010018348693847656
0.00109100341796875
0.0011324882507324219
0.0010819435119628906
0.0015065670013427734
0.0015075206756591797
0.0009930133819580078
0.001459360122680664
0.0003523826599121094
0.002290010452270508
0.0
0.002073049545288086
0.0
0.0020461082458496094
0.001833200454711914
0.002004861831665039
0.0
0.002006053924560547
0.0
0.00042557716369628906
0.0
0.0006968975067138672
0.0
0.0022497177124023438
0.0017306804656982422
0.0
0.00200653076171875
0.0
0.00200653076171875
0.0
0.0010058879852294922
0.002185344696044922
0.0
0.002005338668823242
0.0
0.0020055770874023438
0.0
0.001971721649169922
0.0015063285827636719
0.0011415481567382812
0.00030159950256347656
0.0
0.0020046234130859375
0.0008993148803710938
0.0020139217376708984
0.0014066696166992188
0.0010001659393310547
0.0013642311096191406
0.0019009113311767578
0.0012216567993164062
0.0
0.0020051002502441406
0.0
0.0
0.0010230541229248047
0.0019443035125732422
0.0
0.0020172595977783203
0.001252889633178711
0.0
0.0010085105895996094
0.0010013580322265625
0.001996755599975586
0.0
0.002004861831665039
0.001005411148071289
0.0
0.002012968063354492
0.0006613731384277344
0.0
0.0
0.002839803695678711
0.0
0.002248525619506836
0.0008714199066162109
0.002051830291748047
0.0
0.0020051002502441406
0.0
0.0020055770874023438
0.0
0.0014934539794921875
0.0
0.001949310302734375
0.0007255077362060547
0.0
0.0025892257690429688
0.0016222000122070312
0.00047016143798828125
0.002005338668823242
0.0
0.0020067691802978516
0.0016443729400634766
0.00035262107849121094
0.0
0.002279996871948242
0.0007271766662597656
0.0
0.0017402172088623047
0.0011639595031738281
0.001394510269165039
0.001505136489868164
0.0
0.0023474693298339844
0.0
0.0010280609130859375
0.001001119613647461
0.00177001953125
0.0
0.0022466182708740234
0.0
0.0015058517456054688
0.0
0.002063274383544922
0.0
0.0033245086669921875
0.0
0.0
0.0008313655853271484
0.001932382583618164
0.0005130767822265625
0.0
0.0020058155059814453
0.0
0.0020058155059814453
0.0017514228820800781
0.0
0.0034651756286621094
0.0009131431579589844
0.0025756359100341797
0.0009996891021728516
0.0009992122650146484
0.0010001659393310547
0.0010001659393310547
0.0012502670288085938
0.0005855560302734375
0.0
0.0020062923431396484
0.0
0.0020055770874023438
0.0
0.0023059844970703125
0.0
0.002293109893798828
0.000400543212890625
0.0
0.002013683319091797
0.0011627674102783203
0.0019185543060302734
0.0
0.0020055770874023438
0.0
0.002005338668823242
0.0
0.001004934310913086
0.0
0.003506183624267578
0.0006544589996337891
0.0
0.0020399093627929688
0.002701997756958008
0.0011386871337890625
0.0005052089691162109
0.0
0.002005338668823242
0.0
0.0020051002502441406
0.0
0.0
0.0036437511444091797
0.0
0.0
0.0020058155059814453
0.0017406940460205078
0.002476930618286133
0.0010077953338623047
0.0010161399841308594
0.0
0.002003908157348633
0.0015401840209960938
0.0
0.0020151138305664062
0.0
0.002006053924560547
0.0
0.002006053924560547
0.0
0.00200653076171875
0.0
0.00200653076171875
0.000698089599609375
0.002006053924560547
0.002007007598876953
0.0016493797302246094
0.0012164115905761719
0.0
0.0025119781494140625
0.0
0.0020143985748291016
0.0
0.0
0.002005338668823242
0.0
0.0020058155059814453
0.0026705265045166016
0.0010676383972167969
0.0
0.0
0.0
0.0
0.006835460662841797
0.0020906925201416016
0.0021028518676757812
0.0
0.002006053924560547
0.0
0.001939535140991211
0.0010104179382324219
0.002368450164794922
0.0015716552734375
0.0015037059783935547
0.0
0.002641439437866211
0.0014319419860839844
0.001619577407836914
0.001007080078125
0.0010018348693847656
0.0010001659393310547
0.0010440349578857422
0.0015022754669189453
0.0
0.0020051002502441406
0.0
0.002005338668823242
0.0
0.0020051002502441406
0.0
0.0015063285827636719
0.0
0.002315998077392578
0.00030541419982910156
0.0
0.0035142898559570312
0.0
0.002005338668823242
0.000982046127319336
0.0010042190551757812
0.0
0.0010352134704589844
0.0018939971923828125
0.0
0.002005338668823242
0.0
0.0
0.0020055770874023438
0.0
0.0020067691802978516
0.0010063648223876953
0.0
0.0020134449005126953
0.0012993812561035156
0.0
0.0022554397583007812
0.0017170906066894531
0.0003323554992675781
0.0016291141510009766
0.0005216598510742188
0.0
0.0020101070404052734
0.0020062923431396484
0.0
0.0
0.0020058155059814453
0.0
0.002713441848754883
0.0015056133270263672
0.0018720626831054688
0.00031447410583496094
0.0020051002502441406
0.0
0.0020051002502441406
0.0
0.0
0.0
0.0036211013793945312
0.0
0.002258777618408203
0.0
0.0009462833404541016
0.002902984619140625
0.0010442733764648438
0.0
0.0015048980712890625
0.0021555423736572266
0.0
0.0
0.0021028518676757812
0.0
0.002005338668823242
0.0020058155059814453
0.0
0.0015065670013427734
0.0
0.002014636993408203
0.0011703968048095703
0.0016968250274658203
0.0018968582153320312
0.00045013427734375
0.002005338668823242
0.0010051727294921875
0.0
0.002371072769165039
0.0010223388671875
0.001004934310913086
0.0009999275207519531
0.0011022090911865234
0.0010020732879638672
0.002396106719970703
0.0
0.0020210742950439453
0.0012521743774414062
0.0010020732879638672
0.0010020732879638672
0.0009937286376953125
0.0
0.0
0.0015060901641845703
0.0
0.0
0.0020134449005126953
0.002005338668823242
0.0
0.0020055770874023438
0.0015087127685546875
0.0
0.0020062923431396484
0.0005068778991699219
0.002032756805419922
0.00044465065002441406
0.0
0.0017406940460205078
0.0
0.0020046234130859375
0.0
0.0020058155059814453
0.0
0.002006053924560547
0.0
0.0
0.0025110244750976562
0.002634763717651367
0.0
0.0020062923431396484
0.0007138252258300781
0.0
0.0020182132720947266
0.0
0.0
0.0
0.0
0.0
0.005759716033935547
0.0
0.0020051002502441406
0.001524209976196289
0.0007598400115966797
0.0
0.002012491226196289
0.0005359649658203125
0.0010080337524414062
0.0017824172973632812
0.0
0.0
0.0
0.0
0.004681587219238281
0.0
0.0021238327026367188
0.0
0.002193927764892578
0.0011050701141357422
0.0010082721710205078
0.0010313987731933594
0.002373218536376953
0.0
0.002034425735473633
0.0
0.0
0.0020051002502441406
0.0
0.0
0.0037992000579833984
0.0007963180541992188
0.0
0.0015053749084472656
0.00202178955078125
0.00041985511779785156
0.0020058155059814453
0.001750946044921875
0.0010099411010742188
0.0
0.0010018348693847656
0.0018596649169921875
0.0
0.0020384788513183594
0.0
0.002005338668823242
0.0
0.0023686885833740234
0.0010118484497070312
0.0021567344665527344
0.0009369850158691406
0.0020952224731445312
0.0009481906890869141
0.0020055770874023438
0.0
0.0
0.0020058155059814453
0.0
0.0025055408477783203
0.0
0.0020182132720947266
0.0
0.0017857551574707031
0.0006198883056640625
0.0
0.003217458724975586
0.0
0.0022192001342773438
0.0
0.0
0.0020296573638916016
0.0020055770874023438
0.0
0.002607583999633789
0.0
0.0020055770874023438
0.0008068084716796875
0.0013301372528076172
0.0
0.0034873485565185547
0.0
0.0011472702026367188
0.0010080337524414062
0.0017292499542236328
0.0011878013610839844
0.0
0.0020194053649902344
0.0
0.0
0.0020046234130859375
0.0020051002502441406
0.0
0.0020055770874023438
0.0
0.0017168521881103516
0.0012843608856201172
0.0010075569152832031
0.0009860992431640625
0.0
0.0
0.0
0.0
0.0
0.00701451301574707
0.0010151863098144531
0.0
0.0010471343994140625
0.0010013580322265625
0.0010159015655517578
0.0010113716125488281
0.0017535686492919922
0.0
0.00153350830078125
0.001007080078125
0.0010004043579101562
0.0011067390441894531
0.0010018348693847656
0.0010573863983154297
0.0020058155059814453
0.0020062923431396484
0.0
0.0
0.0023698806762695312
0.0015442371368408203
0.0
0.002005338668823242
0.0011014938354492188
0.0010082721710205078
0.0010018348693847656
0.0009207725524902344
0.0017647743225097656
0.0014865398406982422
0.0
0.0
0.0037484169006347656
0.0010251998901367188
0.0010023117065429688
0.0010151863098144531
0.0012545585632324219
0.0
0.002568960189819336
0.0008368492126464844
0.0
0.0020051002502441406
0.0
0.0020051002502441406
0.0011296272277832031
0.0003247261047363281
0.0
0.002960205078125
0.0
0.0015034675598144531
0.001007080078125
0.0010013580322265625
0.0003101825714111328
0.0
0.0027942657470703125
0.0010874271392822266
0.0010023117065429688
0.0
0.0
0.0019071102142333984
0.0
0.0020055770874023438
0.0
0.0020058155059814453
0.0
0.0020055770874023438
0.0
0.0020062923431396484
0.0
0.0020148754119873047
0.0003285408020019531
0.0012652873992919922
0.001007080078125
0.0018343925476074219
0.0
0.00200653076171875
0.0015053749084472656
0.0
0.0020172595977783203
0.0
0.0020055770874023438
0.0
0.0
0.002005338668823242
0.0
0.0020058155059814453
0.0020339488983154297
0.0
0.002177000045776367
0.0
0.002005338668823242
0.0
0.002005338668823242
0.0
0.0020055770874023438
0.0
0.0015053749084472656
0.0004296302795410156
0.0015299320220947266
0.0016913414001464844
0.0011286735534667969
0.0010225772857666016
0.0
0.0010020732879638672
0.0010013580322265625
0.0010027885437011719
0.0
0.0025224685668945312
0.0006816387176513672
0.0
0.0022308826446533203
0.0
0.0020051002502441406
0.0
0.002005338668823242
0.0
0.00200653076171875
0.0
0.0
0.0028684139251708984
0.0
0.0026674270629882812
0.0
0.0020051002502441406
0.0
0.0
0.0025048255920410156
0.0
0.0
0.0
0.004147529602050781
0.0012388229370117188
0.001007080078125
0.001010894775390625
0.001149892807006836
0.0015056133270263672
0.0
0.0
0.0
0.0010001659393310547
0.0010001659393310547
0.0018334388732910156
0.0
0.00200653076171875
0.0
0.0020051002502441406
0.0
0.0020797252655029297
0.0
0.002391338348388672
0.0
0.0015022754669189453
0.001007080078125
0.0010251998901367188
0.0010020732879638672
0.0
0.0
0.0021724700927734375
0.0
0.0020062923431396484
0.0
0.0021295547485351562
0.0
0.002669095993041992
0.0010051727294921875
0.0004076957702636719
0.0010075569152832031
0.0014979839324951172
0.001348257064819336
0.0010368824005126953
0.0010020732879638672
0.0010144710540771484
0.0010170936584472656
0.0
0.001504659652709961
0.0015425682067871094
0.0
0.0022246837615966797
0.0
0.0
0.002004861831665039
0.0
0.002004861831665039
0.0
0.0025060176849365234
0.0
0.0018246173858642578
0.0
0.0024619102478027344
0.0
0.00200653076171875
0.0
0.002006053924560547
0.0
0.0015044212341308594
0.0
0.002025127410888672
0.0
0.0020055770874023438
0.0011212825775146484
0.0013000965118408203
0.0010180473327636719
0.001497030258178711
0.0015053749084472656
0.0
0.0
0.0
0.0
0.002005338668823242
0.0
0.002005338668823242
0.0
0.002006053924560547
0.0018799304962158203
0.0016541481018066406
0.0015888214111328125
0.0010733604431152344
0.0
0.001016378402709961
0.0010025501251220703
0.001009225845336914
0.0018229484558105469
0.0006372928619384766
0.001287221908569336
0.0017223358154296875
0.0
0.0030870437622070312
0.00110626220703125
0.0011043548583984375
0.0015053749084472656
0.0010135173797607422
0.001089334487915039
0.0016856193542480469
0.0
0.0
0.002005338668823242
0.0
0.0020055770874023438
0.0013675689697265625
0.0012938976287841797
0.0
0.0015263557434082031
0.0015354156494140625
0.001008749008178711
0.0010309219360351562
0.0010225772857666016
0.0008943080902099609
0.002006053924560547
0.0005052089691162109
0.0
0.002012968063354492
0.0
0.0020051002502441406
0.0
0.0020055770874023438
0.0
0.0023381710052490234
0.0007164478302001953
0.001004934310913086
0.0009517669677734375
0.0
0.00033736228942871094
0.0010111331939697266
0.0010132789611816406
0.001001596450805664
0.0010111331939697266
0.00087738037109375
0.0015053749084472656
0.0
0.0
0.0020165443420410156
0.0
0.002004861831665039
0.0020055770874023438
0.0
0.0
0.0027697086334228516
0.0
0.001589059829711914
0.0016713142395019531
0.0
0.002240896224975586
0.0
0.0020055770874023438
0.0
0.0020051002502441406
0.0015063285827636719
0.0
0.0
0.0020132064819335938
0.0013234615325927734
0.0
0.0029556751251220703
0.0012989044189453125
0.0010139942169189453
0.001505136489868164
0.001073598861694336
0.0010118484497070312
0.0
0.0020093917846679688
0.0005021095275878906
0.0
0.0020051002502441406
0.0
0.0020055770874023438
0.0015063285827636719
0.0