0.019384384155273438
0.018759965896606445
0.018843650817871094
0.02879953384399414
0.019046545028686523
0.018916606903076172
0.018899917602539062
0.025898456573486328
0.022139549255371094
0.021005630493164062
0.01889181137084961
0.01901698112487793
0.02565622329711914
0.020114421844482422
0.018823862075805664
0.018797874450683594
0.021521806716918945
0.01890254020690918
0.018954992294311523
0.018889427185058594
0.019028663635253906
0.020351648330688477
0.030829668045043945
0.018908023834228516
0.018882036209106445
0.01857447624206543
0.01926708221435547
0.02702498435974121
0.019317626953125
0.018690824508666992
0.01874685287475586
0.021738529205322266
0.02881908416748047
0.019060850143432617
0.018883705139160156
0.02095317840576172
0.027185678482055664
0.01872873306274414
0.020628690719604492
0.01869940757751465
0.01876688003540039
0.029407978057861328
0.018963098526000977
0.018830060958862305
0.01883101463317871
0.02367711067199707
0.025873661041259766
0.01990962028503418
0.018988847732543945
0.019020557403564453
0.02832341194152832
0.01930546760559082
0.018787860870361328
0.018738269805908203
0.018714189529418945
0.025596141815185547
0.018932580947875977
0.018748044967651367
0.018820762634277344
0.018722057342529297
0.030635356903076172
0.018941402435302734
0.018843650817871094
0.018725872039794922
0.020330429077148438
0.0288999080657959
0.018828868865966797
0.01871037483215332
0.018750905990600586
0.024333477020263672
0.01994609832763672
0.018811464309692383
0.01874995231628418
0.018672466278076172
0.02710127830505371
0.17118453979492188
0.028772830963134766
0.02024364471435547
0.018756389617919922
0.018737316131591797
0.018694639205932617
0.024556875228881836
0.023915529251098633
0.019020557403564453
0.018994808197021484
0.019008398056030273
0.02761387825012207
0.018895626068115234
0.01869034767150879
0.018643856048583984
0.019270658493041992
0.026818037033081055
0.0186922550201416
0.02086496353149414
0.019036531448364258
0.024554014205932617
0.02088332176208496
0.018654823303222656
0.020651817321777344
0.01865696907043457
0.028481483459472656
0.019356250762939453
0.01886439323425293
0.01870107650756836
0.01897144317626953
0.027387619018554688
0.0193328857421875
0.018863916397094727
0.018741130828857422
0.018827199935913086
0.028818607330322266
0.018724918365478516
0.01873183250427246
0.018666505813598633
0.019687414169311523
0.027322053909301758
0.01912665367126465
0.018771648406982422
0.021326541900634766
0.029768705368041992
0.022901535034179688
0.018819570541381836
0.018700361251831055
0.01886129379272461
0.025554656982421875
0.018752336502075195
0.01872730255126953
0.01873326301574707
0.01863408088684082
0.0202023983001709
0.15604090690612793
0.01949024200439453
0.0308382511138916
0.019295454025268555