0.05850410461425781
0.05782175064086914
0.05762052536010742
0.058612823486328125
0.0580136775970459
0.05879569053649902
0.05836796760559082
0.05800151824951172
0.0579833984375
0.058548927307128906
0.05786895751953125
0.05783581733703613
0.05839419364929199
0.05865764617919922
0.05863142013549805
0.058504581451416016
0.05827021598815918
0.0582125186920166
0.05811262130737305
0.05836629867553711
0.06000661849975586
0.05768752098083496
0.05766868591308594
0.05756688117980957
0.05779671669006348
0.057651519775390625
0.058159828186035156
0.057750701904296875
0.0596003532409668
0.05827212333679199
0.058799028396606445
0.05774044990539551
0.05859231948852539
0.05798912048339844
0.05869913101196289
0.14864325523376465
0.05856513977050781
0.05815720558166504
0.058580875396728516
0.06314325332641602
0.0610966682434082
0.05833888053894043
0.05995941162109375
0.05810546875
0.058268070220947266
0.05822920799255371
0.05791211128234863
0.057521820068359375
0.058197975158691406
0.05844306945800781
0.05848503112792969
0.058245182037353516
0.05825400352478027
0.05823922157287598
0.05818343162536621
0.05818009376525879
0.05889463424682617
0.058707237243652344
0.057961463928222656
0.05762338638305664
0.05895829200744629
0.058075666427612305
0.05865001678466797
0.05830192565917969
0.057884931564331055
0.05765175819396973
0.05768108367919922
0.05767226219177246
0.058441162109375
0.05865192413330078
0.06152820587158203
0.058380842208862305
0.05865001678466797
0.058304548263549805
0.1469724178314209
0.05877971649169922
0.0583646297454834
0.05808377265930176
0.05816149711608887
0.05771660804748535
0.057688236236572266
0.05904507637023926
0.05858111381530762
0.05841946601867676
0.05835986137390137
0.05859541893005371
0.0586850643157959
0.05949902534484863
0.058678388595581055
0.05790066719055176
0.05760931968688965
0.05881237983703613
0.059747934341430664
0.05898880958557129
0.06093001365661621
0.05765271186828613
0.05765485763549805
0.058344364166259766
0.05812525749206543
0.05940675735473633
0.058652400970458984
0.05851340293884277
0.05828118324279785
0.058191537857055664
0.05870389938354492
0.05827450752258301
0.05825209617614746
0.05804800987243652
0.05815267562866211
0.058467864990234375
0.05860471725463867
0.05818510055541992
0.05817985534667969
0.150496244430542
0.05949735641479492
0.05831265449523926
0.05833029747009277
0.06008410453796387
0.05759692192077637
0.05988049507141113
0.05776047706604004
0.05757641792297363
0.0575709342956543
0.057573556900024414
0.05781054496765137
0.05757927894592285
0.0586550235748291
0.057643890380859375
0.05748295783996582
0.05735135078430176
0.05738973617553711
0.05766105651855469
0.0575711727142334
0.060941219329833984
0.05882835388183594
0.05809283256530762
0.05756020545959473
0.057566165924072266
0.0580143928527832
0.05861067771911621
0.058472633361816406
0.060076236724853516
0.05861663818359375
0.057715415954589844
0.058879852294921875
0.05919170379638672
0.05956101417541504
0.05788564682006836
0.05828499794006348
0.05847287178039551
0.05856156349182129
0.0582118034362793
0.1419217586517334
0.05946230888366699
0.057890892028808594
0.058142662048339844
0.05781674385070801
0.057776689529418945
0.05997276306152344
0.059464216232299805
0.05776786804199219
0.05845022201538086
0.06170201301574707
0.05980992317199707
0.05946469306945801
0.058603763580322266
0.05920052528381348
0.05802464485168457
0.05829620361328125
0.058580636978149414
0.05850720405578613
0.058492422103881836
0.0583806037902832
0.05841779708862305
0.058193206787109375
0.05856132507324219
0.058492183685302734
0.05798625946044922
0.058521270751953125
0.058591365814208984
0.05901336669921875
0.05872368812561035
0.05813097953796387
0.05915045738220215
0.06085467338562012
0.05865979194641113
0.05869722366333008
0.058602333068847656
0.05918312072753906
0.060495615005493164
0.05973362922668457
0.05832219123840332
0.1405200958251953
0.05873298645019531
0.05935955047607422
0.05969858169555664
0.05810904502868652
0.05853462219238281
0.057908058166503906
0.058925628662109375
0.05884814262390137
0.05879974365234375
0.05794239044189453
0.05808734893798828
0.0586397647857666
0.06818985939025879
0.05885195732116699
0.05813479423522949
0.05788087844848633
0.05838513374328613
0.05814313888549805
0.05841350555419922
0.05841875076293945
0.05882620811462402
0.05902671813964844
0.05856728553771973
0.05811619758605957
0.05860781669616699
0.05892038345336914
0.05853128433227539
0.05791115760803223
0.058019399642944336
0.05810403823852539
0.06099295616149902
0.059044599533081055
0.06002688407897949
0.05796313285827637
0.060094594955444336
0.05899810791015625
0.05910181999206543
0.05887889862060547
0.14940786361694336
0.058080196380615234
0.05837368965148926
0.0576024055480957
0.05748796463012695
0.05789685249328613
0.058965444564819336
0.06011176109313965
0.0587611198425293
0.05828547477722168
0.05810427665710449
0.060002803802490234
0.05768132209777832
0.05778932571411133
0.05770158767700195
0.05826592445373535
0.05838322639465332
0.0585784912109375
0.058622121810913086
0.05844616889953613
0.05909013748168945
0.06186246871948242
0.05834197998046875
0.05843806266784668
0.05855441093444824
0.059285879135131836
0.05939030647277832
0.059775352478027344
0.05845236778259277
0.05851411819458008
0.0583798885345459
0.05853438377380371
0.05867886543273926
0.06019306182861328
0.05840182304382324
0.05998706817626953
0.05872368812561035
0.058336734771728516
0.05842185020446777
0.14848828315734863
0.058573007583618164
0.05846834182739258
0.05854153633117676
0.0588223934173584
0.05840015411376953
0.05855727195739746
0.05814814567565918
0.057955026626586914
0.057940006256103516
0.05829000473022461
0.057877540588378906
0.058374643325805664
0.05866813659667969
0.058538198471069336
0.05831432342529297
0.05891156196594238
0.05864572525024414
0.05898261070251465
0.05873250961303711
0.059783935546875
0.058562278747558594
0.05837297439575195
0.058489084243774414
0.058901071548461914
0.05931854248046875
0.05862855911254883
0.06095123291015625
0.05892610549926758
0.05887103080749512
0.05872058868408203
0.059142112731933594
0.0602259635925293
0.05768537521362305
0.059461116790771484
0.05784869194030762
0.05999183654785156
0.05857110023498535
0.05887007713317871
0.15806031227111816
0.05835723876953125
0.05863022804260254
0.0591740608215332
0.05878591537475586
0.0582888126373291
0.05811047554016113
0.05809617042541504
0.05799579620361328
0.058199405670166016
0.05841183662414551
0.06057548522949219
0.05790877342224121
0.060546875
0.058099985122680664
0.058243751525878906
0.059243202209472656
0.05864834785461426
0.05849289894104004
0.05827784538269043
0.059117794036865234
0.05862855911254883
0.057984352111816406
0.05787539482116699
0.05773282051086426
0.05857658386230469
0.05856966972351074
0.05872750282287598
0.05872297286987305
0.0581507682800293
0.058100223541259766
0.058097124099731445
0.06037259101867676
0.058164119720458984
0.06093335151672363
0.058187246322631836
0.058164119720458984
0.05859208106994629
0.05843925476074219
0.1411130428314209
0.0589604377746582
0.0583193302154541
0.05820035934448242
0.05823874473571777
0.058573007583618164
0.058450937271118164
0.05952334403991699
0.06092429161071777
0.05823659896850586
0.05864548683166504
0.05881476402282715
0.05815696716308594
0.058228492736816406
0.058191776275634766
0.0583956241607666
0.05836987495422363
0.05852913856506348
0.05868196487426758
0.05828452110290527
0.058670759201049805
0.05817842483520508
0.06295323371887207
0.059172630310058594
0.058173418045043945
0.0582120418548584
0.058053016662597656
0.058304548263549805
0.059042930603027344
0.05885791778564453
0.05804920196533203
0.05830526351928711
0.058422088623046875
0.059601545333862305
0.06283211708068848
0.06509566307067871
0.06033039093017578
0.060164690017700195
0.058661699295043945
0.13843822479248047
0.05950498580932617
0.05829572677612305
0.05850481986999512
0.05794525146484375
0.057770490646362305
0.05788469314575195
0.057474613189697266
0.057840824127197266
0.05765986442565918
0.057745933532714844
0.05773520469665527
0.05766487121582031
0.05782723426818848
0.06253385543823242
0.05787205696105957
0.0583951473236084
0.05831599235534668
0.0582425594329834
0.060413360595703125
0.05782771110534668
0.0577545166015625
0.057831764221191406
0.05774998664855957
0.05973052978515625
0.05827164649963379
0.05763530731201172
0.05772066116333008
0.05883026123046875
0.05866527557373047
0.058470964431762695
0.05813956260681152
0.05814075469970703
0.05828142166137695
0.05840778350830078
0.05975747108459473
0.05836009979248047
0.058450937271118164
0.058320045471191406
0.14846229553222656
0.05830240249633789
0.0582585334777832
0.058115482330322266
0.05843162536621094
0.05816149711608887
0.05811047554016113
0.05823254585266113
0.058112144470214844
0.05872631072998047
0.058513641357421875
0.0583493709564209
0.05833554267883301
0.058957576751708984
0.05922126770019531
0.05861496925354004
0.0577085018157959
0.05778050422668457
0.0583033561706543
0.05759143829345703
0.058185577392578125
0.05829882621765137
0.05813908576965332
0.05812859535217285
0.05837726593017578
0.058135986328125
0.05841493606567383
0.05981254577636719
0.05772280693054199
0.05998086929321289
0.05736184120178223
0.05756425857543945
0.05811572074890137
0.05941033363342285
0.05880618095397949
0.05782508850097656
0.05779409408569336
0.05746626853942871
0.05764150619506836
0.14595985412597656
0.05873513221740723
0.05840301513671875
0.05816531181335449
0.05884146690368652
0.05893683433532715
0.059033870697021484
0.058741092681884766
0.058573246002197266
0.057865142822265625
0.060350894927978516
0.05765700340270996
0.05843949317932129
0.06002473831176758
0.059966087341308594
0.05848264694213867
0.05881953239440918
0.05842113494873047
0.058325767517089844
0.058580875396728516
0.05828070640563965
0.05840897560119629
0.06019330024719238
0.058994293212890625
0.05836653709411621
0.058984994888305664
0.058754920959472656
0.05842137336730957
0.059067487716674805
0.05843687057495117
0.05841636657714844
0.05851268768310547
0.05821418762207031
0.05967211723327637
0.05870509147644043
0.059067487716674805
0.05806708335876465
0.05745339393615723
0.05875873565673828
0.14937710762023926
0.05996513366699219
0.058777570724487305
0.05813407897949219
0.05895423889160156
0.059480905532836914
0.06358695030212402
0.05869317054748535
0.058866024017333984
0.05869579315185547
0.058567047119140625
0.05853724479675293
0.058315277099609375
0.05835247039794922
0.05926156044006348
0.05955696105957031
0.06047630310058594
0.05808234214782715
0.05840635299682617
0.059172868728637695
0.05843329429626465
0.058388710021972656
0.0582575798034668
0.05791425704956055
0.05803990364074707
0.05783987045288086
0.05852174758911133
0.058449745178222656
0.05845141410827637
0.05878281593322754
0.05844569206237793
0.06033062934875488
0.06468319892883301
0.059314727783203125
0.05852913856506348
0.057900428771972656
0.05832242965698242
0.0585322380065918
0.06403326988220215
0.15878725051879883
0.059972524642944336
0.058274030685424805
0.05822873115539551
0.05808758735656738
0.057908058166503906
0.05863690376281738
0.058373212814331055
0.058535099029541016
0.0603482723236084
0.05853843688964844
0.058598995208740234
0.05823826789855957
0.05923128128051758
0.05856752395629883
0.05903506278991699
0.05857253074645996
0.058153629302978516
0.05805039405822754
0.057772159576416016
0.05783653259277344
0.0585784912109375
0.05832982063293457
0.0584261417388916
0.05835556983947754
0.05840492248535156
0.05853748321533203
0.05844402313232422
0.058249711990356445
0.05892205238342285
0.058302879333496094
0.06081390380859375
0.058373451232910156
0.05807137489318848
0.05778622627258301
0.05788111686706543
0.057828664779663086
0.05802202224731445
0.057813167572021484
0.05795645713806152
0.1411757469177246
0.058656930923461914
0.059095144271850586
0.058012962341308594
0.05787801742553711
0.05803823471069336
0.05854058265686035
0.05867338180541992
0.05806159973144531
0.061907052993774414
0.05884528160095215
0.05795884132385254
0.05795598030090332
0.05778050422668457
0.05775809288024902
0.058301687240600586
0.058594465255737305
0.05870842933654785
0.06102132797241211
0.05788540840148926
0.05901193618774414
0.05908370018005371
0.058522939682006836
0.05858182907104492
0.058057308197021484
0.05777263641357422
0.05789637565612793
0.05805015563964844
0.058393239974975586
0.05856609344482422
0.058563232421875
0.05851316452026367
0.058289289474487305
0.058474063873291016
0.058281898498535156
0.05793046951293945
0.0595245361328125
0.0584874153137207
0.06020188331604004
0.14717507362365723
0.08213353157043457
0.06054067611694336
0.05879616737365723
0.058670997619628906
0.05784964561462402
0.0586695671081543
0.05817055702209473
0.057950496673583984
0.0580291748046875
0.05822348594665527
0.058181047439575195
0.05950760841369629
0.058037757873535156
0.06162452697753906
0.05783247947692871
0.05887866020202637
0.05990314483642578
0.05844736099243164
0.05849719047546387
0.05805563926696777
0.05806255340576172
0.058800697326660156
0.058023929595947266
0.05773043632507324
0.058039188385009766
0.058020830154418945
0.05789685249328613
0.05777740478515625
0.059709787368774414
0.058431148529052734
0.05825304985046387
0.05841350555419922
0.05883145332336426
0.0585932731628418
0.058643341064453125
0.05867910385131836
0.05851864814758301
0.05783963203430176
0.14020156860351562
0.05890631675720215
0.05883359909057617
0.058535099029541016
0.058486223220825195
0.058162689208984375
0.060263872146606445
0.05772137641906738
0.05844545364379883
0.059207916259765625
0.05794811248779297
0.058016061782836914
0.0578455924987793
0.059033870697021484
0.058432579040527344
0.05822277069091797
0.05762767791748047
0.05779099464416504
0.06037473678588867
0.057831525802612305
0.060579538345336914
0.05837249755859375
0.05905604362487793
0.061980485916137695
0.05785036087036133
0.07674598693847656
0.060582876205444336
0.060332298278808594
0.05928611755371094
0.05997061729431152
0.05957984924316406
0.058667659759521484
0.0587611198425293
0.05868268013000488
0.0587611198425293
0.058875322341918945
0.05916404724121094
0.06148219108581543
0.05814623832702637
0.14406585693359375
0.0595860481262207
0.059041738510131836
0.06104612350463867
0.05885124206542969
0.05920243263244629
0.05960845947265625
0.059866905212402344
0.058825016021728516
0.05884218215942383
0.05965113639831543
0.059296607971191406
0.05904865264892578
0.059131622314453125
0.059766530990600586
0.05975675582885742
0.061007022857666016
0.059784650802612305
0.06036663055419922
0.05942654609680176
0.05972862243652344
0.05905413627624512
0.05865073204040527
0.0588831901550293
0.05883169174194336
0.06114363670349121
0.05910468101501465
0.05977058410644531
0.06180381774902344
0.05887460708618164
0.05888843536376953
0.05880570411682129
0.05884861946105957
0.05834388732910156
0.05838418006896973
0.05838894844055176
0.05842757225036621
0.058502912521362305
0.058280229568481445
0.15790605545043945
0.0613713264465332
0.059055328369140625
0.05901312828063965
0.05894112586975098
0.05920267105102539
0.059284210205078125
0.05936026573181152
0.05895686149597168
0.060321807861328125
0.06108522415161133
0.05834245681762695
0.058295249938964844
0.05838799476623535
0.05870389938354492
0.05961871147155762
0.058870792388916016
0.05907607078552246
0.05876350402832031
0.05894327163696289
0.05919241905212402
0.0591886043548584
0.05891299247741699
0.06117582321166992
0.06009197235107422
0.05962347984313965
0.058855295181274414
0.05891704559326172
0.0587613582611084
0.05884122848510742
0.05874276161193848
0.05894970893859863
0.058908700942993164
0.05925250053405762
0.05932211875915527
0.059565067291259766
0.05960583686828613
0.058757781982421875
0.05887889862060547
0.14954710006713867
0.05936121940612793
0.060568809509277344
0.05897068977355957
0.05898022651672363
0.05890989303588867
0.06013774871826172
0.05930495262145996
0.05880284309387207
0.05895829200744629
0.05858659744262695
0.05866122245788574
0.05927324295043945
0.059412240982055664
0.05909442901611328
0.05907249450683594
0.05902361869812012
0.05940890312194824
0.05872011184692383
0.05915522575378418
0.05973482131958008
0.05943465232849121
0.058882713317871094
0.05953860282897949
0.05890607833862305
0.0589139461517334
0.05899643898010254
0.05968070030212402
0.05872011184692383
0.059432029724121094
0.05888175964355469
0.058959007263183594
0.058832406997680664
0.05891704559326172
0.0588526725769043
0.05907559394836426
0.06051921844482422
0.059113502502441406
0.059243202209472656
0.15111994743347168
0.059320926666259766
0.059290170669555664
0.058972835540771484
0.05942368507385254
0.05953073501586914