0.1578502655029297
0.020097970962524414
0.020293712615966797
0.02007913589477539
0.020045995712280273
0.019991159439086914
0.019933700561523438
0.019837379455566406
0.0199432373046875
0.019935131072998047
0.019895315170288086
0.019760608673095703
0.020746231079101562
0.020071029663085938
0.01956343650817871
0.0197296142578125
0.019875526428222656
0.01974797248840332
0.019845247268676758
0.019782304763793945
0.019695043563842773
0.019809484481811523
0.019784927368164062
0.019683361053466797
0.019770145416259766
0.019823074340820312
0.019730806350708008
0.01971745491027832
0.01976943016052246
0.019685983657836914
0.019760847091674805
0.01972818374633789
0.019691944122314453
0.10343050956726074
0.022082090377807617
0.01995706558227539
0.019815683364868164
0.02015972137451172
0.019797563552856445
0.01984238624572754
0.019817590713500977
0.019817352294921875
0.019884109497070312
0.0198514461517334
0.019858121871948242
0.020108938217163086
0.020215988159179688
0.020679950714111328
0.02065753936767578
0.020574092864990234
0.020647287368774414
0.020711183547973633
0.020682096481323242
0.020750761032104492
0.02058553695678711
0.020685434341430664
0.02063918113708496
0.020472288131713867
0.020596981048583984
0.02055048942565918
0.020572662353515625
0.020582914352416992
0.0206148624420166
0.020583629608154297
0.020682573318481445
0.020660400390625
0.02051234245300293
0.020582914352416992
0.020493030548095703
0.023604393005371094
0.020667314529418945
0.02316141128540039
0.020678043365478516
0.02049565315246582
0.020648956298828125
0.02072763442993164
0.020534276962280273
0.020671367645263672
0.02064371109008789
0.020574331283569336
0.020662546157836914
0.02059769630432129
0.020545244216918945
0.02034139633178711
0.02057790756225586
0.02048325538635254
0.020740509033203125
0.020629167556762695
0.02056884765625
0.020525693893432617
0.020519018173217773
0.020622730255126953
0.02058863639831543
0.0205996036529541
0.02054762840270996
0.021001577377319336
0.022565364837646484
0.020545482635498047
0.020633459091186523
0.020654916763305664
0.020677566528320312
0.021187543869018555
0.02048492431640625
0.020641803741455078
0.02061915397644043
0.020606279373168945
0.020552873611450195
0.02057933807373047
0.020676136016845703
0.020504236221313477
0.021033287048339844
0.02065134048461914
0.020600318908691406
0.020745515823364258
0.0205533504486084
0.02063608169555664
0.020614147186279297
0.020473718643188477
0.020536184310913086
0.020702362060546875
0.02057957649230957
0.020720481872558594
0.02054572105407715
0.020579099655151367
0.020662546157836914
0.020518064498901367
0.020555973052978516
0.020720720291137695
0.12013888359069824
0.020876169204711914
0.02057337760925293
0.02057051658630371
0.020635604858398438
0.020751476287841797
0.02073192596435547
0.020752668380737305
0.020722389221191406
0.020633459091186523
0.02078700065612793
0.020653724670410156
0.02080702781677246
0.02064681053161621
0.0206606388092041
0.0206911563873291
0.020786046981811523
0.02073216438293457
0.020737409591674805
0.020562410354614258
0.020726442337036133
0.02059793472290039
0.02055191993713379
0.02068352699279785
0.02072310447692871
0.02077937126159668
0.02069830894470215
0.020620107650756836
0.02060842514038086
0.020575523376464844
0.020626544952392578
0.020780086517333984
0.02064347267150879
0.02064800262451172
0.02056598663330078
0.02065420150756836
0.020574569702148438
0.020740985870361328
0.020647048950195312
0.020627498626708984
0.020607948303222656
0.020817279815673828
0.020528316497802734
0.02060246467590332
0.020110368728637695
0.01990199089050293
0.02152252197265625
0.019941329956054688
0.019610881805419922
0.019579648971557617
0.019756555557250977
0.019741058349609375
0.019698619842529297
0.019798755645751953
0.01973724365234375
0.10143661499023438
0.020563364028930664
0.020729780197143555
0.02063465118408203
0.020678997039794922
0.02055501937866211
0.020539522171020508
0.020575284957885742
0.020499467849731445
0.020606517791748047
0.01991748809814453
0.01979541778564453
0.019757986068725586
0.02021002769470215
0.019853591918945312
0.01982736587524414
0.019763469696044922
0.019934654235839844
0.01991581916809082
0.019925355911254883
0.019934415817260742
0.01982712745666504
0.019789695739746094
0.01967930793762207
0.019696474075317383
0.01960587501525879
0.019698381423950195
0.019794464111328125
0.01992321014404297
0.019761085510253906
0.019763708114624023
0.019661426544189453
0.01972675323486328
0.01961064338684082
0.01964592933654785
0.019690752029418945
0.01961970329284668
0.022091388702392578
0.02324080467224121
0.019637346267700195
0.019625186920166016
0.019611835479736328
0.01972508430480957
0.019716978073120117
0.019670963287353516
0.019817829132080078
0.01968097686767578
0.019702672958374023
0.02235269546508789
0.019774198532104492
0.01981210708618164
0.019834041595458984
0.019747495651245117
0.019776105880737305
0.019750118255615234
0.019784212112426758
0.01978468894958496
0.019783973693847656
0.01966118812561035
0.01975107192993164
0.019672632217407227
0.020287513732910156
0.019826650619506836
0.019750356674194336
0.019775390625
0.020054340362548828
0.019864559173583984
0.019824504852294922
0.019933700561523438
0.019989967346191406
0.019909143447875977
0.019840002059936523
0.019855737686157227
0.01972508430480957
0.01976919174194336
0.01965618133544922
0.019695520401000977
0.10533952713012695
0.02059340476989746