0.05176973342895508
0.050798892974853516
0.05083775520324707
0.05248260498046875
0.05091071128845215
0.050911903381347656
0.05138540267944336
0.05132913589477539
0.05190467834472656
0.059653520584106445
0.05084729194641113
0.0662236213684082
0.051331520080566406
0.05082392692565918
0.05055856704711914
0.05045723915100098
0.050531864166259766
0.050719261169433594
0.0504758358001709
0.05059647560119629
0.05059361457824707
0.0506744384765625
0.050678253173828125
0.05062079429626465
0.050620079040527344
0.05060267448425293
0.05136227607727051
0.05074572563171387
0.05077958106994629
0.05080080032348633
0.050598859786987305
0.050626277923583984
0.05085396766662598
0.05051136016845703
0.05066490173339844
0.05075836181640625
0.05037999153137207
0.05072379112243652
0.050581932067871094
0.05068230628967285
0.0513916015625
0.050734758377075195
0.050462961196899414
0.050801992416381836
0.05043387413024902
0.05067324638366699
0.05065774917602539
0.05076193809509277
0.05129885673522949
0.05049777030944824
0.05045151710510254
0.050244808197021484
0.05103921890258789
0.05066275596618652
0.05058574676513672
0.05130600929260254
0.05101919174194336
0.05080771446228027
0.05068516731262207
0.05050468444824219
0.050626516342163086
0.050932884216308594
0.05082964897155762
0.05069541931152344
0.05082130432128906
0.050804853439331055
0.050791025161743164
0.05088329315185547
0.051177263259887695
0.050894737243652344
0.050988197326660156
0.05071616172790527
0.05088496208190918
0.05155825614929199
0.05115914344787598
0.0510096549987793
0.05110931396484375
0.05061936378479004
0.05081462860107422
0.05105090141296387
0.05068206787109375
0.050920724868774414
0.05083823204040527
0.050798654556274414
0.05185508728027344
0.05105924606323242
0.05150198936462402
0.051595449447631836
0.05058622360229492
0.05074810981750488
0.0506136417388916
0.050506591796875
0.05116128921508789
0.05058908462524414
0.0505824089050293
0.05082893371582031
0.050477027893066406
0.05037856101989746
0.050676584243774414
0.05070805549621582
0.05039525032043457
0.05074191093444824
0.050623416900634766
0.05088520050048828
0.05120134353637695
0.05101633071899414
0.052945613861083984
0.05123639106750488
0.050814151763916016
0.05083107948303223
0.0512852668762207
0.05270528793334961
0.050991058349609375
0.05064964294433594
0.0509953498840332
0.050908565521240234
0.050920963287353516
0.05045723915100098
0.05087590217590332
0.050772905349731445