0.1611344814300537
0.018017292022705078
0.017828702926635742
0.017722129821777344
0.017787456512451172
0.017607927322387695
0.017626285552978516
0.017633438110351562
0.017590999603271484
0.017534732818603516
0.01765608787536621
0.017611265182495117
0.017658472061157227
0.01763296127319336
0.017553091049194336
0.0177304744720459
0.01753711700439453
0.017517566680908203
0.017529964447021484
0.017447471618652344
0.017595767974853516
0.017542362213134766
0.01742863655090332
0.01753687858581543
0.01755499839782715
0.017480850219726562
0.017567873001098633
0.017513275146484375
0.01749897003173828
0.017612218856811523
0.01761603355407715
0.017520666122436523
0.017551422119140625
0.017690658569335938
0.017624855041503906
0.017594575881958008
0.01754927635192871
0.017728090286254883
0.01768183708190918
0.017686128616333008
0.01766657829284668
0.017655372619628906
0.01769876480102539
0.01765608787536621
0.017652511596679688
0.0175018310546875
0.017670869827270508
0.017885446548461914
0.01762080192565918
0.017644405364990234
0.017687082290649414
0.017721891403198242
0.01767730712890625
0.017648696899414062
0.017632007598876953
0.017656326293945312
0.017638683319091797
0.017584800720214844
0.017529726028442383
0.01759958267211914
0.017586231231689453
0.01755833625793457
0.017579078674316406
0.01751995086669922
0.018393278121948242
0.018410921096801758
0.017735719680786133
0.01768040657043457
0.017645835876464844
0.018571853637695312
0.017725229263305664
0.017528295516967773
0.017714977264404297
0.017807722091674805
0.017760515213012695
0.017640113830566406
0.017690420150756836
0.01764655113220215
0.017658233642578125
0.01766347885131836
0.01767706871032715
0.017628192901611328
0.017670392990112305
0.017632007598876953
0.01755833625793457
0.017719030380249023
0.01772308349609375
0.017657041549682617
0.017573833465576172
0.0176239013671875
0.018094301223754883
0.01747870445251465
0.01742386817932129
0.017405271530151367
0.017618894577026367
0.017555713653564453
0.017565250396728516
0.01747417449951172
0.017406225204467773
0.017445087432861328
0.01758289337158203
0.019437789916992188
0.01758551597595215
0.017502307891845703
0.01750802993774414
0.017542600631713867
0.017496585845947266
0.017394065856933594
0.017600297927856445
0.017613887786865234
0.01766061782836914
0.01822209358215332
0.018297910690307617
0.01759028434753418
0.017529964447021484
0.0175628662109375
0.01760554313659668
0.017485380172729492
0.017605304718017578
0.017475366592407227
0.017498016357421875
0.017467737197875977
0.01738715171813965
0.017561674118041992
0.01750636100769043
0.01765918731689453
0.01799774169921875
0.01766037940979004
0.01748490333557129
0.017457008361816406
0.017566204071044922
0.017545223236083984
0.017583608627319336
0.0175173282623291
0.017552614212036133
0.0175323486328125
0.01752638816833496
0.017540931701660156
0.01753973960876465
0.01752328872680664
0.01750946044921875
0.017604351043701172
0.017562389373779297
0.01771402359008789
0.01753520965576172
0.017692089080810547
0.01754450798034668
0.01762247085571289
0.0175015926361084
0.017405986785888672
0.017502784729003906
0.017543554306030273
0.017587900161743164
0.017629146575927734
0.017705202102661133
0.01746082305908203
0.0174863338470459
0.017635345458984375
0.017928123474121094
0.017574310302734375
0.01750493049621582
0.017519712448120117
0.017517805099487305
0.017551422119140625
0.0176544189453125
0.01753520965576172
0.01776885986328125
0.0175478458404541
0.017576932907104492
0.017618179321289062
0.01747870445251465
0.018932819366455078
0.019345998764038086
0.01786184310913086
0.017609596252441406
0.017905235290527344
0.018201589584350586
0.017510175704956055
0.01769566535949707
0.01783132553100586
0.017795085906982422
0.017612695693969727
0.0175015926361084
0.017543792724609375
0.0174102783203125
0.017630338668823242
0.01781439781188965
0.01770782470703125
0.018048524856567383
0.017763853073120117
0.018291711807250977
0.017679214477539062
0.017782211303710938
0.017772674560546875
0.017802000045776367
0.017709732055664062
0.017917156219482422
0.017766475677490234
0.017661094665527344
0.017880678176879883
0.017853498458862305
0.0178225040435791
0.017790794372558594
0.017765283584594727
0.018814563751220703
0.017861604690551758
0.017740726470947266
0.01760244369506836
0.0176851749420166
0.018140316009521484
0.017543792724609375
0.017491817474365234
0.01777815818786621
0.017528533935546875
0.018517732620239258
0.017595529556274414
0.01752758026123047
0.017752647399902344
0.017737627029418945
0.01769566535949707
0.017565250396728516
0.01758861541748047
0.01746845245361328
0.017459392547607422
0.017560243606567383
0.017554521560668945
0.017561674118041992
0.02117443084716797
0.01787734031677246
0.01771712303161621
0.017672300338745117
0.017610788345336914
0.017718076705932617
0.01750969886779785
0.01760077476501465
0.017689943313598633
0.01769256591796875
0.017549991607666016
0.01765727996826172
0.017724990844726562
0.017599821090698242
0.01784372329711914
0.01779627799987793
0.017691850662231445
0.01775074005126953
0.01767706871032715
0.017522811889648438
0.01760077476501465
0.017452716827392578
0.017432689666748047
0.01748061180114746
0.017441272735595703
0.017530441284179688
0.017514944076538086
0.017621755599975586
0.017554759979248047
0.017575979232788086
0.017472505569458008
0.017515897750854492
0.017599821090698242
0.0174410343170166
0.017496824264526367
0.017493724822998047
0.01757025718688965
0.017568111419677734
0.017539262771606445
0.017564773559570312
0.01753687858581543
0.017592430114746094
0.017461299896240234
0.021047353744506836
0.019757509231567383
0.018761157989501953
0.01764702796936035
0.017577648162841797
0.018445491790771484
0.01764678955078125
0.01762104034423828
0.01764082908630371
0.017560958862304688
0.017554044723510742
0.017562150955200195
0.01756119728088379
0.01761794090270996
0.017721891403198242
0.017589807510375977
0.017465829849243164
0.01758742332458496
0.017592191696166992
0.01769852638244629
0.017580032348632812
0.017682552337646484
0.017577648162841797
0.017719507217407227
0.018527746200561523
0.017838716506958008
0.017554759979248047
0.01749730110168457
0.017627716064453125
0.017611265182495117
0.017754077911376953
0.0177764892578125
0.017671823501586914
0.017478466033935547
0.017467975616455078
0.017577409744262695
0.01754140853881836
0.01743626594543457