0.4855
0.4878
0.4843
0.4860
0.4225
0.5054
0.4845
0.4841
0.4841
0.4840
0.4828
0.4832
0.4842
0.4862
0.4847
0.4849
0.4851
0.4853
0.4841
0.4837
0.4838
0.4870
0.4850
0.4845
0.4847
0.4855
0.4832
0.4835
0.4834
0.4214
0.4842
0.4212
0.4212
0.4857
0.4205
0.4867
0.4208
0.4211
0.4207
0.4220
0.4208
0.4212
0.4206
0.4222
0.4204
0.4211
0.4203
0.4207
0.4211
0.4207
0.4214
0.4218
0.4209
0.4209
0.4206
0.4211
0.4201
0.4225
0.4223
0.4217
0.4209
0.4205
0.4221
0.4207
0.4209
0.4207
0.4201
0.4215
0.4206
0.4213
0.4206
0.4210
0.4282
0.4226
0.4209
0.4216
0.4210
0.4207
0.4208
0.4205
0.4200
0.4220
0.4210
0.4212
0.4201
0.4207
0.4206
0.4205
0.4206
0.4204
0.4206
0.4207
0.4213
0.4215
0.4210
0.4212
0.4203
0.4209
0.4206
0.4206
0.4220
0.4216
0.4212
0.4207
0.4200
0.4203
0.4204
0.4212
0.4285
0.4213
0.4205
0.4206
0.4206
0.4203
0.4202
0.4205
0.4205
0.5579
0.4216
0.4210
0.4203
0.4214
0.4203
0.4207
0.4202
0.4204
0.4203
0.4203
0.4201
0.4203
0.4205
0.4207
0.4202
0.4210
0.4203