0.1893
0.1324
0.1351
0.1371
0.1286
0.1246
0.1417
0.1249
0.1668
0.1311
0.1343
0.1463
0.1624
0.1438
0.1335
0.1368
0.1392
0.1306
0.1441
0.1287
0.1316
0.1430
0.1346
0.1279
0.1723
0.1306
0.1755
0.1420
0.1325
0.1298
0.1651
0.1306
0.1688
0.1677
0.1479
0.2321
0.1882
0.1763
0.1699
0.1562
0.1343
0.1330
0.1242
0.1262
0.1387
0.1298
0.1269
0.1710
0.1282
0.1706
0.1307
0.1381
0.1331
0.1324
0.1707
0.1681
0.1747
0.1673
0.1392
0.1292
0.1273
0.1264
0.1722
0.1294
0.1282
0.2027
0.1233
0.1771
0.1234
0.1689
0.1259
0.1274
0.1370
0.2145
0.1610
0.1483
0.1687
0.1418
0.1308
0.1399
0.1638
0.1276
0.1660
0.1326
0.1288
0.1486
0.1679
0.1226
0.1198
0.1339
0.1226
0.1195
0.1208
0.1380
0.1222
0.1315
0.1344
0.1256
0.1165
0.1735
0.1497
0.1339
0.1251
0.1273
0.1441
0.1287
0.1230
0.1610
0.1271
0.1240
0.1345
0.1248
0.1232
0.1670
0.1216
0.1209
0.1229
0.1354
0.1249
0.1235
0.1335
0.1366
0.1565
0.1328
0.1530
0.1372
0.1486
0.1265
0.1427
0.1235
0.1254
0.1480
0.1876
0.1583
0.1374
0.1175
0.1223
0.1215
0.1385
0.1236
0.1230
0.1639
0.1241
0.1679
0.1238
0.1212
0.1247
0.1334
0.1222
0.1559
0.1281
0.1211
0.1208
0.1263
0.1297
0.1213
0.1210
0.1266
0.1275
0.1233
0.1226
0.1278
0.1329
0.1229
0.1215
0.1399
0.1122
0.1372
0.1222
0.1596
0.1556
0.1293
0.1219
0.1203
0.1254
0.1314
0.1261
0.1676
0.1281
0.1269
0.1397
0.1535
0.1297
0.1592
0.1264
0.1380
0.1239
0.1226
0.1326
0.1276
0.1196
0.1245
0.1548
0.1330
0.1322
0.1351
0.1237
0.1231
0.1290
0.1369
0.1277
0.1268
0.1280
0.1249
0.1223
0.1278
0.1315
0.1236
0.1205
0.1282
0.1257
0.1215
0.1283
0.1304
0.1244
0.1214
0.1192
0.1208
0.1288
0.1190
0.1201
0.1460
0.1258
0.1316
0.1253
0.1330
0.1189
0.1163
0.1204
0.1266
0.1203
0.1192
0.1205
0.1166
0.1344
0.1203
0.1186
0.1223
0.1404
0.1253
0.1207
0.1970
0.1487
0.1276
0.1224
0.1512
0.1719
0.1404
0.1266
0.1255
0.1309
0.1270
0.1812
0.1575
0.1326
0.1270
0.1270
0.1183
0.1406
0.1164
0.1192
0.1215
0.1266
0.1266
0.1185
0.1177
0.1636
0.1214
0.1238
0.1341
0.1153
0.1315
0.1273
0.1664
0.1257
0.1361
0.1231
0.1215
0.1245
0.1306
0.1193
0.1223
0.1216
0.1369
0.1236
0.1226
0.1284
0.1463
0.1202
0.1211
0.1261
0.1340
0.1234
0.1194
0.1273
0.1257
0.1232
0.1655
0.1253
0.1243
0.1321
0.1285
0.1195
0.1234
0.1667
0.1220
0.1212
0.1314
0.1555
0.1259
0.1312
0.1208
0.1226
0.1286
0.1305
0.1214
0.1589
0.1265
0.1497
0.1367
0.1226
0.1209
0.1222
0.1313
0.1282
0.1337
0.1317
0.1286
0.1201
0.1228
0.1330
0.1220
0.1233
0.1175
0.1348
0.1519
0.1384
0.1237
0.1409
0.1392
0.1261
0.1215
0.1192
0.1285
0.1282
0.1233
0.1230
0.1383
0.1209
0.1227
0.1196
0.1287
0.1234
0.1220
0.1244
0.1416
0.1217
0.1510
0.1321
0.1146
0.1286
0.1322
0.1257
0.1231
0.1215
0.1264
0.1291
0.1231
0.1243
0.1352
0.1241
0.1243
0.1231
0.1263
0.1251
0.1218
0.1206
0.1230
0.1308
0.1230
0.1228
0.1343
0.1264
0.1513
0.1375
0.1234
0.1236
0.1218
0.1326
0.1205
0.1242
0.1271
0.1306
0.1263
0.1221
0.1306
0.1329
0.1230
0.1195
0.1412
0.1226
0.1196
0.1233
0.1357
0.1240
0.1212
0.1267
0.1342
0.1247
0.1224
0.1361
0.1215
0.1225
0.1193
0.1339
0.1229
0.1236
0.1202
0.1303
0.1259
0.1203
0.1201
0.1235
0.1294
0.1250
0.1192
0.1267
0.1336
0.1248
0.1187
0.1414
0.1249
0.1246
0.1475
0.1864
0.1472
0.1219
0.1303
0.1244
0.1193
0.1188
0.1229
0.1295
0.1194
0.1213
0.1229
0.1354
0.1194
0.1187
0.1188
0.1242
0.1277
0.1174
0.1194
0.1204
0.1323
0.1255
0.1216
0.1209
0.1304
0.1250
0.1206
0.1212
0.1263
0.1287
0.1524
0.1233
0.1364
0.1201
0.1526
0.1213
0.1179
0.1210
0.1332
0.1241
0.1207
0.1242
0.1271
0.1260
0.1258
0.1211
0.1388
0.1880
0.1549
0.1977
0.1787
0.1574
0.1345
0.1230
0.1263
0.1304
0.1258
0.1226
0.1211
0.1332
0.1233
0.1224
0.1245
0.1344
0.1234
0.1221
0.1217
0.1346
0.1270
0.1109
0.1322
0.1364
0.1170
0.1357
0.1467
0.1251
0.1224
0.1318
0.1263
0.1591
0.1625
0.1253
0.1312
0.1266
0.1201
0.1254
0.1379
0.1266
0.1255
0.1230
0.1348
0.1250
0.1239
0.1262
0.1325
0.1194
0.1305
0.1372
0.1435
0.1254
0.1362
0.1243
0.1295
0.1275
0.1265
0.1287
0.1364
0.1377
0.1301
0.1404
0.1504
0.1393
0.1416
0.1224
0.1245
0.1314
0.1262
0.1165
0.1216
0.1326
0.1220
0.1247
0.1223
0.1372
0.1213
0.1206
0.1253
0.1346
0.1208
0.1237
0.1208
0.1338
0.1253
0.1606
0.1279
0.1221
0.1702
0.1254
0.3389
0.1672
0.1228
0.1239
0.1454
0.1231
0.1269
0.1354
0.1195
0.1211
0.1330
0.1273
0.1203
0.1247
0.1356
0.1228
0.1238
0.1225
0.1328
0.1237
0.1243
0.1372
0.1381
0.1445
0.1406
0.1309
0.1272
0.1392
0.1263
0.1682
0.1322
0.1276
0.1370
0.1230
0.1534
0.1413
0.1289
0.1651
0.1199
0.1240
0.1319
0.1259
0.1227
0.1235
0.1298
0.1313
0.1226
0.1241
0.1386
0.1496
0.1355
0.1278
0.1219
0.1221
0.1379
0.1190
0.1272
0.1238
0.1388
0.1256
0.1223
0.1303
0.1326
0.1550
0.1430
0.1270
0.1775
0.1799
0.1225
0.1226
0.1198
0.1334
0.1308
0.1258
0.1506
0.1235
0.1211
0.1227
0.1374
0.1396
0.1397
0.1305
0.1231
0.1239
0.1363
0.1239
0.1208
0.1207
0.1377
0.1265
0.1213
0.1313
0.1291
0.1236
0.1212
0.1344
0.1263
0.1223
0.1257
0.1354
0.1212
0.1215
0.1234
0.1332
0.1231
0.1200
0.1196
0.1381
0.1331
0.1244
0.1494
0.1237
0.1246
0.1306
0.1263
0.1225
0.1226
0.1347
0.1230
0.1228
0.1220
0.1363
0.1225
0.1233
0.1253
0.1309
0.1201
0.1219
0.1241
0.1325
0.1226
0.1237
0.1208
0.1320
0.1273
0.1206
0.1197
0.1375
0.1186
0.1214
0.1224
0.1211
0.1370
0.1195
0.1262
0.1359
0.1226
0.1222
0.1297
0.1604
0.1212
0.1410
0.1224
0.1181
0.1236
0.1258
0.1315
0.1200
0.1228
0.1323
0.1192
0.1258
0.1249
0.1349
0.1265
0.1206
0.1458
0.1358
0.1318
0.1457
0.1278
0.1237
0.1441
0.1298
0.1235
0.1293
0.1202
0.1219
0.1207
0.1268
0.1366
0.1259
0.1309
0.1293
0.1253
0.1238
0.1287
0.1352
0.1173
0.1342
0.1593
0.1241
0.1194
0.1188
0.1255
0.1230
0.1205
0.1325
0.1324
0.1228
0.1344
0.1286
0.1246
0.1249
0.1363
0.1258
0.1219
0.1198
0.1334
0.1249
0.1210
0.1243
0.1370
0.1242
0.1276
0.1455
0.1251
0.1318
0.1317
0.1615
0.1988
0.1677
0.1260
0.1225
0.1314
0.1239
0.1253
0.1273
0.1351
0.1223
0.1217
0.1733
0.1656
0.1331
0.1225
0.1233
0.1373
0.1253
0.1249
0.1298
0.1326
0.1253
0.1278
0.1411
0.1286
0.1294
0.1349
0.1267
0.1288
0.1501
0.1265
0.1297
0.1346
0.1203
0.1283
0.1270
0.1198
0.1396
0.1238
0.1387
0.1199
0.1237
0.1247
0.1318
0.1287
0.1195
0.1290
0.1291
0.1212
0.1221
0.1307
0.1273
0.1216
0.1197
0.1201
0.1331
0.1208
0.1218
0.1199
0.1362
0.1219
0.1239
0.1193
0.1324
0.1203
0.1208
0.1215
0.1284
0.1240
0.1187
0.1207
0.1255
0.1168
0.1335
0.1184
0.1215
0.1173
0.1453
0.1490
0.1376
0.1299
0.1426
0.1395
0.1213
0.1300
0.1267
0.1203
0.1263
0.1233
0.1279
0.1283
0.1195
0.1251
0.1293
0.1225
0.1220
0.1284
0.1308
0.1218
0.1230
0.1662
0.1810
0.1588
0.1302
0.1250
0.1263
0.1193
0.1311
0.1227
0.1222
0.1217
0.1243
0.1228
0.1173
0.1177
0.1215
0.1363
0.1233
0.1191
0.1172
0.1192
0.1292
0.1201
0.1482
0.1531
0.1215
0.1265
0.1284
0.1219
0.1229
0.1279
0.1275
0.1205
0.1213
0.1203
0.1329
0.1235
0.1184
0.1216
0.1348
0.1249
0.1238
0.1278