0.2228
0.2415
0.2195
0.2195
0.2183
0.2182
0.1724
0.2179
0.1725
0.1727
0.1733
0.1738
0.1731
0.2193
0.2327
0.2195
0.1727
0.1733
0.1725
0.1727
0.1725
0.1729
0.1728
0.1726
0.1727
0.1727
0.1727
0.1730
0.1730
0.1742
0.1731
0.1727
0.1725
0.1730
0.1728
0.1727
0.1728
0.1741
0.1729
0.1729
0.1727
0.1725
0.1726
0.1729
0.1728
0.1738
0.1729
0.1726
0.1725
0.1725
0.1724
0.1730
0.1727
0.1728
0.1726
0.1724
0.1730
0.1728
0.2199
0.2185
0.1723
0.2192
0.1729
0.2183
0.2184
0.2191
0.2206
0.2195
0.2187
0.1736
0.1732
0.1731
0.1735
0.1737
0.2205
0.1732
0.1762
0.1735
0.1735
0.1733
0.1732
0.1729
0.1735
0.1733
0.1730
0.1731
0.1733
0.1733
0.1733
0.1736
0.1732
0.1734
0.1731
0.1735
0.1786
0.1731
0.1728
0.1730
0.1731
0.1773
0.2211
0.1740
0.1734
0.1734
0.1732
0.2217
0.1739
0.1734
0.1732
0.1732
0.1735
0.1735
0.1734
0.1734
0.1745
0.1733
0.1737
0.1732
0.1732
0.1732
0.1730
0.1738
0.1741
0.1741
0.1732
0.1731
0.1730
0.1733
0.1768
0.1731
0.1734
0.1731
0.1730
0.1732
0.1732
0.1731
0.2232
0.2198
0.2198
0.1744
0.1732
0.1732
0.1732
0.2199
0.2255
0.1733
0.2198
0.2205
0.2254
0.1767
0.2192
0.2192
0.2199
0.2213
0.1749
0.2244
0.2222
0.2215
0.1744
0.1739
0.2201
0.2202
0.2195
0.2200
0.2203
0.2215
0.2211
0.1732
0.1737
0.1734
0.1733
0.2208
0.1743
0.1744
0.1738
0.1735
0.1739
0.1731
0.1733
0.1780
0.2208
0.2208
0.2204
0.2256
0.2197
0.2207
0.2213
0.2191
0.2206
0.2215
0.2204
0.1733
0.1746
0.1738
0.2204
0.2216
0.1734
0.2197
0.2199
0.2208
0.2212
0.2198
0.2206
0.2199
0.2253
0.1754
0.1744
0.1781
0.1738
0.1740
0.1739
0.1733
0.1732
0.2208
0.1737
0.1733
0.1735
0.1736
0.1736
0.1789
0.1733
0.1732
0.1734
0.2210
0.1745
0.1738
0.1734
0.1733
0.1736
0.2260
0.2207
0.1740
0.1738
0.2219
0.1743
0.2274
0.1739
0.1737
0.2205
0.2220
0.2228
0.2197
0.2194
0.2217
0.2220
0.3785
0.2204
0.2198
0.2198
0.1734
0.1731
0.2199
0.1729
0.2206
0.2205
0.2197
0.2210
0.2206
0.2265
0.1731
0.1733
0.2200
0.2247
0.2198
0.2194
0.2197
0.2198
0.1734
0.2209
0.2198
0.2187
0.2211
0.2198
0.2196
0.2218
0.2192
0.2205
0.2193
0.2191
0.2213
0.1740
0.2195
0.2204
0.2193
0.2194
0.2195
0.2252
0.2191
0.1730
0.2191
0.2228
0.1738
0.1734
0.2241
0.2196
0.2259
0.1736
0.1734
0.2196
0.2194
0.2222
0.1741
0.2195
0.2200
0.1738
0.2247
0.1748
0.2207
0.2206
0.2192
0.1736
0.1735
0.2197
0.1733
0.1733
0.1758
0.2203
0.1736
0.1729
0.2211
0.1756
0.1802
0.1734
0.1733
0.1752
0.1744
0.2223
0.2208
0.2196
0.2221
0.2208
0.2268
0.2198
0.1733
0.2199
0.1734
0.1787
0.1733
0.2196
0.1734
0.2195
0.1747
0.2198
0.2197
0.1733
0.1732
0.1734
0.1734
0.2237
0.1740
0.1736
0.1750
0.1736
0.1733
0.1733
0.2202
0.2203
0.2271
0.1738
0.2208
0.2243
0.2229
0.2216
0.1738
0.1764
0.2250
0.1818
0.2223
0.1745
0.2240
0.1787
0.2280
0.1756
0.1749
0.1758
0.1766
0.1751
0.1766
0.1745
0.1741
0.1750
0.1743
0.1741
0.1796
0.1743
0.2205
0.2203
0.1736
0.2250
0.1735
0.2195
0.1732
0.2194
0.1789
0.2195
0.1732
0.1735
0.1734
0.1738
0.1735
0.1733
0.1731
0.1734
0.1736
0.1736
0.2218
0.1735
0.1737
0.1740
0.1735
0.1738
0.1737
0.1733
0.1737
0.1734
0.1749
0.1741
0.1735
0.1747
0.1753
0.1743
0.1745
0.1746
0.1747
0.1735
0.1734
0.1742
0.1743
0.1734
0.1734
0.1731
0.1733
0.1736
0.1736
0.1732
0.1733
0.1732
0.1732
0.1735
0.1734
0.1735
0.1734
0.1735
0.1739
0.1750
0.1741
0.1738
0.1735
0.1733
0.1730
0.1736
0.1734
0.1734
0.1734
0.1742
0.1736
0.2219
0.1737
0.1732
0.1733
0.1734
0.2206
0.1736
0.1734
0.1736
0.1733
0.1740
0.1737
0.1735
0.1737
0.2208
0.1739
0.1741
0.1735
0.1733
0.1735
0.1736
0.1738
0.1742
0.1743
0.1736
0.1734
0.1741
0.1746
0.2210
0.1734
0.1735
0.2198
0.1739
0.2215
0.1743
0.1737
0.1768
0.1741
0.1749
0.1736
0.2207
0.3365
0.1753
0.1755
0.2215
0.2205
0.1759
0.1741
0.1734
0.1731
0.2202
0.1735
0.1732
0.1735
0.1731
0.1730
0.1728
0.1730
0.1729
0.1731
0.1728
0.1728
0.1728
0.2205
0.1729
0.1731
0.1735
0.1734
0.1735
0.1736
0.1742
0.2213
0.2198
0.2191
0.1730
0.1733
0.1732
0.1741
0.2200
0.2207
0.2206
0.1733
0.2192
0.1732
0.1731
0.1731
0.1735
0.1732
0.1735
0.1729
0.1729
0.1731
0.1730
0.1730
0.1730
0.1730
0.1732
0.1736
0.1757
0.2217
0.1731
0.1730
0.1731
0.1739
0.1732
0.1731
0.1729
0.2203
0.1731
0.1730
0.1732
0.1731
0.2201
0.1730
0.1732
0.1730
0.1726
0.1728
0.1725
0.1726
0.1727
0.1725
0.1728
0.1728
0.1730
0.1734
0.1731
0.1731
0.1727
0.1728
0.1725
0.1730
0.1724
0.1727
0.1733
0.1742
0.2247
0.1773
0.1727
0.1728
0.1727
0.2192
0.2186
0.1723
0.1728
0.1727
0.2198
0.1731
0.2187
0.1724
0.2187
0.1730
0.2204
0.1733
0.2193
0.1735
0.1735
0.1731
0.1730
0.1729
0.1728
0.1726
0.1728
0.1732
0.1729
0.1727
0.2194
0.1726
0.2194
0.2189
0.1724
0.1733
0.1727
0.1737
0.1765
0.1733
0.1729
0.1728
0.1729
0.1732
0.1733
0.1748
0.1727
0.1736
0.1731
0.1729
0.1729
0.1727
0.1725
0.1727
0.1733
0.1739
0.1732
0.1728
0.1729
0.1819
0.1732
0.1737
0.1731
0.1728
0.1728
0.1728
0.1727
0.1733
0.1727
0.1727
0.2197
0.1726
0.1729
0.1731
0.2196
0.1729
0.1734
0.1728
0.1730
0.1727
0.1727
0.1728
0.1728
0.1729
0.1731
0.1726
0.1726
0.1729
0.1729
0.1730
0.1728
0.1729
0.1728
0.1727
0.1728
0.1744
0.1728
0.1728
0.1729
0.1727
0.1727
0.1730
0.1727
0.1730
0.1729
0.1730
0.1728
0.1729
0.1744
0.1727
0.1728
0.1735
0.1738
0.1736
0.1728
0.1727
0.1726
0.1726
0.1730
0.1728
0.1726
0.1727
0.1728
0.1728
0.1730
0.1728
0.1728
0.1728
0.1725
0.2200
0.1730
0.1727
0.2197
0.1727
0.2204
0.1734
0.1727
0.1728
0.2192
0.1727
0.1731
0.1730
0.1727
0.2198
0.1730
0.1728
0.2198
0.1729
0.2190
0.1730
0.1731
0.2241
0.1731
0.1727
0.1731
0.2190
0.1732
0.1730
0.1729
0.1734
0.1731
0.1730
0.1741
0.1732
0.1728
0.1729
0.1735
0.1742
0.1737
0.1730
0.1729
0.1748
0.1728
0.1731
0.1728
0.1729
0.1729
0.1730
0.1729
0.1729
0.1730
0.1728
0.1728
0.1728
0.1729
0.1730
0.1726
0.1727
0.1729
0.1733
0.1728
0.1736
0.1730
0.1728
0.1728
0.1728
0.1729
0.2199
0.1730
0.2195
0.1731
0.2197
0.1730
0.1730
0.1730
0.1728
0.1728
0.1733
0.1730
0.1739
0.1728
0.1727
0.1728
0.1730
0.1729
0.1729
0.1728
0.1730
0.1730
0.1730
0.1731
0.1731
0.1731
0.1737
0.1741
0.1735
0.1732
0.1731
0.1731
0.1731
0.1732
0.1731
0.1729
0.1730
0.2205
0.1731
0.1736
0.1732
0.1732
0.3339
0.1737
0.1733
0.1729
0.1729
0.2206
0.1734
0.1736
0.1729
0.1735
0.1731
0.1729
0.1730
0.1729
0.1728
0.1730
0.2205
0.1730
0.1734
0.1734
0.1737
0.2199
0.2190
0.1734
0.1735
0.1733
0.2202
0.1734
0.1732
0.1734
0.1726
0.1729
0.2199
0.1729
0.1740
0.1738
0.2199
0.1730
0.1729
0.1736
0.1738
0.1730
0.2200
0.1730
0.1731
0.1731
0.1734
0.2197
0.2189
0.2187
0.1736
0.1734
0.2211
0.1730
0.1732
0.1731
0.1733
0.1731
0.2195
0.1734
0.2188
0.1734
0.1736
0.1731
0.2205
0.1733
0.2204
0.1732
0.1732
0.1732
0.2197
0.1729
0.2203
0.1733
0.2199
0.1731
0.1731
0.1737
0.2199
0.2209
0.2185
0.1729
0.2201
0.1731
0.1732
0.3685
0.1748
0.1737
0.1739
0.1740
0.2212
0.1738
0.2206
0.1732
0.1729
0.1739
0.1734
0.1735
0.1751
0.1748
0.1730
0.1915
0.3485
0.5264
0.5786
0.2495
0.2224
0.3039
0.2875
0.3678
0.2360
0.3300
0.3049
0.3669
0.3669
0.3672
0.3634
0.3645
0.2623
0.3170
0.2494
0.3196
0.2439
0.3247
0.3638
0.2421
0.3260
0.2374
0.3261
0.2443
0.3282
0.2344
0.3263
0.2371
0.4553
0.3630
0.3663
0.3667
0.3676
0.5335
0.3537
0.4418
0.3609
0.2043
0.3676
0.3675
0.3659
0.3668
0.3677
0.3675
0.3666
0.3674
0.3675
0.3658
0.3675
0.3666
0.3676
0.3666
0.3676
0.3664
0.3674
0.3670
0.3675
0.3676
0.3668
0.3668
0.3672
0.3668
0.3674