0.05702328681945801
0.04391622543334961
0.05592012405395508
0.18663430213928223
0.0607755184173584
0.0627751350402832
0.04473590850830078
0.06134605407714844
0.044519662857055664
0.06355738639831543
0.04412984848022461
0.06661629676818848
0.05697131156921387
0.0505671501159668
0.0628213882446289
0.0444951057434082
0.06263470649719238
0.04434037208557129
0.06504106521606445
0.06404948234558105
0.05735945701599121
0.06026053428649902
0.05349445343017578
0.06245708465576172
0.04513359069824219
0.06941962242126465
0.05430459976196289
0.053012847900390625
0.0627751350402832
0.04490184783935547
0.1894087791442871
0.06334042549133301
0.04419302940368652
0.05940508842468262
0.045003414154052734
0.06770920753479004
0.04598236083984375
0.06436800956726074
0.04736495018005371
0.058938026428222656
0.0534062385559082
0.051282644271850586
0.056412696838378906
0.0488741397857666
0.06233859062194824
0.0466458797454834
0.05917644500732422
0.04354596138000488
0.06419157981872559
0.04367804527282715
0.06377315521240234
0.045667171478271484
0.060040950775146484
0.05444765090942383
0.05010390281677246
0.06355834007263184
0.04540824890136719
0.19274592399597168
0.061232805252075195
0.045751094818115234
0.06770539283752441
0.04442167282104492
0.07548403739929199
0.05189919471740723
0.0574946403503418
0.05976533889770508
0.04586434364318848
0.06530570983886719
0.04445600509643555
0.06430530548095703
0.04374361038208008
0.06902098655700684
0.05417919158935547
0.0513606071472168
0.05756187438964844
0.04837393760681152
0.0642554759979248
0.044428110122680664
0.0641472339630127
0.04503369331359863
0.06164431571960449
0.04578876495361328
0.06316423416137695
0.1800994873046875
0.0827476978302002
0.05234408378601074
0.06788039207458496
0.04990887641906738
0.06730937957763672
0.05472540855407715
0.05087709426879883
0.0657806396484375
0.04784560203552246
0.06649017333984375
0.04476618766784668
0.06626629829406738
0.0536956787109375
0.05290055274963379
0.05652904510498047
0.04900789260864258
0.05996513366699219
0.046341657638549805
0.06502604484558105
0.04710674285888672
0.07077717781066895
0.06398224830627441
0.05075550079345703
0.06424474716186523
0.046916961669921875
0.06261301040649414
0.17289257049560547
0.04803013801574707
0.05658698081970215
0.046849966049194336
0.05630803108215332
0.04409313201904297
0.05619215965270996
0.04400181770324707
0.05604290962219238
0.045105934143066406
0.056459665298461914
0.04581570625305176
0.05637931823730469
0.04932093620300293
0.06157565116882324
0.04863166809082031
0.06300497055053711
0.05004072189331055
0.053932905197143555
0.052410125732421875
0.0522303581237793
0.059900522232055664
0.04510068893432617
0.06111955642700195
0.04479360580444336
0.06105446815490723
0.04467487335205078
0.17498064041137695
0.05229330062866211
0.055104970932006836
0.06447958946228027
0.046753883361816406
0.06265807151794434
0.04528641700744629
0.06401419639587402
0.04516458511352539
0.06714248657226562
0.052849531173706055
0.05369830131530762
0.05784964561462402
0.04748988151550293
0.06734156608581543
0.045328378677368164
0.060683488845825195
0.04546952247619629
0.0677487850189209
0.05150437355041504
0.053615570068359375
0.06190657615661621
0.045964956283569336
0.0637972354888916
0.045686960220336914
0.17728948593139648
0.053076982498168945
0.050950050354003906