0.019872665405273438
0.02029275894165039
0.021199941635131836
0.019021034240722656
0.01877617835998535
0.018661975860595703
0.019764423370361328
0.02155447006225586
0.018810749053955078
0.01893925666809082
0.01860213279724121
0.019751548767089844
0.022355318069458008
0.01903843879699707
0.018558979034423828
0.018540143966674805
0.019126176834106445
0.021340131759643555
0.019437313079833984
0.0186922550201416
0.018520355224609375
0.01879405975341797
0.020660400390625
0.01957988739013672
0.018600940704345703
0.018529176712036133
0.018627643585205078
0.02112269401550293
0.020596742630004883
0.018689870834350586
0.0187070369720459
0.018580913543701172
0.021368741989135742
0.021410226821899414
0.018552303314208984
0.01851344108581543
0.01852583885192871
0.020466089248657227
0.020885467529296875
0.11712288856506348
0.018777132034301758
0.01859879493713379
0.01979851722717285
0.021630287170410156
0.019069433212280273
0.018802881240844727
0.018564939498901367
0.019821882247924805
0.02163863182067871
0.019049882888793945
0.018632888793945312
0.018627405166625977
0.01926112174987793
0.02139735221862793
0.01948380470275879
0.01858806610107422
0.018560171127319336
0.018817663192749023
0.022915124893188477
0.020041704177856445
0.018589019775390625
0.01861119270324707
0.018748760223388672
0.023288726806640625
0.019443750381469727
0.01865983009338379
0.018603801727294922
0.018665790557861328
0.02102208137512207
0.020413637161254883
0.018576383590698242
0.01853346824645996
0.018558979034423828
0.02076411247253418
0.0206754207611084
0.018614530563354492
0.018706321716308594
0.018663883209228516
0.020171165466308594
0.020603179931640625
0.018773555755615234
0.018520593643188477
0.018503665924072266
0.019763946533203125
0.022332191467285156
0.018537282943725586
0.018595218658447266
0.01924753189086914
0.020559310913085938
0.021839380264282227
0.018883705139160156
0.018573760986328125
0.018464088439941406
0.01930069923400879
0.021281003952026367
0.01926279067993164
0.01859307289123535
0.01848316192626953
0.01894521713256836
0.021448373794555664
0.019677162170410156
0.01864147186279297
0.018524169921875
0.018552303314208984
0.021155595779418945
0.019591093063354492
0.018529891967773438
0.01866769790649414
0.018576383590698242
0.021992921829223633
0.021346092224121094
0.01898503303527832
0.018556594848632812
0.018550634384155273
0.021620512008666992
0.021240949630737305
0.018613576889038086
0.018784284591674805
0.018554210662841797
0.02049732208251953
0.021367549896240234
0.01855611801147461
0.018615007400512695
0.01862788200378418
0.02022409439086914
0.021343231201171875
0.018862009048461914
0.018626689910888672
0.01858210563659668
0.020276784896850586
0.02202606201171875
0.01887655258178711
0.018687725067138672
0.01858687400817871
0.019714832305908203
0.022266149520874023
0.019047975540161133
0.018759489059448242
0.018845081329345703
0.020192861557006836
0.023005247116088867
0.019124507904052734
0.018611907958984375
0.018585920333862305
0.019362688064575195
0.022098541259765625
0.019333362579345703
0.019046545028686523
0.1195986270904541
0.020482778549194336
0.022823810577392578
0.019123315811157227
0.018606901168823242
0.018553972244262695
0.019659042358398438
0.02309417724609375
0.01951742172241211
0.018559694290161133
0.01859283447265625
0.019327402114868164
0.023470401763916016
0.019133329391479492
0.019344806671142578
0.01912069320678711
0.019515514373779297
0.02330493927001953
0.019603252410888672
0.01911020278930664
0.0193023681640625
0.02092742919921875
0.022953510284423828
0.01905059814453125
0.019255399703979492
0.018621444702148438
0.019527196884155273
0.021748781204223633
0.019479751586914062
0.018616437911987305
0.018581151962280273
0.019520282745361328
0.02252507209777832
0.01952338218688965
0.018709182739257812
0.01862192153930664
0.019092798233032227
0.023270368576049805
0.019753217697143555
0.01860523223876953
0.018756628036499023
0.02013397216796875
0.023085832595825195
0.0200197696685791
0.018845319747924805
0.018682003021240234
0.019038915634155273
0.022390365600585938
0.019454002380371094
0.018651247024536133
0.018638134002685547
0.018923282623291016
0.022840499877929688
0.021379709243774414
0.018959522247314453
0.01844644546508789
0.018786191940307617
0.02297043800354004
0.020294666290283203
0.01843738555908203
0.018725872039794922
0.01904010772705078
0.023027658462524414
0.02039337158203125
0.018345355987548828
0.018454313278198242
0.018343210220336914
0.022237062454223633
0.020427703857421875
0.018439292907714844
0.018858671188354492
0.01885533332824707
0.023060083389282227
0.021151065826416016
0.019904136657714844
0.020472288131713867
0.020354270935058594
0.023782968521118164
0.021320819854736328
0.020731449127197266
0.020899057388305664
0.02273726463317871
0.023182153701782227
0.02001023292541504
0.019719600677490234
0.020592212677001953
0.02322530746459961
0.022095441818237305
0.019833087921142578
0.020130634307861328
0.020059823989868164
0.02378988265991211
0.021163463592529297
0.019916534423828125
0.02062845230102539
0.021796226501464844
0.02369236946105957
0.020711898803710938
0.02072453498840332
0.020938396453857422
0.023016691207885742
0.02235722541809082
0.019617557525634766
0.018498659133911133
0.018769264221191406
0.02214980125427246
0.020237207412719727
0.018511533737182617
0.11447310447692871
0.021176815032958984
0.022219419479370117
0.022551298141479492
0.02092719078063965
0.01888751983642578
0.0196835994720459
0.02283620834350586
0.022071123123168945
0.01941823959350586
0.019533157348632812
0.01932501792907715
0.024358749389648438
0.02058243751525879
0.018637657165527344
0.01871800422668457
0.019243478775024414
0.024309396743774414
0.019254446029663086
0.01848316192626953
0.0189359188079834
0.020493507385253906
0.0248105525970459
0.02076244354248047
0.01916337013244629
0.018886089324951172
0.01994180679321289
0.022359609603881836
0.019084930419921875
0.018736600875854492
0.01854085922241211
0.019974708557128906
0.0230863094329834
0.019847631454467773
0.018620967864990234
0.018629789352416992
0.02006816864013672
0.022855043411254883
0.01970648765563965
0.01859259605407715
0.018584489822387695
0.020572185516357422
0.022782325744628906
0.01918816566467285
0.018822431564331055
0.018799781799316406
0.019722938537597656
0.023054838180541992
0.01910853385925293
0.0185697078704834
0.018618106842041016
0.019452810287475586
0.022418498992919922
0.019396543502807617
0.018571853637695312
0.0187227725982666
0.01919698715209961
0.022653818130493164
0.019231796264648438
0.01862359046936035
0.0187380313873291
0.01898503303527832