0.010288238525390625
0.009939432144165039
0.009903192520141602
0.011994123458862305
0.01267695426940918
0.011127948760986328
0.009910106658935547
0.009913921356201172
0.009824752807617188
0.009939908981323242
0.009906291961669922
0.009816408157348633
0.010433435440063477
0.012541770935058594
0.01249384880065918
0.009923934936523438
0.009886741638183594
0.009849309921264648
0.010094642639160156
0.009927034378051758
0.010005712509155273
0.009892463684082031
0.011972188949584961
0.012621879577636719
0.01122903823852539
0.009948015213012695
0.009930133819580078
0.009943485260009766
0.009944438934326172
0.009900569915771484
0.009971380233764648
0.010693073272705078
0.01444101333618164
0.012183904647827148
0.009930849075317383
0.009871482849121094
0.009854316711425781
0.009914159774780273
0.009818315505981445
0.00991511344909668
0.00985860824584961
0.012545347213745117
0.012727022171020508
0.010593175888061523
0.00993037223815918
0.009872198104858398
0.009909391403198242
0.00988912582397461
0.009930610656738281
0.009901046752929688
0.011278629302978516
0.012697696685791016
0.011950492858886719
0.009922981262207031
0.00989842414855957
0.00994873046875
0.009879112243652344
0.009958744049072266
0.00991678237915039
0.00999307632446289
0.012733936309814453
0.012768745422363281
0.010435104370117188
0.00996088981628418
0.00993967056274414
0.009892463684082031
0.009962797164916992
0.009923458099365234
0.009919404983520508
0.09964394569396973
0.011482477188110352
0.01264190673828125
0.011821746826171875
0.009937763214111328
0.009830236434936523
0.009861469268798828
0.009842872619628906
0.009967565536499023
0.010286092758178711
0.01038503646850586
0.012590169906616211
0.012615680694580078
0.010236501693725586
0.009819507598876953
0.009818792343139648
0.009831666946411133
0.00984644889831543
0.009856462478637695
0.009881734848022461
0.011579036712646484
0.012700080871582031
0.011839151382446289
0.009871721267700195
0.00988316535949707
0.009876728057861328
0.009902000427246094
0.00982975959777832
0.00983428955078125
0.010362863540649414
0.012662649154663086
0.012697219848632812
0.010338783264160156
0.010180473327636719
0.00990152359008789
0.009893417358398438
0.009914159774780273
0.009931564331054688
0.009949207305908203
0.011844873428344727
0.012586355209350586
0.011330366134643555
0.009933948516845703
0.009944677352905273
0.009903192520141602
0.009928703308105469
0.009879350662231445
0.009920358657836914
0.010603904724121094
0.012642621994018555
0.012698888778686523
0.010171651840209961
0.009955644607543945
0.009903192520141602
0.009939193725585938
0.009956121444702148
0.009948492050170898
0.00995635986328125
0.012142419815063477
0.01273965835571289
0.011136054992675781
0.009964942932128906
0.009945392608642578
0.009945392608642578
0.00986027717590332
0.00986170768737793
0.009849071502685547
0.010553598403930664
0.012370586395263672
0.012382745742797852
0.009840250015258789
0.009865045547485352
0.009881019592285156
0.009859085083007812
0.009814023971557617
0.009865999221801758
0.009806394577026367
0.011944770812988281
0.012500286102294922
0.01109457015991211
0.009831905364990234
0.009852170944213867
0.009822845458984375
0.009966850280761719
0.010231256484985352
0.009836435317993164
0.010645389556884766