0.16559505462646484
0.03112030029296875
0.027627229690551758
0.03645515441894531
0.033087730407714844
0.027574777603149414
0.03429722785949707
0.03557085990905762
0.02801966667175293
0.032282114028930664
0.03740406036376953
0.027570009231567383
0.028546810150146484
0.041089773178100586
0.028197526931762695
0.027747154235839844
0.0354306697845459
0.027806997299194336
0.02780318260192871
0.034314870834350586
0.029189109802246094
0.027982234954833984
0.03086996078491211
0.03286004066467285
0.028453350067138672
0.02835559844970703
0.03467726707458496
0.02847576141357422
0.02795863151550293
0.03490924835205078
0.028490781784057617
0.027878999710083008
0.0319671630859375
0.03150820732116699
0.027832746505737305
0.030632972717285156
0.033538103103637695
0.03180956840515137
0.032781124114990234
0.040315866470336914
0.02787947654724121
0.11675024032592773
0.042745351791381836
0.028420448303222656
0.02856755256652832
0.04202103614807129
0.02845311164855957
0.028064966201782227
0.04187822341918945
0.02836155891418457
0.02903437614440918
0.041548967361450195
0.028610706329345703
0.031078338623046875
0.04136466979980469
0.027910709381103516
0.027782678604125977
0.0414118766784668
0.028931379318237305
0.027712345123291016
0.03877687454223633
0.030938386917114258
0.027644872665405273
0.03668951988220215
0.033472537994384766
0.027942419052124023
0.034728288650512695
0.03545093536376953
0.027895212173461914
0.03251814842224121
0.03691530227661133
0.027533292770385742
0.030154705047607422
0.040143489837646484
0.027865171432495117
0.027696609497070312
0.0424959659576416
0.02809453010559082
0.027841806411743164
0.029706954956054688
0.027562618255615234
0.02753305435180664
0.027496337890625
0.13364911079406738
0.027671337127685547
0.02760910987854004
0.041603803634643555
0.028224945068359375
0.02783989906311035
0.04137086868286133
0.027846813201904297
0.027802228927612305
0.0403592586517334
0.027983427047729492
0.028616905212402344
0.040348052978515625
0.0286405086517334
0.028233051300048828
0.040151119232177734
0.028542518615722656
0.028027057647705078
0.03884744644165039
0.030274152755737305
0.02823805809020996
0.036841630935668945
0.03187203407287598
0.02799081802368164
0.03050684928894043
0.03222298622131348
0.0283505916595459
0.028116703033447266
0.03412818908691406
0.028073787689208984
0.0279085636138916
0.0324857234954834
0.02957940101623535
0.029918432235717773
0.030372142791748047
0.03205680847167969
0.028012990951538086
0.028104543685913086
0.03410935401916504
0.02787494659423828
0.02786993980407715
0.13573408126831055
0.03023695945739746
0.028174161911010742
0.03175854682922363
0.031203508377075195
0.028026580810546875
0.02860403060913086
0.033926963806152344
0.030512571334838867
0.03627419471740723
0.039804697036743164
0.02839803695678711
0.028232812881469727
0.034703969955444336
0.028048992156982422
0.02804732322692871
0.03336215019226074
0.029178619384765625
0.027919530868530273
0.030551910400390625
0.031891584396362305
0.02906966209411621
0.027896404266357422
0.03456473350524902
0.027934789657592773
0.02801680564880371
0.03334951400756836
0.03163266181945801
0.028002500534057617
0.031389713287353516
0.03197073936462402
0.027959823608398438
0.02898883819580078
0.033882856369018555
0.028105974197387695
0.028112411499023438
0.03444361686706543
0.028357744216918945
0.028002023696899414
0.031967878341674805
0.031294822692871094
0.028363466262817383
0.11850261688232422
0.03469705581665039
0.028428316116333008
0.028079509735107422
0.032122135162353516
0.030403614044189453
0.027851343154907227
0.029340505599975586
0.03383994102478027
0.027921199798583984
0.027950525283813477
0.03435468673706055
0.028362512588500977
0.02804875373840332
0.03228926658630371
0.030630111694335938
0.028075695037841797
0.029716014862060547
0.032990455627441406
0.028044939041137695
0.028030872344970703
0.034494638442993164
0.02842855453491211
0.02806854248046875
0.03269457817077637
0.030330896377563477
0.028186321258544922
0.029930591583251953
0.03274035453796387
0.027921676635742188
0.028224706649780273
0.034566640853881836
0.028389453887939453
0.02806997299194336
0.03275489807128906
0.0300900936126709
0.028116941452026367
0.03034377098083496
0.03253030776977539
0.028247833251953125
0.03183603286743164
0.141160249710083
0.029106616973876953
0.028127670288085938
0.0348668098449707
0.028092145919799805
0.028147220611572266
0.03409624099731445
0.029056549072265625
0.028047800064086914
0.031487226486206055
0.03135108947753906
0.028246164321899414
0.02915024757385254
0.034011125564575195
0.028066158294677734
0.028096675872802734
0.03416299819946289
0.028464078903198242
0.027973651885986328
0.03144955635070801
0.031249046325683594
0.02836465835571289
0.02919173240661621
0.03381490707397461
0.028974056243896484
0.028165102005004883
0.03415846824645996
0.02839040756225586
0.028168439865112305
0.03198719024658203
0.030600309371948242
0.0280759334564209
0.029280424118041992
0.03318428993225098
0.02801799774169922
0.02811717987060547
0.03438067436218262
0.028755664825439453
0.02805018424987793
0.033178091049194336
0.030434370040893555
0.12990212440490723
0.03224754333496094
0.060838937759399414
0.028892993927001953
0.03408360481262207
0.02843308448791504
0.030028343200683594
0.03466320037841797
0.029711484909057617
0.029566287994384766
0.03292584419250488
0.029808521270751953
0.02799081802368164
0.030298709869384766
0.03282499313354492
0.0280609130859375
0.028124570846557617
0.03451395034790039
0.028163909912109375
0.02815985679626465
0.03300213813781738
0.029594898223876953
0.028165340423583984
0.0304107666015625
0.03230428695678711
0.028277158737182617
0.028395652770996094
0.03473639488220215
0.027971267700195312
0.02861309051513672
0.04035329818725586
0.02930283546447754
0.027826547622680664
0.040380001068115234
0.028818368911743164
0.028088092803955078
0.03894495964050293
0.03095245361328125
0.028079748153686523
0.03728008270263672
0.03153204917907715