0.021108627319335938
0.019927024841308594
0.019982337951660156
0.03912520408630371
0.022764921188354492
0.02065587043762207
0.021329402923583984
0.035881757736206055
0.019865751266479492
0.01972794532775879
0.019624948501586914
0.03515124320983887
0.020787715911865234
0.01993107795715332
0.01984119415283203
0.03751492500305176
0.021235227584838867
0.02107524871826172
0.01973271369934082
0.03171396255493164
0.023407697677612305
0.020509719848632812
0.020508527755737305
0.028472900390625
0.027256488800048828
0.019787311553955078
0.01976799964904785
0.0218656063079834
0.03471565246582031
0.019806861877441406
0.019939184188842773
0.01981067657470703
0.03759193420410156
0.02117443084716797
0.020174741744995117
0.01997828483581543
0.03499102592468262
0.16275262832641602
0.03488636016845703
0.02131938934326172
0.019777774810791016
0.020991802215576172
0.03768491744995117
0.021312952041625977
0.019794702529907227
0.019877910614013672
0.03205442428588867
0.02556443214416504
0.019905805587768555
0.019819259643554688
0.03169441223144531
0.027967453002929688
0.02002263069152832
0.019924163818359375
0.0352320671081543
0.02356243133544922
0.020444631576538086
0.020455360412597656
0.027466535568237305
0.030492544174194336
0.019737720489501953
0.01971578598022461
0.02589893341064453
0.02869892120361328
0.02000570297241211
0.01981043815612793
0.019891977310180664
0.03615570068359375
0.020153284072875977
0.01991748809814453
0.01981067657470703
0.037138938903808594
0.020084857940673828
0.019942522048950195
0.01984715461730957
0.033457279205322266
0.021664857864379883
0.01958155632019043
0.021561622619628906
0.030123472213745117
0.025998830795288086
0.019901275634765625
0.019809246063232422
0.023579120635986328
0.031621456146240234
0.01959371566772461
0.01989603042602539
0.01966571807861328
0.035067081451416016
0.019950151443481445
0.019742965698242188
0.02068328857421875
0.03453516960144043
0.02080678939819336
0.019942283630371094
0.019826889038085938
0.03390359878540039
0.024030208587646484