0.03496265411376953
0.043511152267456055
0.031668901443481445
0.047260284423828125
0.03105449676513672
0.032312870025634766
0.04617762565612793
0.030642271041870117
0.045262813568115234
0.030953645706176758
0.029628753662109375
0.050269126892089844
0.029518842697143555
0.029380083084106445
0.04649710655212402
0.029564857482910156
0.029758453369140625
0.04373311996459961
0.029073715209960938
0.032150983810424805
0.16326665878295898
0.030286073684692383
0.04687213897705078
0.029848337173461914
0.03940153121948242
0.040197134017944336
0.03033447265625
0.04774808883666992
0.029774188995361328
0.030293941497802734
0.04867291450500488
0.030712127685546875
0.03277158737182617
0.03854775428771973
0.029337644577026367
0.03944993019104004
0.03662467002868652
0.029525041580200195
0.0370793342590332
0.03666567802429199
0.029750585556030273
0.04058337211608887
0.033830881118774414
0.029725074768066406
0.050180912017822266
0.030248165130615234
0.029307842254638672
0.04618048667907715
0.03200578689575195
0.03358626365661621
0.046942949295043945
0.029080629348754883
0.049160003662109375
0.0324244499206543
0.029120683670043945
0.051976680755615234
0.032012224197387695
0.04060721397399902
0.03415274620056152
0.029378175735473633
0.050640106201171875
0.18720531463623047
0.03495287895202637
0.02990102767944336
0.046488046646118164
0.029459714889526367
0.03233933448791504
0.04776644706726074
0.029512643814086914
0.029630184173583984
0.043656349182128906
0.029851675033569336
0.033278465270996094
0.04176664352416992
0.02937483787536621
0.0425877571105957
0.033082008361816406
0.029260635375976562
0.0542449951171875
0.031777381896972656
0.032627105712890625
0.05188870429992676
0.03056192398071289
0.05123162269592285
0.031455039978027344
0.03013467788696289
0.03497719764709473
0.02959728240966797
0.029689311981201172
0.03359842300415039
0.0404353141784668
0.030132770538330078
0.046588897705078125
0.03063178062438965
0.03295731544494629
0.04041695594787598
0.03643202781677246
0.04597187042236328
0.030551433563232422
0.02936244010925293
0.04748392105102539
0.02975320816040039
0.029325008392333984
0.17531609535217285
0.032222747802734375
0.04708743095397949