0.010742902755737305
0.02170419692993164
0.017077207565307617
0.010587453842163086
0.01047372817993164
0.010402679443359375
0.010442495346069336
0.010418415069580078
0.011156082153320312
0.024953603744506836
0.010809898376464844
0.010508298873901367
0.010469913482666016
0.010381221771240234
0.010518789291381836
0.010416030883789062
0.010346174240112305
0.024443864822387695
0.011020660400390625
0.0104522705078125
0.01043248176574707
0.01039886474609375
0.010490894317626953
0.010441780090332031
0.010370492935180664
0.1411442756652832
0.010598182678222656
0.010399341583251953
0.01040196418762207
0.010361433029174805
0.01034688949584961
0.011619806289672852
0.023731708526611328
0.012034416198730469
0.010965824127197266
0.010951042175292969
0.010936975479125977
0.011006593704223633
0.010915279388427734
0.013304471969604492
0.023249387741088867
0.011765241622924805
0.010346174240112305
0.010275840759277344
0.010311365127563477
0.010315895080566406
0.010297060012817383
0.016598224639892578
0.01830005645751953
0.013917684555053711
0.010574579238891602
0.010487079620361328
0.010542154312133789
0.010467290878295898
0.010547637939453125
0.014694929122924805
0.023289203643798828
0.010764598846435547
0.010426759719848633
0.01052093505859375
0.010390520095825195
0.010511159896850586
0.010491132736206055
0.02955150604248047
0.01216268539428711
0.010358572006225586
0.010316610336303711
0.010338068008422852
0.010396480560302734
0.010343074798583984
0.01032400131225586
0.016701936721801758
0.019247770309448242
0.012845993041992188
0.01027989387512207
0.010307073593139648
0.010769128799438477
0.010388374328613281
0.010500669479370117
0.018366336822509766
0.01838970184326172
0.010384082794189453
0.010515689849853516
0.01036977767944336
0.010457754135131836
0.010390043258666992