0.3880
0.3174
0.3167
0.2252
0.3201
0.3172
0.3196
0.3169
0.3180
0.3169
0.3175
0.3188
0.3173
0.3175
0.3175
0.3189
0.3181
0.3177
0.3175
0.3179
0.3174
0.3178
0.3181
0.3177
0.3170
0.3182
0.3176
0.3188
0.3174
0.3174
0.3172
0.3183
0.3179
0.3194
0.3176
0.3178
0.3179
0.3172
0.3193
0.3181
0.3177
0.3178
0.3175
0.3173
0.3192
0.3181
0.3175
0.3173
0.3178
0.3172
0.3182
0.3180
0.3195
0.3174
0.3178
0.3187
0.3177
0.3178
0.3173
0.3174
0.3178
0.3181
0.3180
0.3175
0.3172
0.3171
0.3176
0.3235
0.3187
0.3181
0.3184
0.3197
0.3178
0.3177
0.3176
0.3173
0.3175
0.3180
0.3220
0.3194
0.3180
0.3193
0.3174
0.3171
0.3190
0.3194
0.3196
0.3170
0.3177
0.3191
0.3190
0.3183
0.3194
0.3188
0.3184
0.3192
0.3215
0.3174
0.3193
0.3225
0.3196
0.3204
0.3197
0.3187
0.3197
0.3205
0.3193
0.3193
0.3208
0.2263
0.3201
0.3173
0.3193
0.3196
0.3194
0.3213
0.3193
0.3201
0.3177
0.3192
0.3191
0.3170
0.3189
0.3194
0.3194
0.3193
0.3195
0.3193
0.3170
0.3202
0.3190
0.3192
0.3196
0.3200
0.3291
0.3232
0.3448
0.3251
0.3214
0.3202
0.3191
0.3172
0.3198
0.3168
0.3199
0.3192
0.3195
0.3193
0.3197
0.3179
0.3192
0.3196
0.3189
0.2249
0.3196
0.3209
0.3201
0.3196
0.3196
0.3218
0.3173
0.3200
0.3201
0.3198
0.2255
0.2254
0.3216
0.3199
0.3202
0.3200
0.3196
0.2254
0.3194
0.3195
0.3197
0.3199
0.3193
0.3201
0.3197
0.3185
0.3191
0.3197
0.2255
0.3192
0.3200
0.2254
0.2251
0.2250
0.3208
0.2253
0.2251
0.3199
0.3205
0.2253
0.3197
0.3195
0.2254
0.2253
0.3197
0.3203
0.3214
0.3197
0.3190
0.3191
0.3197
0.3208
0.3195
0.3192
0.2254
0.3199
0.3194
0.3198
0.3212
0.3214
0.3193
0.3207
0.3201
0.3197
0.3210
0.3201
0.3198
0.2257
0.2253
0.2252
0.3209
0.2259
0.3211
0.3207
0.2254
0.2253
0.2252
0.3205
0.3194
0.3208
0.3186
0.3194
0.3213
0.3194
0.3195
0.2258
0.2253
0.2252
0.3211
0.2256
0.2253
0.3206
0.3197
0.3203
0.3189
0.3195
0.3208
0.2256
0.2250
0.3209
0.3200
0.3199
0.3197
0.3204
0.2253
0.3200
0.3206
0.3206
0.3195
0.3212
0.3202
0.2255
0.3201
0.2261
0.3215
0.2254
0.2255
0.2254
0.2256
0.2255
0.2252
0.2254
0.2252
0.2253
0.2279
0.2292
0.2255
0.2251
0.2251
0.2252
0.3219
0.3176
0.3193
0.3198
0.3927
0.2255
0.2251
0.3220
0.3193
0.2254
0.2253
0.2250
0.3206
0.2248
0.3210
0.3209
0.3200
0.3216
0.2252
0.2250
0.2249
0.2250
0.2249
0.2255
0.2250
0.2253
0.2249
0.2249
0.3213
0.2254
0.3206
0.3194
0.3200
0.2257
0.2247
0.2248
0.2248
0.2250
0.2250
0.2249
0.3210
0.2254
0.2249
0.2246
0.2248
0.2252
0.2250
0.2249
0.2250
0.2249
0.2252
0.3219
0.2252
0.2248
0.3203
0.2250
0.3197
0.3212
0.3200
0.3189
0.3201
0.2257
0.3196
0.2251
0.2253
0.2252
0.3210
0.2255
0.3215
0.3196
0.2253
0.2248
0.2251
0.2249
0.2247
0.3189
0.3205
0.2252
0.3181
0.3196
0.3181
0.2248
0.2248
0.2252
0.2251
0.2249
0.3183
0.3180
0.3186
0.2250
0.2248
0.2250
0.2250
0.2249
0.2249
0.2249
0.3204
0.3177
0.3172
0.3191
0.2250
0.2249
0.2248
0.2249
0.2249
0.2248
0.2248
0.2251
0.2249
0.2248
0.2248
0.2249
0.3214
0.2251
0.2248
0.2249
0.2250
0.2252
0.3202
0.3186
0.3192
0.2250
0.2248
0.2249
0.2248
0.2247
0.2247
0.2249
0.2247
0.2247
0.2248
0.2248
0.2249
0.2248
0.2246
0.3213
0.2255
0.3193
0.3177
0.3183
0.3319
0.3177
0.3176
0.3190
0.2250
0.3186
0.3194
0.2251
0.3172
0.3177
0.2252
0.3176
0.3166
0.2253
0.2248
0.2246
0.2249
0.2252
0.2252
0.2251
0.2246
0.2249
0.2251
0.2248
0.2248
0.2249
0.2252
0.2252
0.2248
0.2248
0.2249
0.2250
0.2248
0.2250
0.2247
0.2249
0.2248
0.2249
0.2248
0.3215
0.2252
0.3171
0.3192
0.2252
0.2247
0.2249
0.2248
0.2253
0.2250
0.2248
0.3209
0.2252
0.2249
0.2248
0.2248
0.2250
0.2249
0.2249
0.2248
0.2249
0.2249
0.2249
0.2248
0.2249
0.3211
0.2250
0.3188
0.2250
0.3199
0.3192
0.3194
0.2254
0.2250
0.3182
0.3194
0.2256
0.2250
0.2252
0.2248
0.3180
0.3175
0.2252
0.3231
0.2253
0.2248
0.2250
0.2249
0.2251
0.3183
0.2250
0.2257
0.3188
0.2251
0.2249
0.2250
0.2250
0.2249
0.2249
0.2250
0.2251
0.2250
0.2248
0.2249
0.2250
0.3210
0.3219
0.2253
0.2250
0.2250
0.2249
0.2248
0.3209
0.2252
0.2249
0.2249
0.3182
0.2253
0.2249
0.2248
0.3197
0.2253
0.2249
0.2249
0.3191
0.2253
0.3190
0.3189
0.3211
0.3189
0.2252
0.2250
0.3200
0.3191
0.2251
0.3196
0.3191
0.3189
0.2252
0.2251
0.2248
0.2249
0.2249
0.2249
0.2248
0.2248
0.2249
0.2251
0.2249
0.2249
0.3211
0.2253
0.2250
0.2249
0.2249
0.2247
0.2250
0.2248
0.2249
0.2249
0.2251
0.2250
0.3206
0.2251
0.2251
0.2250
0.2248
0.3196
0.2254
0.2252
0.2251
0.2251
0.2249
0.2250
0.3213
0.2250
0.2250
0.2251
0.3188
0.2251
0.3191
0.3212
0.2252
0.2250
0.2251
0.3185
0.2250
0.2250
0.3203
0.3191
0.3192
0.3194
0.2253
0.2249
0.2249
0.2249
0.2250
0.2250
0.2249
0.2249
0.2249
0.2249
0.2251
0.2249
0.2250
0.2250
0.2251
0.2247
0.2248
0.2250
0.2250
0.2247
0.2248
0.2250
0.2250
0.2249
0.2249
0.2248
0.2249
0.2249
0.2249
0.3210
0.3196
0.3218
0.2260
0.2253
0.2251
0.2251
0.2253
0.2249
0.2251
0.2250
0.2249
0.2261
0.2251
0.2249
0.3217
0.2251
0.2254
0.3320
0.2275
0.3576
0.3589
0.2286
0.2283
0.2284
0.2277
0.2258
0.2262
0.2249
0.2250
0.2250
0.2249
0.2250
0.2250
0.2250
0.2250
0.2248
0.2249
0.2251
0.2249
0.2250
0.2248
0.2250
0.2251
0.2250
0.2250
0.2251
0.2252
0.2249
0.2247
0.2250
0.2251
0.2250
0.2251
0.2250
0.2251
0.2251
0.2253
0.2250
0.2249
0.2254
0.2251
0.2251
0.2251
0.2253
0.2251
0.2250
0.2250
0.2249
0.2255
0.2250
0.2249
0.2249
0.2250
0.2250
0.2250
0.2251
0.2252
0.2254
0.2250
0.2251
0.3218
0.3202
0.3210
0.2252
0.2252
0.2250
0.2251
0.3207
0.2255
0.2250
0.2250
0.2250
0.2250
0.2250
0.2248
0.2249
0.3211
0.2255
0.2251
0.2249
0.2251
0.2250
0.2249
0.2249
0.2249
0.2249
0.2254
0.2251
0.2250
0.2250
0.2251
0.2251
0.2251
0.3214
0.2255
0.3194
0.2255
0.2271
0.3209
0.2255
0.3197
0.2254
0.2252
0.2251
0.2251
0.2250
0.3198
0.2253
0.2250
0.3201
0.3196
0.2251
0.2254
0.3219
0.2261
0.2250
0.2250
0.2250
0.2251
0.2249
0.2248
0.2250
0.2252
0.2250
0.2250
0.2250
0.2249
0.2250
0.2249
0.2250
0.3213
0.3179
0.2253
0.2250
0.2250
0.2253
0.2254
0.2251
0.2250
0.2251
0.2251
0.2248
0.2249
0.2251
0.2251
0.2250
0.2250
0.2250
0.2251
0.2250
0.2249
0.2250
0.2251
0.2251
0.2251
0.2250
0.2250
0.2252
0.2251
0.2250
0.2250
0.2251
0.2250
0.2250
0.2250
0.2250
0.2267
0.2250
0.2251
0.2251
0.2252
0.2252
0.2251
0.2250
0.2250
0.2249
0.2250
0.2250
0.2251
0.2252
0.2251
0.2250
0.2252
0.2249
0.2251
0.2251
0.2253
0.2252
0.2253
0.2252
0.2250
0.2250
0.2251
0.2251
0.2251
0.2251
0.2249
0.2253
0.2251
0.2252
0.2251
0.2249
0.2250
0.2250
0.2251
0.2250
0.2252
0.2250
0.2250
0.2251
0.2252
0.2249
0.2251
0.2250
0.2250
0.2251
0.2252
0.2250
0.2250
0.2251
0.2252
0.2251
0.2257
0.3220
0.2255
0.3193
0.3187
0.2252
0.2248
0.2249
0.2249
0.2253
0.2251
0.2250
0.2250
0.2250
0.2257
0.2252
0.2250
0.2250
0.2253
0.2252
0.2250
0.2249
0.2250
0.2253
0.2250
0.2251
0.2250
0.2252
0.2251
0.2249
0.2248
0.2251
0.2253
0.2251
0.2250
0.2249
0.2253
0.2250
0.2249
0.2250
0.2251
0.2249
0.2251
0.2248
0.2249
0.3209
0.2252
0.3194
0.2254
0.2252
0.2251
0.2250
0.2249
0.2253
0.3212
0.2254
0.2249
0.2252
0.2250
0.2250
0.3208
0.2257
0.2250
0.2256
0.2253
0.2252
0.2252
0.2251
0.3199
0.3207
0.2256
0.2253
0.2251
0.2251
0.3205
0.2254
0.2250
0.3210
0.2255
0.2253
0.3183
0.3196
0.2254
0.2250
0.3172
0.3186
0.2252
0.3189
0.2254
0.2251
0.2251
0.2251
0.2248
0.3210
0.3201
0.2255
0.3214
0.2257
0.2253
0.2251
0.3204
0.2255
0.2250
0.2252
0.2253
0.2252
0.3205
0.3188
0.3196
0.2253
0.3187
0.2255
0.2251