0.6537
0.3015
0.2865
0.2867
0.2864
0.2871
0.2865
0.2869
0.2869
0.3199
0.2866
0.3225
0.3221
0.2879
0.3211
0.3216
0.3198
0.2868
0.3192
0.3228
0.3212
0.3207
0.3186
0.3187
0.2867
0.3196
0.3205
0.3203
0.3214
0.3203
0.3199
0.2874
0.3214
0.3217
0.3189
0.3216
0.3198
0.3253
0.2869
0.3204
0.2867
0.2868
0.3213
0.2879
0.2878
0.2881
0.3215
0.3228
0.2868
0.3205
0.2869
0.3235
0.2870
0.2868
0.2868
0.2867
0.3208
0.2872
0.2871
0.2878
0.2882
0.3207
0.2877
0.3214
0.3201
0.2865
0.2868
0.2874
0.2874
0.3191
0.2863
0.3191
0.2874
0.3200
0.2869
0.2870
0.2873
0.2873
0.3238
0.2881
0.2875
0.3192
0.3201
0.2868
0.2870
0.2868
0.2866
0.2866
0.2863
0.3216
0.2867
0.3259
0.2879
0.3203
0.2874
0.2876
0.3215
0.2866
0.2869
0.2871
0.2870
0.3209
0.3202
0.2868
0.3196
0.3191
0.3186
0.3192
0.2876
0.2882
0.2876
0.2872
0.2872
0.2868
0.2870
0.2865
0.2868
0.2870
0.2866
0.2865
0.2865
0.2874
0.2872
0.3208
0.2877
0.2872
0.2871
0.2877
0.2880
0.2874
0.2864
0.2864
0.2869
0.2869
0.2869
0.2873
0.2866
0.3196
0.2867
0.2864
0.2868
0.2878
0.3213
0.2875
0.2876
0.2879
0.2871
0.2869
0.3186
0.2866
0.2865
0.2869
0.2868
0.3187
0.2865
0.2863
0.2867
0.2865
0.2878
0.3231
0.2878
0.2875
0.3291
0.3232
0.3317
0.2875
0.2870
0.2871
0.3216
0.2869
0.2865
0.2864
0.2869
0.2867
0.2867
0.2877
0.2878
0.2876
0.2998
0.2878
0.2866
0.2863
0.2865
0.2869
0.2874
0.2866
0.2869
0.2865
0.3217
0.2868
0.2867
0.2876
0.2875
0.2879
0.3208
0.2876
0.3211
0.2869
0.2866
0.2870
0.2875
0.2872
0.2866
0.3191
0.2861
0.2861
0.2859
0.2866
0.2878
0.2874
0.2877
0.2873
0.2871
0.2870
0.2860
0.2863
0.2865
0.3193
0.2862
0.2864
0.3178
0.2866
0.2865
0.2860
0.2865
0.2873
0.2870
0.2878
0.2872
0.2877
0.2864
0.2862
0.2858
0.2864
0.2874
0.2870
0.2863
0.2865
0.2866
0.2860
0.2863
0.2876
0.2875
0.2875
0.2877
0.2879
0.2872
0.2864
0.2863
0.2860
0.2863
0.2865
0.2864
0.2872
0.2872
0.2868
0.2868
0.2864
0.2881
0.2874
0.2887
0.2879
0.2875
0.2867
0.2869
0.2867
0.2869
0.2872
0.2865
0.2872
0.2866
0.2865
0.2871
0.2877
0.2879
0.2876
0.2878
0.2874
0.2873
0.2874
0.2864
0.2865
0.2866
0.2868
0.4483
0.2866
0.2865
0.2859
0.2864
0.2864
0.2863
0.2874
0.2875
0.2876
0.2878
0.2875
0.2868
0.2862
0.2865
0.2866
0.2867
0.2870
0.2867
0.2868
0.2869
0.2867
0.2868
0.2871
0.2874
0.2874
0.2879
0.2877
0.2877
0.2862
0.2865
0.2862
0.2863
0.2872
0.2868
0.2864
0.2859
0.2864
0.2863
0.2864
0.2877
0.2875
0.2880
0.2877
0.2872
0.2870
0.2868
0.2871
0.2863
0.2866
0.2869
0.2866
0.2862
0.2863
0.2875
0.2868
0.2866
0.2874
0.2879
0.2872
0.2872
0.2876
0.2869
0.2865
0.2862
0.2868
0.2871
0.2877
0.2875
0.2864
0.2867
0.2875
0.2868
0.2864
0.2865
0.2876
0.2875
0.2873
0.2876
0.2877
0.2865
0.2863
0.2871
0.2863
0.2864
0.2873
0.2864
0.2862
0.2863
0.2882
0.2866
0.2876
0.2878
0.2877
0.2884
0.2889
0.2883
0.2874
0.2866
0.2867
0.2866
0.2892
0.2933
0.2871
0.2869
0.2863
0.2864
0.2866
0.2865
0.2875
0.2880
0.2876
0.2874
0.2873
0.2866
0.2867
0.2879
0.2875
0.2870
0.2864
0.2869
0.2874
0.2867
0.2866
0.2871
0.2880
0.2874
0.2876
0.2892
0.2893
0.2890
0.2872
0.2866
0.2862
0.2874
0.2868
0.2868
0.2876
0.2865
0.2866
0.2866
0.2870
0.2865
0.2869
0.2877
0.2876
0.2878
0.2876
0.2885
0.2879
0.2861
0.2863
0.2870
0.2863
0.2870
0.2873
0.2867
0.2874
0.2866
0.2876
0.2877
0.2876
0.2878
0.2874
0.2875
0.2873
0.2869
0.2872
0.2865
0.2868
0.2864
0.2863
0.2868
0.2870
0.2868
0.2864
0.2867
0.2873
0.2873
0.2873
0.2873
0.2874
0.2870
0.2863
0.2862
0.2870
0.2869
0.2866
0.2869
0.2864
0.2872
0.2862
0.2862
0.2865
0.2875
0.2880
0.2876
0.2875
0.2876
0.2873
0.2866
0.2863
0.2869
0.2867
0.2871
0.2865
0.2863
0.2864
0.2865
0.2868
0.2866
0.2875
0.2877
0.2875
0.2877
0.2875
0.2871
0.2870
0.2871
0.2867
0.2866
0.2864
0.2866
0.2866
0.2869
0.2869
0.2867
0.2867
0.2877
0.2879
0.2879
0.2876
0.2875
0.2875
0.2866
0.2866