0.01163482666015625
0.011188983917236328
0.03170061111450195
0.010973215103149414
0.010398149490356445
0.010281085968017578
0.010276556015014648
0.16637563705444336
0.012959480285644531
0.011578083038330078
0.010598421096801758
0.010309457778930664
0.010290861129760742
0.022652149200439453
0.01985764503479004
0.010962963104248047
0.01133871078491211
0.01068878173828125
0.009990692138671875
0.010214805603027344
0.012774467468261719
0.029836416244506836
0.010097265243530273
0.010175466537475586
0.010166168212890625
0.010022163391113281
0.010061979293823242
0.010061502456665039
0.020837068557739258
0.017727136611938477
0.01136326789855957
0.01051640510559082
0.010218381881713867
0.010317564010620117
0.010138511657714844
0.010153532028198242
0.02420496940612793
0.015711307525634766
0.01007986068725586
0.010240554809570312
0.012810707092285156
0.010036230087280273
0.00997018814086914
0.01063847541809082
0.028821945190429688
0.011538028717041016
0.010059118270874023
0.010330438613891602
0.010118484497070312
0.009967803955078125
0.009938478469848633
0.01177358627319336
0.028966188430786133
0.01061391830444336
0.009992122650146484
0.009960651397705078
0.010062456130981445
0.009995222091674805
0.009990215301513672
0.013128519058227539
0.017876863479614258
0.012265682220458984
0.011829853057861328
0.009994029998779297
0.010964632034301758
0.01061558723449707
0.009948253631591797
0.010097503662109375
0.029879093170166016
0.010405302047729492
0.010175943374633789
0.010488271713256836
0.010035037994384766
0.010001897811889648
0.010128021240234375
0.01181936264038086
0.031204938888549805
0.020574092864990234
0.020601987838745117
0.020452499389648438
0.02223944664001465
0.016782522201538086
0.010282278060913086
0.010712146759033203
0.010089635848999023
0.010063886642456055
0.010039806365966797
0.010022640228271484
0.014299392700195312
0.021854400634765625
0.010798215866088867
0.010291814804077148
0.010119438171386719
0.010141372680664062
0.010292530059814453
0.010141849517822266
0.016923904418945312
0.02136063575744629
0.010122060775756836
0.01043248176574707
0.01036977767944336
0.010586023330688477
0.01034688949584961
0.010849714279174805
0.023757219314575195
0.017725706100463867
0.010275125503540039
0.010227203369140625
0.010234832763671875
0.010197162628173828
0.010146141052246094
0.010230541229248047
0.027776718139648438
0.014245748519897461
0.010907888412475586
0.010133743286132812
0.011030197143554688
0.010190725326538086
0.010301828384399414
0.012247800827026367
0.024947166442871094
0.013590097427368164
0.010474681854248047
0.010547399520874023
0.010450124740600586
0.010433435440063477
0.010355472564697266
0.01863837242126465
0.02064967155456543
0.011178016662597656
0.010605573654174805
0.010353565216064453
0.010259151458740234
0.010458946228027344
0.010719537734985352
0.020740747451782227
0.018905162811279297
0.010197162628173828
0.010215044021606445
0.010345458984375
0.010222673416137695
0.010198593139648438
0.010188579559326172
0.028319120407104492
0.013000011444091797
0.01046133041381836
0.010441780090332031
0.01041269302368164
0.010406732559204102
0.010500907897949219
0.014330148696899414
0.025426864624023438
0.013233423233032227
0.010081291198730469
0.0100860595703125
0.010823965072631836
0.010521411895751953
0.010154008865356445
0.021485090255737305
0.016393423080444336
0.011083841323852539
0.010209798812866211
0.010166406631469727
0.01018834114074707
0.010205984115600586
0.010235786437988281
0.024029016494750977
0.012942790985107422
0.013100385665893555
0.010469436645507812
0.010539770126342773
0.010453462600708008
0.01052999496459961
0.010660886764526367
0.022114992141723633
0.016512155532836914
0.010550260543823242
0.010244131088256836
0.010213375091552734
0.010306835174560547
0.010246992111206055
0.012670755386352539
0.026238441467285156
0.013285160064697266
0.010673761367797852
0.010543107986450195
0.010518312454223633
0.010534286499023438
0.010453939437866211
0.01575446128845215
0.015642642974853516
0.018146514892578125
0.010007858276367188
0.00998997688293457
0.010008096694946289
0.010067939758300781
0.01004338264465332
0.0158841609954834
0.3177952766418457
0.012364387512207031
0.0101776123046875
0.010228872299194336
0.009956121444702148
0.009975910186767578
0.009967565536499023
0.011543512344360352
0.02216029167175293
0.014019966125488281
0.011941194534301758
0.010450601577758789
0.010009050369262695
0.01014089584350586
0.010019540786743164
0.012596845626831055
0.020962238311767578
0.014061212539672852
0.010203123092651367
0.01037287712097168
0.009860038757324219
0.009881258010864258
0.009850502014160156
0.0099029541015625
0.02559661865234375
0.015887022018432617
0.010267019271850586
0.01032400131225586
0.010309219360351562
0.01031494140625
0.014807462692260742
0.0318450927734375
0.012550115585327148
0.010199308395385742
0.010247468948364258
0.010207414627075195
0.01032257080078125
0.010309457778930664
0.012609720230102539
0.021427154541015625
0.012063980102539062
0.009976863861083984
0.009964942932128906
0.009898662567138672
0.00985574722290039
0.00988316535949707
0.00984954833984375
0.029140472412109375
0.013602733612060547
0.009945154190063477
0.009997844696044922
0.01476740837097168
0.010459184646606445
0.010345458984375
0.022802114486694336
0.017628192901611328
0.01113271713256836
0.010484933853149414
0.01044464111328125
0.010439872741699219
0.01040792465209961
0.010749578475952148
0.01785874366760254
0.016594886779785156
0.010011911392211914
0.010103940963745117
0.010062694549560547
0.009988069534301758
0.010049104690551758
0.010016441345214844
0.02040386199951172
0.02501201629638672
0.010557889938354492
0.010373115539550781
0.010592222213745117
0.010258197784423828
0.010288476943969727
0.013022661209106445
0.02770686149597168
0.010659456253051758
0.010235071182250977
0.010348081588745117
0.010179281234741211
0.010222434997558594
0.01025700569152832
0.023032426834106445
0.015796899795532227
0.011234760284423828
0.012188911437988281
0.011861085891723633
0.010228157043457031
0.010064840316772461
0.010135173797607422
0.03141903877258301