0.07324433326721191
0.06409835815429688
0.07399725914001465
0.07425999641418457
0.06713700294494629
0.07393479347229004
0.07666301727294922
0.07690691947937012
0.06945919990539551
0.07470250129699707
0.08867740631103516
0.08070135116577148
0.06663751602172852
0.07338690757751465
0.07317185401916504
0.07107114791870117
0.06481313705444336
0.08038949966430664
0.07565093040466309
0.07941007614135742
0.07576417922973633
0.07601642608642578
0.07889318466186523
0.0816655158996582
0.08407402038574219
0.07697796821594238
0.07975435256958008
0.07774615287780762
0.08466243743896484
0.08127474784851074
0.07080459594726562
0.07967638969421387
0.0837709903717041
0.22863197326660156
0.0867624282836914
0.08140707015991211
0.08334064483642578
0.07461881637573242
0.06809806823730469
0.07285618782043457
0.07545042037963867
0.06483006477355957
0.07629990577697754
0.0735619068145752
0.07215309143066406
0.07328200340270996
0.07565116882324219
0.07428169250488281
0.07213091850280762
0.0722355842590332
0.0755624771118164
0.06751728057861328
0.0738217830657959
0.07520174980163574
0.07703542709350586
0.07358050346374512
0.07393097877502441
0.07217741012573242
0.0761873722076416
0.06708908081054688
0.07221388816833496
0.0806126594543457
0.0788264274597168
0.07495546340942383
0.07316756248474121
0.07932448387145996
0.0766761302947998
0.07680964469909668
0.06225872039794922
0.08203530311584473
0.08220863342285156
0.08234763145446777
0.07589387893676758
0.24868273735046387
0.08205652236938477
0.07892417907714844
0.07508707046508789
0.08411717414855957
0.0840306282043457
0.07980585098266602
0.07657384872436523
0.07425498962402344
0.07390761375427246
0.07926535606384277
0.07914519309997559
0.07307791709899902
0.07339262962341309
0.07196235656738281
0.07688260078430176
0.07410788536071777
0.07629680633544922
0.07459044456481934
0.0819389820098877
0.06917381286621094
0.07054400444030762
0.07430744171142578
0.07371807098388672
0.059365272521972656
0.0763082504272461
0.07211780548095703
0.0611264705657959
0.07666611671447754
0.07403731346130371
0.06136727333068848
0.06592655181884766
0.06674051284790039
0.05814552307128906
0.07015419006347656
0.06871700286865234
0.06052970886230469
0.0676736831665039
0.06745505332946777
0.2141430377960205
0.0604405403137207
0.06678581237792969
0.06650066375732422
0.058133840560913086
0.06950926780700684
0.06969475746154785
0.058858633041381836
0.06662249565124512
0.0671696662902832
0.059453487396240234
0.06760907173156738
0.06503081321716309
0.062108516693115234
0.06902098655700684
0.06773710250854492
0.062097787857055664
0.06852960586547852
0.06172060966491699
0.0657355785369873
0.07496047019958496
0.0740501880645752
0.059725046157836914
0.07574105262756348
0.07451963424682617
0.0663752555847168
0.07264971733093262
0.07529830932617188
0.07417511940002441
0.06138730049133301
0.07341909408569336
0.07555532455444336
0.05844449996948242
0.06798648834228516
0.06750988960266113
0.059021711349487305
0.07149910926818848
0.06723523139953613
0.05909395217895508
0.24459123611450195
0.06059575080871582
0.07419729232788086
0.07475399971008301
0.06349372863769531
0.07062053680419922
0.07717013359069824
0.07453703880310059
0.059012413024902344
0.07362222671508789
0.07646846771240234
0.0590822696685791
0.0740201473236084
0.07583999633789062
0.06466293334960938
0.06691455841064453
0.07567048072814941
0.07914376258850098
0.05893206596374512
0.07306122779846191
0.07547140121459961
0.05938220024108887
0.07540082931518555
0.07559943199157715
0.0682682991027832
0.06655383110046387
0.07276082038879395
0.07411813735961914
0.058208465576171875
0.07720732688903809
0.07580947875976562
0.06121540069580078
0.07291316986083984
0.07483839988708496
0.0718841552734375
0.06276655197143555
0.07477211952209473
0.07337713241577148
0.05911827087402344
0.24123883247375488
0.05952811241149902
0.0744016170501709
0.07525396347045898
0.06619858741760254
0.06827688217163086
0.07504534721374512
0.07473611831665039
0.0591578483581543
0.07554364204406738
0.07504844665527344
0.05919504165649414
0.07436180114746094
0.07594776153564453
0.06801724433898926
0.064056396484375
0.0779275894165039
0.0770254135131836
0.05978870391845703
0.07431387901306152
0.07396841049194336
0.060057640075683594
0.07453632354736328
0.07678604125976562
0.07300233840942383
0.05922985076904297
0.07486557960510254
0.07229995727539062
0.0634148120880127
0.0727074146270752
0.07700061798095703
0.0672445297241211
0.06583499908447266
0.0763247013092041
0.07578539848327637
0.05921816825866699
0.0760812759399414
0.07521724700927734
0.0648341178894043
0.2314894199371338
0.05932903289794922
0.07307147979736328
0.07683348655700684
0.07026505470275879
0.06526899337768555
0.07565426826477051
0.07465624809265137
0.05895376205444336
0.07789850234985352
0.07694220542907715
0.06808996200561523
0.06698107719421387
0.07461237907409668
0.07362222671508789
0.059326171875
0.07556581497192383
0.07427048683166504
0.05929446220397949
0.07559394836425781
0.07497048377990723
0.07194304466247559
0.0639181137084961
0.07404971122741699
0.07813572883605957
0.05950498580932617
0.07516860961914062
0.07518911361694336
0.06786608695983887
0.06405520439147949
0.07580971717834473
0.07305574417114258
0.060209035873413086
0.07591867446899414
0.07553911209106445
0.05951666831970215
0.06701445579528809
0.06745624542236328
0.05895566940307617
0.20396995544433594
0.06858468055725098
0.06737923622131348
0.06189298629760742
0.06973123550415039
0.0700385570526123
0.058923959732055664
0.06870794296264648
0.06813216209411621
0.05975031852722168
0.0694282054901123
0.06699562072753906
0.059908151626586914
0.06814026832580566
0.0641624927520752
0.06297755241394043
0.06899523735046387
0.0620570182800293
0.06378293037414551
0.06861305236816406