0.019820213317871094
0.02629685401916504
0.0286562442779541
0.01872086524963379
0.020004987716674805
0.019269227981567383
0.041140079498291016
0.018659114837646484
0.018676042556762695
0.018642663955688477
0.0401151180267334
0.018717527389526367
0.018580198287963867
0.018556594848632812
0.033997297286987305
0.019137859344482422
0.01843571662902832
0.018594741821289062
0.02067875862121582
0.0343928337097168
0.14775586128234863
0.02723979949951172
0.02854752540588379
0.018627405166625977
0.01856255531311035
0.018587589263916016
0.03323197364807129
0.018770694732666016
0.018990516662597656
0.018476486206054688
0.028599977493286133
0.02679729461669922
0.019806623458862305
0.018494367599487305
0.018626689910888672
0.032245635986328125
0.019227266311645508
0.01856255531311035
0.018644094467163086
0.02552962303161621
0.025606393814086914
0.01884746551513672
0.018760204315185547
0.018771886825561523
0.03990745544433594
0.018687963485717773
0.018671751022338867
0.0186614990234375
0.04316520690917969
0.018466949462890625
0.01842975616455078
0.01838064193725586
0.03777337074279785
0.02012348175048828
0.01901102066040039
0.01952981948852539
0.03440690040588379
0.024965524673461914
0.018626928329467773
0.01864933967590332
0.020646095275878906
0.03590536117553711
0.01851367950439453
0.018401145935058594
0.018314361572265625
0.038286447525024414
0.019266366958618164
0.018631458282470703
0.018658161163330078
0.0315394401550293
0.02290487289428711
0.018550872802734375
0.018530607223510742
0.019225358963012695
0.037087440490722656
0.018661022186279297
0.018566608428955078
0.018660306930541992
0.03994917869567871
0.018944263458251953
0.018617630004882812
0.018690824508666992
0.032776594161987305
0.021560192108154297
0.01878976821899414
0.018780946731567383
0.019840240478515625
0.03622627258300781
0.01881265640258789
0.01882624626159668
0.018736600875854492
0.036856889724731445
0.019043684005737305
0.018779754638671875
0.018792390823364258
0.02602219581604004
0.16109466552734375
0.018845796585083008
0.03316044807434082
0.019639015197753906
0.0190887451171875
0.021564722061157227