0.033785343170166016
0.02776169776916504
0.02789163589477539
0.03338479995727539
0.028730392456054688
0.027744293212890625
0.03166961669921875
0.02963089942932129
0.02766561508178711
0.029004812240600586
0.03358769416809082
0.1210930347442627
0.028151512145996094
0.03151273727416992
0.029101848602294922
0.027593612670898438
0.028328418731689453
0.032536983489990234
0.02909398078918457
0.027611255645751953
0.03274822235107422
0.028290748596191406
0.027864456176757812
0.03121209144592285
0.03225564956665039
0.027383089065551758
0.027947425842285156
0.03396940231323242
0.02801346778869629
0.027811527252197266
0.03234386444091797
0.028621912002563477
0.027596712112426758
0.02948284149169922
0.03232765197753906
0.02756476402282715
0.028382539749145508
0.033416748046875
0.029668569564819336
0.02763652801513672
0.03157663345336914
0.028840303421020508
0.02783942222595215
0.02979564666748047
0.03459811210632324
0.02870488166809082
0.028241872787475586
0.03355216979980469
0.028986215591430664
0.027570724487304688
0.03256630897521973
0.030857563018798828
0.12500524520874023
0.032968997955322266
0.03328132629394531
0.02792835235595703
0.027759790420532227
0.03386282920837402
0.027805328369140625
0.027765989303588867
0.031653404235839844
0.031243085861206055
0.027796268463134766
0.029141902923583984
0.03242158889770508
0.027779102325439453
0.02776050567626953
0.032820701599121094
0.02812957763671875
0.02783489227294922
0.03050994873046875
0.03264164924621582
0.0278472900390625
0.029227733612060547
0.03410625457763672
0.029400110244750977
0.02761220932006836
0.03304576873779297
0.027516841888427734
0.027595996856689453
0.029313325881958008
0.03163552284240723
0.02830195426940918
0.02785205841064453
0.032454490661621094
0.02758932113647461
0.027485370635986328
0.03151202201843262
0.03144979476928711
0.027579545974731445
0.02941584587097168
0.03220224380493164
0.02749156951904297
0.027662038803100586
0.11719298362731934
0.03032994270324707
0.027473926544189453
0.02760481834411621
0.03400778770446777
0.02856278419494629
0.02767801284790039
0.03195953369140625
0.030183792114257812
0.027796030044555664
0.029595613479614258
0.03351306915283203
0.027762413024902344
0.027633190155029297
0.03321075439453125
0.027785062789916992
0.027508974075317383
0.029860973358154297
0.031000614166259766
0.02772808074951172
0.028140783309936523
0.03273129463195801
0.028090953826904297
0.027654170989990234
0.03183460235595703
0.028310537338256836
0.02744603157043457
0.029074907302856445
0.03264737129211426
0.028298139572143555
0.027457475662231445
0.03356146812438965
0.02769780158996582
0.027610301971435547
0.03039097785949707
0.030990123748779297
0.027504444122314453
0.02784872055053711
0.033014774322509766
0.027579545974731445
0.027428865432739258
0.11936688423156738
0.03336930274963379
0.0299222469329834
0.02757549285888672
0.03282499313354492
0.02880120277404785
0.027695417404174805
0.031313419342041016
0.030622243881225586
0.028720617294311523
0.029604434967041016
0.030915260314941406
0.027444124221801758
0.027647733688354492
0.03230452537536621
0.03035116195678711
0.027930021286010742
0.03266549110412598
0.030010461807250977
0.027621030807495117
0.02805924415588379
0.033048391342163086
0.02762460708618164
0.02761673927307129
0.03188943862915039
0.029315948486328125
0.02756214141845703
0.030169010162353516
0.031293630599975586
0.0288846492767334
0.02765488624572754
0.033716678619384766
0.028774261474609375
0.02791428565979004
0.03197455406188965
0.03042912483215332
0.028292179107666016
0.029874086380004883
0.03267645835876465
0.027605533599853516
0.02749347686767578
0.032704830169677734
0.13151049613952637
0.027883291244506836
0.031548261642456055
0.029969453811645508
0.027525901794433594
0.029384136199951172
0.03153848648071289
0.027594327926635742
0.027497291564941406
0.03348803520202637
0.02956533432006836
0.027729272842407227
0.03130507469177246
0.029683828353881836
0.027425289154052734
0.028138160705566406
0.03329133987426758
0.02963113784790039
0.02750396728515625
0.03243851661682129
0.028777599334716797
0.02753472328186035
0.030665874481201172
0.03368949890136719
0.029148578643798828
0.030132293701171875
0.03228330612182617
0.0278627872467041
0.027476787567138672
0.032299041748046875
0.029291391372680664
0.028461933135986328
0.03015923500061035
0.032204627990722656
0.02844715118408203
0.028179645538330078
0.034238338470458984
0.0282440185546875
0.02901148796081543
0.034294843673706055
0.028232574462890625
0.12355828285217285
0.03019261360168457
0.03158855438232422
0.02814650535583496
0.027930021286010742
0.03358173370361328
0.030382871627807617
0.02845621109008789
0.033199310302734375
0.029947996139526367
0.028514385223388672
0.03103804588317871
0.03284335136413574
0.03017449378967285
0.029415369033813477
0.03345918655395508
0.02783989906311035
0.027821063995361328
0.03282976150512695
0.03048229217529297
0.028322458267211914
0.03155350685119629
0.03268027305603027
0.02910304069519043
0.02991199493408203
0.03232121467590332
0.02799248695373535
0.028298616409301758
0.03390049934387207
0.029003620147705078
0.02781200408935547
0.03161311149597168
0.030254602432250977
0.027803421020507812
0.02929091453552246
0.03328442573547363
0.02785658836364746
0.027866840362548828
0.03370022773742676
0.027916669845581055
0.02784562110900879
0.12936019897460938
0.03261208534240723
0.028768539428710938
0.029124736785888672
0.03363156318664551
0.027846336364746094
0.027738332748413086
0.03340315818786621
0.02763199806213379
0.028179645538330078
0.030585765838623047
0.030410289764404297
0.02783036231994629
0.02769017219543457
0.0340878963470459
0.028110265731811523
0.02756810188293457
0.03408050537109375
0.028368234634399414
0.02887105941772461
0.03034043312072754
0.03390192985534668
0.02783799171447754
0.02815532684326172
0.03338479995727539
0.027563810348510742
0.02746725082397461
0.0336458683013916
0.02981400489807129
0.028415441513061523
0.03065776824951172
0.03152871131896973
0.02826094627380371
0.029300212860107422
0.03539609909057617
0.028528928756713867
0.029572248458862305
0.033579111099243164
0.02820587158203125
0.027829647064208984
0.031118154525756836
0.031890153884887695
0.12251496315002441
0.027901172637939453
0.035362958908081055
0.029836654663085938
0.02886199951171875