0.8348
0.4942
0.4922
0.4970
0.3281
0.3287
0.3275
0.3298
0.3276
0.3278
0.3276
0.3293
0.3286
0.3288
0.5073
0.4962
0.4953
0.4996
0.4957
0.4967
0.4978
0.5026
0.5007
0.4974
0.4988
0.4983
0.5001
0.4946
0.4936
0.4893
0.4864
0.4834
0.4896
0.4966
0.5004
0.5010
0.5011
0.4986
0.5067
0.4986
0.4988
0.4986
0.4996
0.4980
0.4970
0.4962
0.4978
0.4954
0.4947
0.4981
0.4958
0.5159
0.4944
0.4951
0.4952
0.4965
0.4960
0.4991
0.4994
0.4986
0.5016
0.4983
0.4974
0.4949
0.4963
0.4919
0.4885
0.4906
0.4875
0.4894
0.5034
0.4931
0.5043
0.4970
0.5002
0.4985
0.4945
0.4954
0.5031
0.4994
0.4945
0.4943
0.5012
0.4946
0.4939
0.4974
0.4942
0.4948
0.4960
0.4967
0.4968
0.4893
0.4878
0.4899
0.4901
0.4935
0.4982
0.5002
0.4974
0.5028
0.4978
0.4969
0.4965
0.5072
0.5003
0.4986
0.4988
0.5001
0.4943
0.4970
0.4964
0.4994
0.4986
0.4977
0.4999
0.4987
0.4954
0.4974
0.4952
0.4928
0.4918
0.4850
0.4853
0.4936
0.4956
0.4972
0.4966
0.4953
0.4946
0.4961
0.4968
0.4959
0.4981
0.5000
0.5019
0.4956
0.4990
0.5017
0.4955
0.4974
0.4996
0.5020
0.4959
0.4991
0.4963
0.4976
0.4923
0.4927
0.4854
0.4875
0.4958
0.3295
0.3284
0.3310
0.5010
0.4915
0.4941
0.4932
0.4964
0.4987
0.4998
0.4986
0.4945
0.4990
0.4995
0.4960
0.3280
0.3296
0.3286
0.3285
0.3295
0.3279
0.3282
0.3275
0.3281
0.4963
0.4913
0.4923
0.4983
0.4937
0.4969
0.4968
0.3319
0.4938
0.4957
0.4921
0.4963
0.4931
0.4970
0.5014
0.3302
0.4954
0.4889
0.4918
0.4946
0.4977
0.5150
0.4923
0.4950
0.3286
0.3271
0.3279
0.3281
0.5007
0.3281
0.3275
0.4889
0.3277
0.4930
0.4952
0.4937
0.4903
0.4848
0.4866
0.3278
0.4919
0.4898
0.3282
0.4884
0.3282
0.3291
0.3286
0.3278
0.3273
0.3305
0.4986
0.4914
0.4994
0.3287
0.4919
0.3285
0.4922
0.3281
0.4962
0.5009
0.5069
0.4981
0.3314
0.4991
0.4963
0.4963
0.5016
0.4960
0.4964
0.4995
0.4991
0.3291
0.3274
0.3274
0.3282
0.3278
0.4924
0.3296
0.3279
0.4975
0.5027
0.4990
0.3307
0.3277
0.3278
0.3270
0.3294
0.4939
0.4907
0.4946
0.4897
0.4924
0.5040
0.3297
0.3279
0.4847
0.4910
0.3292
0.4944
0.3285
0.4983
0.4997
0.3313
0.4951
0.4942
0.4941
0.3285
0.4928
0.4922
0.5006
0.3291
0.3280
0.4981
0.3283
0.4948
0.3321
0.3284
0.4919
0.3285
0.3279
0.5035
0.3298
0.3281
0.4878
0.3285
0.4946
0.4959
0.4942
0.4903
0.4908
0.4884
0.4927
0.4916
0.4940
0.4993
0.4946
0.4970
0.4964
0.4942
0.3292
0.4916
0.5029
0.3288
0.4906
0.4913
0.3277
0.4861
0.4867
0.4922
0.3283
0.4887
0.4927
0.3289
0.4976
0.3287
0.3304
0.3285
0.4916
0.4904
0.4950
0.3284
0.4890
0.4918
0.4910
0.3286
0.4849
0.4910
0.3290
0.3291
0.4997
0.4961
0.4940
0.4899
0.4967
0.3298
0.3301
0.4920
0.3284
0.4881
0.4908
0.3292
0.4873
0.3277
0.4864
0.4887
0.4883
0.3274
0.3274
0.3310
0.4925
0.3313
0.4947
0.4925
0.4942
0.5021
0.4980
0.4947
0.4968
0.5000
0.4977
0.4972
0.5018
0.4969
0.4967
0.4943
0.4959
0.3287
0.3279
0.3280
0.4958
0.4900
0.3277
0.4940
0.4959
0.4990
0.4941
0.4911
0.4890
0.4840
0.3281
0.3275
0.4950
0.5005
0.4945
0.3284
0.3299
0.4927
0.4885
0.4960
0.3281
0.4911
0.3278
0.3279
0.4967
0.4964
0.4921
0.4994
0.4908
0.4872
0.4850
0.3272
0.3272
0.3304
0.4961
0.4953
0.4951
0.4940
0.4986
0.4987
0.4971
0.4941
0.4957
0.5011
0.4964
0.4968
0.4940
0.4896
0.3280
0.3290
0.3285
0.3277
0.3269
0.4950
0.3316
0.3281
0.3279
0.4998
0.5003
0.3284
0.3277
0.4827
0.3273
0.3283
0.4959
0.4927
0.4981
0.3287
0.3284
0.4888
0.4950
0.5142
0.4946
0.5750
0.3300
0.4957
0.3286
0.3283
0.4986
0.4909
0.5044
0.4959
0.3280
0.3297
0.3273
0.3268
0.3265
0.4940
0.4957
0.4956
0.3288
0.4942
0.3282
0.4853
0.4918
0.4911
0.3291
0.4963
0.4911
0.3275
0.4865
0.3276
0.4862
0.3279
0.3285
0.5012
0.3287
0.3278
0.3277
0.3300
0.4886
0.4933
0.4962
0.3322
0.4895
0.4899
0.3293
0.4886
0.4902
0.3279
0.4914
0.3285
0.3282
0.3286
0.3273
0.3280
0.4986
0.5030
0.5035
0.3317
0.4963
0.4930
0.4947
0.5018
0.4953
0.4956
0.4983
0.3287
0.3278
0.3277
0.3270
0.3291
0.3275
0.3276
0.3286
0.3270
0.3267
0.3266
0.3287
0.3269
0.3276
0.4998
0.4947
0.3274
0.3311
0.3278
0.3273
0.3283
0.3275
0.4856
0.3275
0.4820
0.3273
0.4907
0.4817
0.3278
0.4894
0.3288
0.3325
0.3271
0.3270
0.3277
0.3281
0.4916
0.3279
0.3282
0.3270
0.4959
0.4975
0.3283
0.4903
0.3279
0.3283
0.3278
0.3282
0.3273
0.3275
0.3325
0.3287
0.3277
0.3274
0.4989
0.4984
0.4962
0.3304
0.4896
0.3288
0.4856
0.4871
0.3281
0.4863
0.3285
0.4854
0.4842
0.3279
0.3276
0.3287
0.3280
0.3271
0.3275
0.4906
0.4961
0.4948
0.3277
0.4949
0.4958
0.4965
0.4987
0.4982
0.4947
0.4961
0.4909
0.4875
0.4903
0.4888
0.3278
0.3283
0.3319
0.3272
0.3282
0.3271
0.3304
0.3281
0.3282
0.3285
0.3276
0.4879
0.3288
0.3278
0.4956
0.3284
0.3287
0.3284
0.3275
0.3293
0.3302
0.3282
0.5015
0.4977
0.5015
0.3287
0.3282
0.3291
0.3274
0.5027
0.3291
0.4879
0.3284
0.3286
0.3309
0.3284
0.3286
0.3283
0.3302
0.3284
0.3283
0.3310
0.3286
0.3286
0.3278
0.3282
0.3284
0.3285
0.3289
0.3281
0.3280
0.4966
0.4900
0.3282
0.3310
0.3274
0.3285
0.4900
0.3279
0.3300
0.3284
0.4833
0.3277
0.3280
0.3289
0.3275
0.4899
0.3277
0.3284
0.4951
0.3300
0.3271
0.3276
0.3275
0.4963
0.3283
0.4898
0.4941
0.4940
0.4950
0.4939
0.3281
0.3277
0.3278
0.3274
0.3285
0.3278
0.3274
0.4997
0.3289
0.3280
0.3283
0.4959
0.3280
0.4934
0.4980
0.4974
0.3284
0.3285
0.4892
0.4919
0.3282
0.3280
0.3280
0.5211
0.3319
0.3309
0.3378
0.3293
0.3284
0.3289
0.3303
0.3285
0.3287
0.3296
0.3272
0.3279
0.3323
0.3269
0.4918
0.4921
0.3286
0.3274
0.3277
0.4963
0.3284
0.3271
0.3281
0.5110
0.3296
0.3275
0.3275
0.3295
0.5064
0.4967
0.4920
0.4919
0.4997
0.4940
0.3283
0.3280
0.3280
0.3288
0.3281
0.3278
0.3272
0.5009
0.3292
0.3284
0.3286
0.3275
0.4960
0.3300
0.3281
0.3285
0.3307
0.3287
0.4903
0.3285
0.4912
0.3286
0.3290
0.3291
0.3282
0.3275
0.4965
0.3298
0.4947
0.4942
0.3277
0.3275
0.3278
0.5022
0.4945
0.4937
0.3293
0.3288
0.4895
0.3288
0.3277
0.3301
0.3291
0.4903
0.3291
0.3276
0.5012
0.3307
0.3276
0.3277
0.3291
0.3303
0.3288
0.3283
0.3302
0.3284
0.3289
0.3289
0.3283
0.3280
0.3287
0.3304
0.3281
0.3281
0.5085
0.5016
0.4987
0.3316
0.3287
0.3286
0.3290
0.3287
0.3285
0.3280
0.3309
0.3288
0.3284
0.3299
0.3284
0.3281
0.3272
0.3306
0.3283
0.3278
0.3312
0.3281
0.3282
0.3279
0.3299
0.3281
0.3278
0.3308
0.4946
0.3299
0.3283
0.3276
0.3293
0.3277
0.3280
0.3288
0.3274
0.3280
0.3293
0.3309
0.3294
0.3276
0.3290
0.3279
0.3275
0.3269
0.3285
0.3275
0.3278
0.3298
0.3270
0.3283
0.3282
0.3285
0.3281
0.4941
0.3280
0.3277
0.5015
0.3297
0.3278
0.3276
0.3284
0.3288
0.3281
0.3277
0.3288
0.3287
0.3277
0.3288
0.3281
0.3271
0.3275
0.3298
0.3278
0.3281
0.5025
0.3289
0.4946
0.4977
0.4979
0.3293
0.4883
0.4876
0.3284
0.3274
0.3280
0.3315
0.3283
0.3315
0.3304
0.4977
0.3294
0.3288
0.3275
0.3300
0.3278
0.4906
0.3285
0.4952
0.4994
0.4912
0.4864
0.3284
0.4945
0.3281
0.3321
0.3287
0.3280
0.3283
0.3273
0.4898
0.3275
0.3275
0.4981
0.3327
0.3275
0.4886
0.4939
0.4872
0.3273
0.3275
0.3274
0.4954
0.3283
0.4925
0.3283
0.4973
0.3284
0.4891
0.4900
0.3283
0.3277
0.3281
0.3272
0.3276
0.5042
0.5053
0.4971
0.4986
0.3312
0.3273
0.3278
0.3292
0.3269
0.3271
0.3271
0.3287
0.4948
0.3288
0.3274
0.3275
0.4942
0.3284
0.4921
0.3286
0.3278
0.3284
0.3319
0.4916
0.3291
0.3284
0.3279
0.5009
0.3285
0.3272
0.3275
0.3308
0.3276
0.3281
0.3272
0.4963
0.3294
0.4931
0.3290
0.3287
0.3288
0.3270
0.3274
0.3275
0.3286
0.3284
0.3280
0.3275
0.3297
0.3283
0.3279
0.3283
0.4958
0.4911
0.4970
0.4941
0.4940
0.4943
0.3281
0.3277
0.3281
0.3278
0.3295
0.3281
0.3277
0.3282
0.3285
0.3283
0.3275
0.3287
0.3274
0.3285
0.3277
0.3286
0.3286
0.3284
0.3302
0.4993
0.3288
0.3278
0.3276
0.3293
0.3289
0.3284
0.3298
0.3285
0.3279
0.3315
0.3287
0.3282
0.3282
0.3307
0.4945
0.3279
0.3278
0.3278
0.3282
0.3279
0.3284
0.3280
0.3278
0.3284
0.3276
0.3323
0.4956
0.3292
0.4899
0.3292
0.3274
0.3294
0.3280
0.3272
0.3299
0.4950
0.3285
0.3275
0.3279
0.3310
0.3276
0.3274
0.3286
0.3267
0.3272
0.3283
0.3292
0.3277
0.3276
0.3294
0.3282
0.3288
0.3291
0.3299
0.3286
0.3282
0.3289
0.3285
0.3282
0.3276
0.3316
0.3277
0.3274
0.3289
0.3273
0.3286
0.3287
0.3316
0.3281
0.4895
0.3292
0.4944
0.3284
0.3304
0.3280
0.3287
0.3314
0.3281
0.4896
0.3280
0.3277
0.3298
0.3290
0.3283
0.3280
0.3314
0.3280
0.3287
0.3284
0.3289
0.3289
0.3275
0.3279
0.3281
0.4960
0.3284
0.3289
0.5003
0.3295
0.3285
0.3275
0.3304
0.3281
0.3276
0.4957
0.3284
0.3274
0.3280
0.3273
0.3295
0.3276
0.3284
0.3268
0.3300
0.3277
0.3278
0.3306
0.3275
0.3278
0.3276
0.3299
0.3276
0.3280
0.4983
0.3289
0.4968
0.3281
0.3272
0.3272
0.4950
0.3296
0.4945
0.3283
0.4864
0.4853
0.3283
0.3276
0.4871
0.3280
0.3320
0.3279
0.3282
0.3274
0.3323
0.3274
0.3275
0.3320
0.3274
0.3275
0.3277
0.3292
0.3283
0.3285
0.3292
0.3285
0.3278
0.3271
0.3318
0.3284
0.3283
0.3281
0.3285
0.3281
0.3276
0.3309
0.3280
0.3277
0.3285
0.3276
0.3282
0.3282
0.3292
0.3281
0.3283
0.3298
0.3283
0.4908
0.3296
0.4951
0.3282
0.3288
0.3274
0.3278
0.3277
0.4985
0.3288
0.4868
0.3282
0.3274
0.3269
0.3283
0.4917
0.3284
0.4843
0.3285
0.4813
0.3283
0.3277
0.3288
0.3274
0.3274
0.3305
0.3287
0.3279
0.3273
0.3280
0.3281
0.3276
0.3275
0.4959
0.3286
0.3279
0.3279
0.3283
0.3272
0.3284
0.3280
0.3282
0.4939
0.3282
0.3275
0.3288
0.3298
0.3281
0.4957
0.3282
0.3319
0.4904
0.3297
0.3280
0.3276
0.3296
0.3284
0.3279
0.3305
0.3283
0.3280
0.3282
0.3287
0.3278
0.3280
0.3313
0.3275
0.3280
0.3284
0.3280
0.3279
0.3283
0.3268
0.3303
0.3279
0.3275
0.3280
0.3269
0.3277
0.3269
0.3283
0.3276
0.3276
0.3307
0.3287
0.3284
0.3291
0.3288
0.3282
0.3281
0.5045
0.3305
0.4944
0.3275
0.3285
0.3273
0.3275
0.3267
0.3284
0.3290
0.3284
0.3273
0.3274
0.3290
0.3283
0.3271
0.4970
0.3281
0.3302
0.3284
0.3278
0.3284
0.3279
0.3285
0.3279
0.3322
0.3272
0.3282
0.3282
0.3277
0.3287
0.3286
0.3290
0.3277
0.3277
0.3291
0.3284
0.3283
0.3277
0.3318
0.3288
0.3282
0.3291
0.3276
0.3280
0.3281
0.3314
0.3282
0.3277
0.3326
0.3283
0.3282
0.3279
0.3304
0.3275
0.3275
0.3286
0.3273
0.3282
0.3287
0.3294
0.3276
0.3278
0.3286
0.3291
0.3284
0.3279
0.3316
0.3286
0.3275
0.3310
0.3279
0.3279
0.3278
0.3299
0.3280
0.3285
0.3301
0.3275
0.3287
0.3285
0.3285
0.3278
0.3281
0.3307
0.3286
0.3282
0.3283
0.3278
0.3287
0.3282
0.3307
0.3273
0.4913
0.3288
0.4897
0.3285
0.3287
0.3279
0.3281
0.3278
0.3296
0.3277
0.3283
0.3291
0.3280
0.3280
0.3275
0.3300
0.3287
0.3279
0.3283
0.3288
0.3287
0.3276
0.3311
0.3276
0.3279
0.3284
0.3279
0.3281
0.3274
0.3288
0.3285
0.3283
0.3312
0.3270
0.3275
0.3273
0.3290
0.3275
0.3277
0.3299
0.3280
0.3273
0.3285
0.3321
0.3269
0.3270
0.3274
0.3277
0.3272
0.3276
0.3324
0.3275
0.3271
0.3273
0.3282
0.3281
0.3283
0.3278
0.3285
0.3274
0.3271
0.3287
0.3277
0.3275
0.3308
0.3286
0.3283
0.3275
0.3302
0.3270
0.3273
0.3285
0.3272
0.4885
0.3278
0.4832
0.3281
0.3280
0.3279
0.3275
0.3278
0.3270
0.3294
0.3274
0.3287
0.3316
0.3279
0.3281
0.3285
0.3292
0.3284
0.3278
0.3285
0.3276
0.3278
0.3272
0.3297
0.3280
0.3277
0.3287
0.3286
0.3280
0.3278
0.3285
0.3279
0.3280
0.3285
0.3287
0.3281
0.3277
0.3290
0.3283
0.3286
0.3332
0.3286
0.3278
0.3282
0.3312
0.3285
0.3274
0.3281
0.3272
0.3281
0.3270
0.3299
0.3272
0.3274
0.3294
0.3287
0.3283
0.3274
0.3308
0.3280
0.3285
0.3323
0.3287
0.3273
0.3269
0.3287
0.3269
0.3277
0.3288
0.3281
0.3277
0.3276
0.3294
0.3277
0.3285
0.3310
0.3286
0.3274
0.3275
0.3295
0.3273
0.3276
0.3278
0.3287
0.3280
0.3280
0.3325
0.3282
0.3273
0.3296
0.3285
0.3288
0.3288
0.3288
0.3277
0.3283
0.3290
0.3289
0.3286
0.3277
0.3297
0.3291
0.3294
0.3298
0.3285
0.3287
0.3283
0.3311
0.3286
0.3286
0.3310
0.3292
0.3288
0.3283
0.3302
0.3274
0.3287
0.3289
0.3282
0.3278
0.3273
0.3284
0.3276
0.3283
0.3297
0.3281
0.3277
0.3278
0.3309
0.3291
0.3276
0.3287
0.3275
0.3287
0.3273
0.3299
0.3281
0.3279
0.3310
0.3287
0.3282
0.3276
0.3290
0.3288
0.3276
0.3300
0.3278
0.3280
0.3269
0.3290
0.3275
0.3277
0.3288
0.3286
0.3287
0.3279
0.3296
0.3289
0.3271
0.3295
0.3288
0.3293
0.3278
0.3295
0.3286
0.3279
0.3286
0.3286
0.3277
0.3277
0.3312
0.3281
0.3285
0.3317
0.3288
0.3283
0.3284
0.3302
0.3280
0.3287
0.3288
0.3277
0.3289
0.3275
0.3289
0.3283
0.3281
0.3286
0.3274
0.3275
0.3281
0.3338
0.3278
0.3270
0.3288
0.3275
0.3270
0.3272
0.3333
0.3282
0.3267
0.3282
0.3281
0.3279
0.3279
0.3300
0.3275
0.3279
0.3279
0.3278
0.3285
0.3284
0.3295
0.3281
0.3283
0.3302
0.3276
0.3278
0.3281
0.3294
0.3284
0.3274
0.3272
0.3273
0.3267
0.3272
0.3310
0.3274
0.3271
0.3274
0.3292
0.3270
0.3274
0.3288
0.3277
0.3278
0.3270
0.3277
0.3278
0.3279
0.3289
0.3286
0.3283
0.3281
0.3297
0.3283
0.3293
0.3309
0.3273
0.3281
0.3289
0.3312
0.3295
0.3282
0.3298
0.3280
0.3283
0.3278
0.3331
0.3287
0.3273
0.3318
0.3284
0.3284
0.3279
0.3295
0.3276
0.3274
0.3280
0.3280
0.3279
0.3281
0.3296
0.3274
0.3277
0.3284
0.3288
0.3294
0.3276
0.3318
0.3282
0.3287
0.3311
0.3290
0.3288
0.3306
0.3280
0.3285
0.3288
0.3284
0.3276
0.3278
0.3308
0.3286
0.3276
0.3273
0.3289
0.3281
0.3269
0.3269
0.3292
0.3282