0.2223
0.2200
0.2168
0.2317
0.2231
0.2187
0.2228
0.2202
0.2260
0.2187
0.2294
0.2239
0.2224
0.1764
0.2243
0.2208
0.2209
0.2176
0.2205
0.2245
0.2178
0.2145
0.2315
0.2232
0.2235
0.1792
0.1816
0.1814
0.1786
0.1875
0.2254
0.2176
0.2244
0.2218
0.1750
0.2209
0.1746
0.2259
0.1787
0.2326
0.2376
0.1943
0.2396
0.1888
0.1880
0.1903
0.1917
0.3319
0.2343
0.2357
0.2434
0.2298
0.1934
0.2351
0.1920
0.2407
0.2339
0.2353
0.1900
0.2430
0.1880
0.2012
0.2381
0.2340
0.1937
0.2439
0.2306
0.2213
0.1857
0.2215
0.2270
0.2318
0.1785
0.2340
0.1886
0.2194
0.1844
0.1800
0.2293
0.2271
0.2301
0.2281
0.2209
0.2279
0.2326
0.2424
0.2361
0.2404
0.2275
0.2328
0.5579
0.2254
0.2332
0.2306
0.2225
0.2321
0.2338
0.2240
0.2272
0.2336
0.1856
0.2341
0.2208
0.2260
0.2232
0.2329
0.2251
0.2217
0.2392
0.2226
0.1816
0.2219
0.2216
0.1873
0.2276
0.1884
0.2192
0.2324
0.2237
0.2269
0.1903
0.2265
0.2370
0.2232
0.2405
0.2414
0.2255
0.2336
0.2368
0.2276
0.1960
0.2287
0.2295
0.2301
0.2330
0.2327
0.2351
0.1873
0.2250
0.2296
0.2391
0.1797
0.1813
0.2262
0.1802
0.2328
0.2248
0.2167
0.2226
0.2335
0.2272
0.1827
0.1787
0.2279
0.2243
0.2215
0.1806
0.1836
0.1812
0.1804
0.1859
0.2323
0.2233
0.1913
0.1788
0.2249
0.2253
0.1858
0.1821
0.2242
0.1857
0.2201
0.1856
0.1866
0.2202
0.1861
0.1877
0.2186
0.1858
0.2144
0.2188
0.2216
0.1835
0.2316
0.2336
0.2266
0.1843
0.1860
0.1849
0.1798
0.2290
0.1799
0.2254
0.1773
0.1792
0.1819
0.2279
0.2328
0.1845
0.1810
0.1773
0.1826
0.1870
0.2181
0.1857
0.2284
0.2304
0.2323
0.1892
0.1787
0.1831
0.1855
0.1815
0.1900
0.1819
0.2180
0.2184
0.1796
0.2148
0.1843
0.2212
0.1847
0.1796
0.1773
0.1781
0.1925
0.1850
0.1928
0.1928
0.1990
0.2346
0.1830
0.2216
0.1820
0.2239
0.2311
0.2210
0.1848
0.1804
0.1875
0.2295
0.2203
0.2291
0.2346
0.1835
0.1820
0.2302
0.1849
0.2350
0.2179
0.1832
0.1802
0.1829
0.1825
0.1828
0.1925
0.1888
0.1798
0.1821
0.1854
0.1852
0.2349
0.2270
0.2173
0.1855
0.2179
0.2229
0.1855
0.2215
0.2234
0.2299
0.1785
0.1795
0.1777
0.2194
0.2221
0.2203
0.2158
0.1851
0.1780
0.1804
0.2318
0.1794
0.2277
0.2206
0.1896
0.1821
0.1790
0.1834
0.1876
0.2362
0.1888
0.1890
0.1867
0.2341
0.1837
0.2305
0.2227
0.1827
0.2218
0.2197
0.2271
0.1827
0.1862
0.1861
0.2287
0.1851
0.2323
0.1842
0.1833
0.1886
0.1918
0.2357
0.1898
0.2338
0.1813
0.1807
0.1895
0.1882
0.1874
0.1810
0.1779
0.2300
0.1806
0.2284
0.1795
0.1795
0.1823
0.1860
0.1851
0.2311
0.1889
0.1922
0.2260
0.1885
0.1847
0.1911
0.2200
0.1905
0.1832
0.2178
0.1960
0.2246
0.2331
0.1862
0.1824
0.1803
0.1804
0.2151
0.1835
0.1789
0.2243
0.1884
0.2213
0.1870
0.2216
0.1842
0.1956
0.1984
0.1920
0.1798
0.2247
0.1790
0.2332
0.1872
0.2218
0.1857
0.2190
0.1829
0.1816
0.1776
0.1771
0.1759
0.1784
0.1754
0.1805
0.1835
0.1824
0.2219
0.2272
0.1832
0.1815
0.1832
0.2207
0.2287
0.1822
0.1828
0.1860
0.1894
0.1957
0.1978
0.1894
0.1853
0.1867
0.1897
0.1903
0.1928
0.1928
0.2454
0.2333
0.2103
0.3106
0.2176
0.1924
0.2462
0.2278
0.1900
0.1807
0.1799
0.1811
0.2293
0.2279
0.2216
0.1823
0.2232
0.1828
0.2192
0.1857
0.1914
0.1851
0.1823
0.1804
0.1859
0.1854
0.1855
0.1802
0.1790
0.2318
0.1805
0.1770
0.1827
0.2328
0.1823
0.1829
0.1802
0.1845
0.2254
0.2234
0.1811
0.2206
0.1803
0.2180
0.2306
0.2202
0.1791
0.1792
0.2298
0.1769
0.1791
0.1781
0.1905
0.4140
0.1828
0.1871
0.1781
0.1795
0.1777
0.1829
0.1882
0.1808
0.1803
0.1810
0.1805
0.1824
0.1808
0.1788
0.2295
0.1843
0.1806
0.1786
0.1869
0.1864
0.1830
0.1792
0.1803
0.1800
0.2289
0.1832
0.1878
0.1876
0.1847
0.2196
0.1819
0.1815
0.1789
0.1831
0.1809
0.2280
0.1785
0.1849
0.1826
0.1832
0.2140
0.2221
0.1812
0.1833
0.1781
0.1782
0.1787
0.1802
0.2314
0.2357
0.2231
0.1862
0.1791
0.1810
0.1859
0.1921
0.2383
0.1812
0.1867
0.2308
0.1854
0.1859
0.1846
0.1900
0.1834
0.1794
0.1789
0.1855
0.1830
0.1876
0.1785
0.2293
0.1953
0.2243
0.1834
0.1885
0.2366
0.1813
0.1848
0.1889
0.1806
0.1825
0.1812
0.1798
0.1826
0.2220
0.1894
0.1858
0.2176
0.1870
0.1846
0.1789
0.1813
0.2322
0.1789
0.1829
0.1923
0.1834
0.1845
0.1835
0.1782
0.1807
0.2295
0.1805
0.2357
0.2242
0.1879
0.1813
0.1784
0.1811
0.1837
0.1925
0.1961
0.1857
0.1807
0.1810
0.1828
0.1841
0.1841
0.1863
0.1831
0.1794
0.1811
0.1818
0.1865
0.1874
0.1828
0.1781
0.1810
0.1827
0.1806
0.1832
0.1790
0.2307
0.1830
0.1769
0.1825
0.1806
0.2227
0.1807
0.1832
0.1800
0.1764
0.1789
0.1794
0.2192
0.1762
0.1859
0.1815
0.1785
0.1809
0.1847
0.1837
0.1875
0.2211
0.1866
0.1825
0.1789
0.1800
0.1822
0.1852
0.1871
0.1796
0.1794
0.2294
0.1778
0.1784
0.1816
0.1824
0.1831
0.1781
0.1798
0.1773
0.2260
0.1799
0.1809
0.1807
0.1759
0.1776
0.2287
0.1810
0.1786
0.1769
0.1851
0.1846
0.2198
0.1841
0.1795
0.1773
0.1814
0.1787
0.1778
0.1796
0.1789
0.1859
0.1817
0.1852
0.1839
0.2203
0.1795
0.1807
0.1838
0.1785
0.1828
0.1803
0.2194
0.1864
0.1788
0.1796
0.1832
0.2197
0.1838
0.2245
0.1783
0.2236
0.1797
0.1825
0.1852
0.1810
0.1768
0.1773
0.1830
0.2225
0.1800
0.1817
0.1850
0.1812
0.1793
0.1794
0.1811
0.1814
0.1787
0.1784
0.1775
0.1820
0.1873
0.1868
0.1791
0.1802
0.1791
0.1841
0.1897
0.1830
0.1783
0.1801
0.1780
0.1818
0.1775
0.1791
0.1824
0.1871
0.1819
0.1841
0.1754
0.1752
0.1768
0.1858
0.1832
0.1787
0.1782
0.1860
0.1812
0.1900
0.1842
0.1758
0.1764
0.1835
0.1821
0.1843
0.1812
0.1816
0.1829
0.1787
0.1877
0.1884
0.1792
0.1814
0.1799
0.1807
0.1821
0.2162
0.1871
0.1867
0.1785
0.1793
0.1813
0.1836
0.1901
0.1819
0.1819
0.1819
0.1824
0.1857
0.1891
0.1858
0.1796
0.1832
0.1856
0.1850
0.1876
0.1968
0.1908
0.1881
0.1822
0.1857
0.1814
0.1813
0.1836
0.1792
0.1802
0.1814
0.1842
0.1839
0.1920
0.1799
0.1767
0.1783
0.1809
0.1810
0.1788
0.1791
0.1764
0.1804
0.1840
0.1780
0.1791
0.1792
0.1836
0.1818
0.1800
0.1808
0.1789
0.1798
0.1840
0.1788
0.1807
0.1776
0.1792
0.1879
0.1855
0.1788
0.1841
0.1784
0.1821
0.1859
0.1898
0.1779
0.1797
0.1880
0.1819
0.1842
0.1826
0.1781
0.1797
0.1858
0.1922
0.1910
0.1951
0.1963
0.2008
0.1909
0.1902
0.1856
0.1859
0.1907
0.1920
0.2001
0.1942
0.1921
0.1819
0.1847
0.1785
0.1804
0.1786
0.1810
0.1811
0.1795
0.1802
0.1779
0.1790
0.1821
0.1792
0.1824
0.1837
0.1828
0.1870
0.1796
0.1781
0.1799
0.1804
0.1879
0.1804
0.1794
0.1793
0.1801
0.1833
0.1828
0.1800
0.1788
0.1833
0.1798
0.1862
0.1806
0.1797
0.1791
0.1877
0.1804
0.1829
0.1778
0.1787
0.1815
0.1825
0.1821
0.1841
0.1811
0.1800
0.1824
0.1823
0.1828
0.1793
0.1809
0.1797
0.1806
0.1824
0.2220
0.2225
0.1819
0.1822
0.1815
0.1792
0.1815
0.1917
0.1842
0.1803
0.1780
0.1757
0.1774
0.1816
0.1841
0.2223
0.1897
0.1833
0.3799
0.1783
0.1837
0.1810
0.1810
0.1823
0.1815
0.1825
0.1791
0.1858
0.1810
0.1764
0.1762
0.1757
0.1835
0.1783
0.1762
0.1802
0.1817
0.1821
0.1838
0.1791
0.1842
0.1779
0.1806
0.1771
0.1783
0.1788
0.1812
0.1807
0.1782
0.1752
0.1787
0.1800
0.1801
0.1781
0.1807
0.1821
0.1819
0.1919
0.1802
0.1773
0.1830
0.1851
0.1862
0.1871
0.1807
0.1795
0.1812
0.1866
0.1849
0.1882
0.1942
0.1949
0.1936
0.1854
0.1827
0.2360
0.1882
0.1834
0.1822
0.1852
0.1842
0.1895
0.1973
0.1944
0.2272
0.2320
0.1817
0.1888
0.1821
0.1829
0.1775
0.1782
0.1783
0.1853
0.1831
0.1770
0.1819
0.1869
0.1853
0.1933
0.1883
0.1890
0.1818
0.1783
0.1831
0.1912
0.1904
0.1887
0.1861
0.1834
0.1822
0.1856
0.1888
0.1810
0.2291
0.1882
0.1847
0.1821
0.1810
0.1827
0.1776
0.1829
0.1863
0.1887
0.1860
0.1779
0.1889
0.1789
0.1827
0.1890
0.1844
0.1777
0.1813
0.1792
0.1838
0.1870
0.1786
0.1766
0.1770
0.1819
0.1885
0.1792
0.1811
0.2283
0.1833
0.1779
0.2026
0.2080
0.1812
0.1870
0.1825
0.1879
0.1795
0.1791
0.1806
0.1847
0.1862
0.1837
0.1810
0.1788
0.1821
0.1828
0.2219
0.1886
0.1836
0.1830
0.1830
0.1790
0.1822
0.1816
0.1845
0.1859
0.1794
0.1787
0.1774
0.1805
0.1848
0.1777
0.1801
0.1794
0.1820
0.1833
0.1779
0.1778
0.1805
0.2332
0.1785
0.1840
0.2233
0.1794
0.1823
0.1801
0.1787
0.1784
0.1800
0.2242
0.1792
0.1833
0.1846
0.2205
0.1832
0.1791
0.1773
0.1760
0.1794
0.1843
0.1773
0.1760
0.1836
0.1828
0.1859
0.1917
0.1962
0.1860
0.1817
0.1864
0.1839
0.1898
0.1839
0.1891
0.1956
0.1822
0.1815
0.1834
0.1847
0.1905
0.1895
0.1838
0.1781
0.1835
0.1809
0.1832
0.1866
0.1818
0.1831
0.1820
0.1821
0.1877
0.1952
0.1897
0.1914
0.1848
0.1824
0.1865
0.1864
0.1856
0.1858
0.1971
0.1861
0.1812
0.1825
0.1925
0.1930
0.1873
0.1897
0.1926
0.1980
0.1934
0.1889
0.1833
0.1838
0.1869
0.1864
0.1898
0.1858
0.1883
0.1790
0.1809
0.1870
0.1772
0.1804
0.1806
0.1818
0.2342
0.1779
0.1847
0.1811
0.1829
0.1840
0.1791
0.2235
0.2267
0.1839
0.1883
0.1869
0.1795
0.1852
0.1853
0.1863
0.1864
0.1891
0.1888
0.1854
0.1836
0.1841
0.1827
0.1840
0.1839
0.1810
0.1829
0.1813
0.1851
0.2054
0.1863
0.1856
0.1831
0.1804
0.1881
0.1790
0.2177
0.1993
0.1879
0.1871
0.1903
0.1914
0.1952
0.1879
0.1804
0.1842
0.1826
0.1834
0.1871
0.1840
0.1792
0.1825
0.1811
0.1824
0.1855
0.1951
0.1880
0.1893
0.1845
0.1887
0.1926
0.1936
0.1836
0.1913
0.1864
0.1831
0.1811
0.1817
0.1828
0.1868
0.1860
0.1782
0.1838
0.1800
0.1870
0.1841
0.1879
0.1963
0.1853
0.1832
0.1865
0.1871
0.1828
0.1850
0.1872
0.1800
0.1823
0.1810
0.1855
0.1863
0.1800
0.1772
0.1798
0.1831
0.1836
0.1833
0.1774
0.1782
0.1777
0.1820
0.1821
0.1769
0.1796
0.1836
0.1845
0.1855
0.1824
0.1808
0.1789
0.1848
0.1832
0.1913
0.1843
0.1808
0.1808
0.1789
0.1829
0.1817
0.1790
0.1793
0.1846
0.1833
0.1892
0.1930
0.1815
0.1808
0.1796
0.1795
0.1832
0.1877
0.1825
0.1787
0.1787
0.1816
0.1851
0.1796
0.1780
0.1803
0.1806
0.1868
0.1843
0.1777
0.1867
0.1884
0.1813
0.1832
0.1812
0.1769
0.1792
0.1839
0.1853
0.1804
0.1821
0.1785
0.1802
0.1821
0.1818
0.1926
0.1845
0.1880
0.1862
0.1891
0.1880
0.1893
0.1930
0.1910
0.1982
0.1960
0.1928
0.1836
0.1847
0.1879
0.2019
0.1887
0.1902
0.1820
0.1815
0.1836
0.1829
0.1831
0.1842
0.1851
0.1850
0.1804
0.1816
0.1817
0.1889
0.1887
0.1925
0.1888
0.1842
0.1856
0.1861
0.1884
0.1892
0.1863
0.1970
0.1936
0.1991
0.1950
0.2058
0.2213
0.1913
0.1872
0.1800
0.1805
0.1833
0.1836
0.1828
0.1883
0.1817
0.1860
0.1801
0.1891
0.1824
0.1856
0.1794
0.1798
0.1868
0.1858
0.1796
0.1850
0.1839
0.1812
0.1821
0.1784
0.1864
0.1830
0.1883
0.1798
0.1801
0.1848
0.1839
0.1819
0.1818
0.1839
0.1823
0.1876
0.1834
0.1869
0.1880
0.1806
0.1787
0.1867
0.1789
0.1875
0.1831
0.1780
0.1824
0.1823
0.1864
0.1870
0.1792
0.1798
0.1803
0.1874
0.1842
0.1860
0.1806
0.1793
0.1806
0.1766
0.1836
0.1775
0.1786
0.1867
0.1842
0.1846
0.1892
0.1900
0.1872
0.1798
0.1850
0.1842
0.1863
0.1866
0.1997
0.1979
0.1914
0.1806
0.1816
0.1789
0.1796
0.1848
0.1795
0.1804
0.1791
0.1789
0.1843
0.1861
0.1823
0.1825
0.1820
0.1829
0.1849
0.1781
0.1793
0.1803
0.1797
0.1973
0.1837
0.1907
0.1857
0.1849
0.1938
0.1831
0.1881
0.1885