0.1566
0.0783
0.0786
0.0760
0.0762
0.1229
0.1169
0.1203
0.1219
0.1244
0.1266
0.1281
0.1287
0.1253
0.1164
0.1179
0.1164
0.1152
0.1153
0.1168
0.0775
0.1150
0.1188
0.1170
0.1175
0.1172
0.1174
0.1157
0.1149
0.1145
0.1142
0.0756
0.1141
0.1158
0.1137
0.1141
0.0753
0.1166
0.1189
0.0752
0.0747
0.0747
0.1171
0.1178
0.0763
0.0755
0.1146
0.0754
0.0750
0.1160
0.1142
0.0762
0.1144
0.1187
0.1200
0.1235
0.1197
0.0771
0.1175
0.0755
0.0762
0.1138
0.0760
0.0760
0.1154
0.0748
0.0750
0.1153
0.0756
0.0769
0.1144
0.0759
0.0750
0.0753
0.0755
0.0759
0.0766
0.0762
0.0760
0.0786
0.0770
0.1157
0.0761
0.0756
0.0758
0.0749
0.0751
0.1236
0.0792
0.0750
0.0771
0.0757
0.0748
0.1155
0.1153
0.0747
0.0751
0.0758
0.0758
0.1154
0.0759
0.0760
0.0746
0.0762
0.1192
0.0788
0.0778
0.0770
0.0751
0.0751
0.0773
0.0766
0.0765
0.1155
0.0753
0.0755
0.0748
0.0747
0.0755
0.1148
0.0750
0.1190
0.1169
0.0774
0.0777
0.0762
0.0763
0.0761
0.0760
0.0788
0.1205
0.0765
0.0769
0.0762
0.0769
0.1240
0.0782
0.0765
0.0773
0.0760
0.1181
0.0768
0.1139
0.0756
0.0752
0.0764
0.0761
0.0758
0.0757
0.0750
0.0764
0.0756
0.0775
0.0797
0.0770
0.0757
0.0749
0.0751
0.0756
0.0764
0.0762
0.0770
0.1167
0.0760
0.0745
0.0753
0.0747
0.0760
0.0760
0.0756
0.0748
0.0760
0.0781
0.0773
0.0751
0.0753
0.0780
0.0764
0.0756
0.0759
0.0752
0.0750
0.0762
0.0751
0.0765
0.0757
0.0773
0.0751
0.0752
0.0753
0.0751
0.0749
0.0767
0.0758
0.0762
0.0749
0.0752
0.0763
0.0766
0.0753
0.0762
0.0766
0.0774
0.0756
0.0769
0.0787
0.0770
0.0751
0.0755
0.0754
0.0760
0.0774
0.0764
0.0759
0.0774
0.0760
0.0744
0.0749
0.0782
0.0757
0.0750
0.0750
0.0749
0.0755
0.0745
0.0764
0.0755
0.0758
0.0743
0.0745
0.0753
0.0750
0.0773
0.0756
0.0757
0.0754
0.0748
0.0758
0.0764
0.0771
0.0754
0.1153
0.0764
0.0761
0.0771
0.0766
0.0756
0.1150
0.0770
0.0770
0.0765
0.0776
0.0754
0.0760
0.0757
0.0765
0.0760
0.0775
0.0796
0.0819
0.0798
0.0787
0.1201
0.0822
0.0795
0.0763
0.0778
0.0777
0.0767
0.0782
0.1193
0.1167
0.0764
0.0769
0.0786
0.0777
0.0747
0.0754
0.0767
0.0754
0.0770
0.0776
0.0779
0.0764
0.0764
0.0773
0.0754
0.0776
0.0773
0.0765
0.0778
0.0778
0.0761
0.0761
0.1154
0.0753
0.0752
0.0756
0.0753
0.0754
0.0766
0.0771
0.0751
0.0755
0.0782
0.0803
0.0761
0.0764
0.0770
0.0782
0.0769
0.0762
0.0747
0.0755
0.0759
0.0748
0.0747
0.0758
0.0769
0.0768
0.0753
0.0746
0.0755
0.0746
0.0752
0.0750
0.0770
0.0755
0.0750
0.0746
0.0763
0.0759
0.0756
0.2539
0.0772
0.0767
0.0752
0.0767
0.0780
0.0771
0.0753
0.0757
0.0765
0.0755
0.0753
0.1158
0.0774
0.0757
0.0759
0.0770
0.0758
0.0764
0.0771
0.0752
0.0755
0.0756
0.0775
0.0775
0.0756
0.0756
0.0758
0.0759
0.0767
0.0766
0.0764
0.0760
0.0772
0.0773
0.0787
0.0767
0.0768
0.0765
0.0792
0.0833
0.0970
0.0818
0.0815
0.0775
0.0760
0.0762
0.0778
0.0759
0.0770
0.0764
0.0771
0.0768
0.0775
0.0787
0.0810
0.0787
0.0764
0.0762
0.0771
0.0770
0.0793
0.0753
0.0766
0.0779
0.0763
0.0753
0.0767
0.0781
0.0772
0.0754
0.0757
0.0759
0.0753
0.0764
0.0762
0.1147
0.0752
0.0759
0.0757
0.1158
0.0775
0.0748
0.1161
0.0757
0.0754
0.0786
0.0768
0.0859
0.0776
0.0760
0.0763
0.1195
0.0779
0.0764
0.0752
0.0759
0.0795
0.0785
0.0754
0.0754
0.0778
0.0772
0.0758
0.0757
0.0776
0.0772
0.0751
0.1140
0.0762
0.0755
0.0763
0.0774
0.0752
0.0755
0.0771
0.0764
0.0758
0.0768
0.0756
0.0746
0.0743
0.0744
0.0758
0.0782
0.1190
0.0785
0.0762
0.0755
0.0772
0.0764
0.0763
0.0767
0.0759
0.0769
0.0766
0.0771
0.0777
0.0762
0.0758
0.1166
0.0794
0.0752
0.0756
0.0758
0.0762
0.0752
0.0757
0.0768
0.0751
0.0755
0.0753
0.0760
0.0760
0.0757
0.0753
0.0758
0.0780
0.0762
0.0763
0.0767
0.0767
0.0776
0.0774
0.0762
0.0770
0.0760
0.0777
0.0779
0.0763
0.0778
0.0769
0.0759
0.0760
0.0771
0.0781
0.0764
0.0769
0.0766
0.0763
0.0759
0.0780
0.0809
0.0762
0.0767
0.0767
0.0760
0.0763
0.1222
0.1206
0.0785
0.0767
0.0767
0.0762
0.1160
0.0773
0.0757
0.0759
0.0756
0.0773
0.0784
0.0754
0.0763
0.0747
0.0750
0.0747
0.0768
0.0786
0.0782
0.0768
0.0754
0.0762
0.0769
0.0778
0.0783
0.0762
0.0747
0.0758
0.0786
0.0760
0.0764
0.0771
0.0754
0.0755
0.0755
0.1226
0.0775
0.0754
0.0759
0.0763
0.0754
0.0761
0.0780
0.0766
0.0764
0.0755
0.0754
0.0757
0.0758
0.0757
0.0759
0.0781
0.0763
0.0754
0.0759
0.0764
0.0766
0.0750
0.0764
0.0772
0.0753
0.0759
0.0760
0.0767
0.0764
0.0761
0.0760
0.0766
0.0761
0.0780
0.0758
0.0757
0.1176
0.0759
0.1184
0.0808
0.0777
0.0762
0.0755
0.0756
0.0775
0.0771
0.0762
0.0764
0.0751
0.0751
0.0749
0.0756
0.0753
0.0750
0.0751
0.0747
0.0768
0.0760
0.0779
0.0794
0.0769
0.0756
0.0756
0.0760
0.0756
0.0771
0.0760
0.1155
0.0771
0.0759
0.0768
0.0756
0.0751
0.0757
0.0767
0.0751
0.0753
0.0772
0.0752
0.0767
0.0774
0.0796
0.0774
0.0811
0.0780
0.0792
0.0787
0.0766
0.0773
0.0779
0.0789
0.0770
0.0791
0.0776
0.0788
0.0783
0.0773
0.0754
0.0754
0.0755
0.0747
0.0752
0.0763
0.0781
0.0752
0.0752
0.0767
0.0769
0.0754
0.0759
0.0753
0.0766
0.0753
0.0769
0.0746
0.0756
0.0754
0.0763
0.0777
0.0770
0.0754
0.0764
0.0756
0.0786
0.0754
0.0755
0.0756
0.0757
0.0754
0.0785
0.0769
0.0761
0.0761
0.0767
0.0766
0.0775
0.0777
0.0762
0.1161
0.0762
0.0760
0.0765
0.0782
0.0744
0.0762
0.0768
0.0766
0.0752
0.0754
0.0745
0.0745
0.0755
0.0752
0.0761
0.0742
0.0751
0.0744
0.0755
0.0778
0.0763
0.0750
0.0766
0.0779
0.0797
0.0773
0.0753
0.0757
0.0755
0.0761
0.0758
0.0763
0.0776
0.0755
0.0769
0.0747
0.0760
0.0746
0.0751
0.0768
0.0755
0.0749
0.0750
0.0753
0.0746
0.0754
0.0747
0.0764
0.0747
0.0747
0.0765
0.0769
0.0759
0.0763
0.0760
0.0772
0.0766
0.0760
0.0755
0.0756
0.0761
0.0769
0.0757
0.0789
0.0797
0.0802
0.0805
0.0783
0.0804
0.0816
0.0784
0.0765
0.0749
0.0790
0.0793
0.0782
0.0748
0.0760
0.0764
0.0756
0.0753
0.0769
0.0750
0.0744
0.0751
0.0779
0.0767
0.0770
0.0763
0.0768
0.0751
0.0753
0.0754
0.0757
0.0765
0.0767
0.0754
0.0748
0.0753
0.0756
0.0761
0.0761
0.0766
0.0767
0.0789
0.0782
0.0772
0.0774
0.0776
0.0769
0.0764
0.0764
0.0821
0.0774
0.0756
0.0772
0.0765
0.0752
0.0753
0.0767
0.0781
0.0849
0.0761
0.0746
0.0756
0.0763
0.0777
0.0758
0.0769
0.0760
0.0753
0.0765
0.0757
0.0774
0.0764
0.0754
0.0764
0.0773
0.0751
0.0755
0.0762
0.0789
0.0754
0.0750
0.0750
0.0746
0.0748
0.0759
0.0745
0.0751
0.0763
0.0762
0.0752
0.0774
0.0774
0.0780
0.0777
0.0752
0.0760
0.0751
0.0762
0.0747
0.0748
0.0748
0.0756
0.0768
0.0761
0.0748
0.0757
0.0754
0.0789
0.0774
0.0746
0.0746
0.0749
0.0746
0.0744
0.0745
0.0754
0.0765
0.0760
0.0755
0.0762
0.0753
0.0749
0.0754
0.0775
0.0754
0.0752
0.0748
0.0757
0.0768
0.0782
0.0761
0.0763
0.0753
0.0753
0.0762
0.0767
0.0776
0.0753
0.0749
0.0753
0.0751
0.0758
0.1203
0.0778
0.0748
0.0751
0.0753
0.0745
0.0753
0.0750
0.0752
0.0750
0.0746
0.0753
0.0771
0.0785
0.0778
0.0756
0.0750
0.0756
0.0743
0.0754
0.0766
0.0758
0.0758
0.0754
0.0749
0.0754
0.0758
0.0753
0.0755
0.0752
0.0755
0.0752
0.0756
0.0755
0.0772
0.0746
0.0747
0.0749
0.0744
0.0753
0.0758
0.0766
0.0760
0.0752
0.0745
0.0753
0.0749
0.0756
0.0763
0.0761
0.0750
0.0748
0.0746
0.1147
0.0762
0.0754
0.0750
0.0753
0.0761
0.0797
0.0761
0.0751
0.0751
0.0754
0.0753
0.0760
0.0760
0.0745
0.0744
0.0748
0.0745
0.0752
0.0755
0.0757
0.0742
0.0752
0.0750
0.0746
0.0762
0.0769
0.0754
0.0763
0.0747
0.0745
0.0747
0.0749
0.0756
0.0750
0.0753
0.0753
0.0744
0.0756
0.0752
0.0768
0.0777
0.0757
0.0763
0.0749
0.0753
0.0759
0.0756
0.0752
0.0744
0.0744
0.0748
0.0756
0.0748
0.0767
0.0778
0.0758
0.0744
0.0767
0.0758
0.0771
0.0821
0.0760
0.0889
0.0769
0.0769
0.0757
0.0770
0.0750
0.0760
0.0752
0.0756
0.0757
0.0757
0.0764
0.0756
0.0757
0.0782
0.0818
0.0792
0.0777
0.0764
0.0765
0.0765
0.0761
0.0772
0.0753
0.0755
0.0755
0.0746
0.0747
0.0753
0.0765
0.0782
0.0776
0.0756
0.0766
0.0760
0.0789
0.0763
0.0760
0.0750
0.0749
0.0748
0.0762
0.0754
0.0756
0.0761
0.0765
0.0750
0.0754
0.0774
0.0778
0.0776
0.0760
0.0757
0.0747
0.0751
0.0753
0.0778
0.0768
0.0761
0.0760
0.0756
0.0771
0.0766
0.0756
0.0781
0.0747
0.0752
0.0751
0.0762
0.0771
0.0762
0.0751
0.0760
0.0757
0.0764
0.0756
0.0753
0.0759
0.0766
0.0762
0.0765
0.0767
0.0770
0.0765
0.0756
0.0763
0.0760
0.0765
0.0765
0.0759
0.0758
0.0763
0.0760
0.0771
0.0771
0.0783
0.0809
0.0820
0.0790
0.0799
0.0770
0.0766
0.0764
0.0763
0.0793
0.0769
0.0780
0.0802
0.0750
0.0785
0.0778
0.0775
0.0773
0.0771
0.0766
0.0750
0.0756
0.0765
0.0754
0.0757
0.0761
0.0763
0.0767
0.0760
0.0757
0.0764
0.0761
0.0767
0.0758
0.0770
0.1252
0.0970
0.0793
0.0763
0.0776
0.0775
0.0769
0.0766
0.0766
0.0760
0.0770
0.0819
0.0805
0.0795
0.0819
0.0825
0.0775
0.0762
0.0763
0.0756
0.0765
0.0757
0.0751
0.0752
0.1172
0.0777
0.0772
0.0762
0.0757
0.0758
0.0758
0.1194
0.0776
0.0776
0.0783
0.0749
0.0766
0.0759
0.0767
0.0760
0.0761
0.0755
0.0759
0.0760
0.0763
0.0758
0.0754
0.0794
0.0808
0.0764
0.0774
0.0776
0.0766
0.0774
0.0764
0.0757
0.0757
0.0754
0.0757
0.0764
0.0748
0.0763
0.0766
0.0801
0.0747
0.0751
0.0751
0.0755
0.0759
0.0755
0.0754
0.0748
0.0754
0.0756
0.0758
0.0758
0.0760
0.0752
0.0756
0.0757
0.0758
0.0748
0.0755
0.0760
0.0763
0.0754
0.0760
0.0763
0.0756
0.0748
0.0773
0.0771
0.0767
0.0754
0.0761
0.0797
0.0778
0.0770
0.0767
0.0769
0.0775
0.0756
0.0767
0.0757
0.0766
0.0766
0.0758
0.0761
0.0764
0.0754
0.0756
0.0762
0.0774
0.0765
0.0761
0.0759
0.0769
0.0761
0.0828
0.0767
0.0768
0.0768
0.0765
0.0759
0.0765
0.0774
0.0769
0.0757
0.0753
0.0768
0.0779
0.0782
0.0773
0.0767
0.0760
0.0758
0.0758
0.0758
0.0787
0.0775
0.0765
0.0754
0.0765
0.0754
0.0766
0.0783
0.0763
0.0781
0.0768
0.0771
0.0763
0.0783
0.0790
0.0761
0.0809
0.0825
0.0887
0.0861
0.0848
0.0815
0.0762
0.0765
0.0781
0.0779
0.0789
0.0758
0.0765
0.0757
0.0761
0.0759
0.0774
0.0757
0.0759
0.0750
0.0763
0.0763
0.0772
0.0759
0.0753
0.0752
0.0758
0.0755
0.0754
0.0768
0.0759
0.0751
0.0784
0.0860
0.0854
0.0829
0.0796
0.0791
0.0813
0.0840
0.0769
0.0770
0.0770
0.0754
0.0758
0.0754
0.0746
0.0757
0.0758
0.0766
0.0755
0.0759
0.0756
0.0756
0.0753
0.0763
0.0759
0.0755
0.0749
0.0763
0.0761
0.1211
0.0790
0.0763
0.0761
0.0765
0.0751
0.0766
0.0759
0.0762
0.0790
0.0777
0.0848
0.0770
0.0828
0.0815
0.0817
0.0824
0.0782
0.0766
0.0765
0.0765
0.0760
0.0757
0.0923
0.0786
0.0755
0.0761
0.0760
0.0747
0.0754
0.0747
0.0755
0.0758
0.0748
0.0754
0.0757
0.0755
0.0763
0.0750
0.0755
0.0754
0.0749
0.0750
0.0754
0.0765
0.0776
0.0786
0.0950
0.0792
0.0753
0.0760
0.0750
0.0758
0.0777
0.0766
0.0769
0.0766
0.0770
0.0758
0.0758
0.0777
0.0763
0.0757
0.0748
0.0753
0.0757
0.0752
0.0747
0.0748
0.0755
0.0751
0.0757
0.0759
0.0747
0.0745
0.0743
0.0760
0.0753
0.0781
0.0775
0.0762
0.0756
0.0747
0.0751
0.0761
0.0746
0.0747
0.0757
0.0744
0.0754
0.0747
0.0764
0.0768
0.0747
0.0743
0.0758
0.0745
0.0748
0.0746
0.0749
0.0769
0.0753
0.0750
0.0769
0.0764
0.0766
0.0783
0.0783
0.0766
0.0780
0.0748
0.0752
0.0749
0.0748
0.0746
0.0750
0.0752
0.0745
0.0751
0.0759
0.0749
0.0752
0.0755
0.0757
0.0750
0.0752
0.0755
0.0758
0.0758
0.0753
0.0755
0.0784
0.0757
0.0756
0.0756
0.0747
0.0759
0.0775
0.0747
0.0783
0.0808
0.0769
0.0753
0.0758
0.0754
0.0759
0.0755
0.0764
0.0753
0.0757
0.0757
0.0749
0.0751
0.0762
0.0781
0.0763
0.0762
0.0778
0.0770
0.0760
0.0759
0.0759
0.0756
0.0767
0.0756
0.0752
0.0748
0.0758
0.0749
0.0752
0.0770
0.0767
0.0754
0.0758
0.0808
0.0772
0.0778
0.0782
0.0791
0.0865
0.0879
0.0774
0.0754
0.0780
0.0790
0.0750
0.0760
0.0756
0.0755
0.0777
0.0793
0.0790
0.0781
0.0795
0.0810
0.0878
0.0776
0.0750
0.0750
0.0745
0.0749
0.0752
0.0758
0.0750
0.0747
0.0747
0.0765
0.0760
0.0767
0.0802
0.0785
0.0765
0.0761
0.0759
0.0767
0.0758
0.0751
0.0746
0.1150
0.0763
0.0771
0.0747
0.0748
0.0750
0.0751
0.0750
0.0745
0.0750
0.1163
0.0761
0.0753
0.0748
0.0761
0.0756
0.0771
0.0772
0.0752
0.0754
0.0753
0.0796
0.0796
0.0755
0.0759
0.0764
0.0759
0.0752
0.0752
0.0762
0.0766
0.0752
0.0754
0.0767
0.0751
0.0754
0.0768
0.0761
0.0760
0.0751
0.0761
0.0752
0.0753
0.0756
0.0755
0.0750
0.0747
0.0747
0.0757
0.0757
0.0753
0.0746
0.0765
0.0763
0.0745
0.0750
0.0766
0.0778
0.0780
0.0763
0.0746
0.0753
0.0757
0.0756
0.0753
0.0755
0.0765
0.0756
0.0766
0.0775
0.0773
0.0753
0.0752
0.0752
0.0772
0.0764
0.0754
0.0756
0.0751
0.0751
0.0766
0.0748
0.0762
0.0761
0.0754
0.0764
0.0754
0.0760
0.0786
0.0769
0.0779
0.0767
0.0773
0.0764
0.0771
0.0783
0.0788
0.0773
0.0761
0.0767
0.0798
0.0838
0.0814
0.0782
0.0772
0.0781
0.0851
0.0805
0.0764
0.0823
0.0838
0.0846
0.0769
0.0757
0.0767
0.0768
0.0767
0.0754
0.0770
0.0777
0.0779
0.0802
0.0786
0.0769
0.0778
0.0760
0.0800
0.0792
0.0765
0.0759
0.0778
0.0762
0.0764
0.0768
0.0768
0.0764
0.0769
0.0764
0.0756
0.0765
0.0765
0.0765
0.0763
0.0821
0.0804
0.0821
0.0845
0.0857
0.0836
0.0760
0.0758
0.0793
0.0811
0.0791
0.0752
0.0759
0.0757
0.0762
0.0768
0.0767
0.0766
0.0758
0.0753
0.0766
0.0767
0.0772
0.0767
0.0754
0.0761
0.0768
0.0778
0.0762
0.0789
0.0780
0.0756
0.0756
0.0749
0.0754
0.0775
0.0762
0.0779
0.0789
0.0775
0.0763
0.0787
0.0832
0.0842
0.0768
0.0766
0.0765
0.0767
0.0773
0.0763
0.0753
0.0761
0.0768
0.0761
0.0751
0.0771
0.0766
0.0756
0.0750
0.0757
0.0764
0.0773
0.0764
0.0755
0.0779
0.0754
0.0767
0.0755
0.0770
0.0767
0.0765
0.0763
0.0770
0.0795
0.0768
0.0780
0.0777
0.0769
0.0778
0.0767
0.0771
0.0774
0.0780
0.1249
0.0793
0.0764
0.0781
0.0787
0.1210
0.0795
0.0764
0.0771
0.0761
0.0745
0.0757
0.0756
0.0763
0.0760
0.0760
0.0764
0.0770
0.0757
0.0757
0.0753
0.0753
0.0763
0.0787
0.0764
0.0769
0.0774
0.0779
0.0773
0.0775
0.0766
0.0749
0.0757
0.0754
0.0763
0.0756
0.0765
0.0766
0.0762
0.0753
0.0765
0.0759
0.0764
0.0766
0.0751
0.0763
0.0749
0.0765
0.0766
0.0768
0.0764
0.0759
0.0760
0.0760
0.0762
0.0780
0.0793
0.0757
0.0772
0.0769
0.0773
0.0767
0.0765
0.0769
0.0758
0.0753
0.0761
0.0767
0.0766
0.0755
0.0761
0.0766
0.0760
0.0751
0.0758
0.0785
0.0777
0.0776
0.0764
0.0764
0.0759
0.0767
0.0767
0.0771
0.0800
0.0787
0.0755
0.0754
0.0776
0.0764
0.0752
0.0766
0.0795
0.0772
0.0817
0.0775
0.0758
0.0765
0.0764
0.0758
0.0787
0.0765
0.0767
0.0756
0.0755
0.0765
0.0760
0.0775
0.0757
0.0775
0.0763
0.0784
0.0753
0.0774
0.0792
0.0762
0.0754
0.0760
0.0775
0.0970
0.0886
0.0796
0.0892
0.0757
0.0764
0.0761
0.0776
0.0752
0.0758
0.0768
0.0781
0.0764
0.0867
0.0896
0.0773
0.0768
0.0775
0.0761
0.0760
0.0772
0.0794
0.0778
0.0785
0.0820
0.0822
0.0811
0.0782
0.0763
0.0778
0.0768
0.0757
0.0761
0.0793
0.0768
0.0761
0.0755
0.0791
0.0773
0.0791
0.0779
0.0778
0.0782
0.0773
0.0765
0.0763
0.0768
0.0832
0.0864
0.0783
0.0771
0.0775
0.0777
0.0772
0.0772
0.0758
0.0757
0.0771
0.0774
0.0763
0.0760
0.0757
0.0755
0.0761
0.0759
0.0767
0.0785
0.0790
0.0761
0.0759
0.0780
0.0749
0.0769
0.0767
0.0768
0.0765
0.0773
0.0767
0.0764
0.0767
0.0765
0.0758
0.0757
0.0760
0.0751
0.0752
0.0756
0.0792
0.0767
0.0763
0.0768
0.0783
0.0787
0.0759
0.0765
0.0753
0.0784
0.0766
0.0760
0.0761
0.0751
0.0763
0.0762
0.0757
0.0784
0.0765
0.0750
0.0761
0.0763
0.0752
0.0756
0.0759
0.0765
0.0767
0.0754
0.0754
0.0744
0.0779
0.0758
0.0755
0.0754
0.0762
0.0772
0.0753
0.0766
0.0779
0.0771
0.0755
0.0778
0.0960
0.0833
0.0791
0.0762
0.0759
0.0756
0.0760
0.0764
0.0857
0.0861
0.0762
0.0794
0.0784
0.0778
0.0813
0.0787
0.0765
0.0755
0.0755
0.0757
0.0762
0.0793
0.0760
0.1181
0.0771
0.0757
0.0795
0.0780
0.0760
0.0767
0.0760
0.1158
0.0778
0.0806
0.0753
0.0760
0.0762
0.0758
0.0777
0.0789
0.0764
0.0784
0.0777
0.0761
0.0765
0.0836
0.0816
0.0783
0.0760
0.0781
0.0779
0.0769
0.0758
0.0769
0.0757
0.0772
0.0759
0.0778
0.0779
0.0811
0.0781
0.0766
0.0778
0.0772
0.0807
0.0798
0.0792
0.0792
0.0757
0.0769
0.0759
0.0784
0.0769
0.0768
0.0757
0.0769
0.0750
0.0762
0.0756
0.0756
0.0756
0.0763
0.0761
0.0759
0.0751
0.0777
0.0767
0.0758
0.0775
0.0783
0.0767
0.0762
0.0763
0.0776
0.0797
0.0771
0.0756
0.0791
0.0780
0.0763
0.0754
0.0771
0.0762
0.0762
0.0768
0.0757
0.0751
0.0763
0.0757
0.0770
0.0759
0.0779
0.0762
0.0754
0.0763
0.0757
0.0779
0.0762
0.0784
0.0761
0.0758
0.0757
0.0768
0.0788
0.0788
0.0753
0.0756
0.0764
0.0767
0.0767
0.0766
0.0760
0.0763
0.0773
0.0759
0.0776
0.0753
0.0816
0.0774
0.0757
0.0767
0.0774
0.0784
0.0796
0.0777
0.0790
0.0775
0.0759
0.0764
0.0763
0.0775
0.0754
0.0750
0.0765
0.0759
0.0757
0.0761
0.0756
0.0751
0.0754
0.0753
0.0752
0.0781
0.0787
0.0754
0.0753
0.0758
0.0762
0.0765
0.0773
0.2653
0.0783
0.0773
0.0781
0.0773
0.0783
0.0775
0.0751
0.0760
0.0770
0.0757
0.0762
0.0753
0.0760
0.0753
0.0768
0.0784
0.0782
0.0762
0.0766
0.0758
0.1153
0.0765
0.0754
0.0777
0.0820
0.0753
0.0751
0.0756
0.0755
0.0754
0.0764
0.0750
0.0757
0.0757
0.0761
0.0753
0.0745
0.0749
0.0765
0.0747
0.0757
0.0785
0.0761
0.0756
0.0747
0.0749
0.0748
0.0750
0.0759
0.0757
0.0785
0.0784
0.0755
0.0755
0.0759
0.0751
0.0755
0.0751
0.0748
0.0749
0.0754
0.0757
0.0761
0.0767
0.0751
0.0755
0.0756
0.0776
0.0763
0.0747
0.0755
0.0760
0.0755
0.0761
0.0763
0.0753
0.0758
0.0750
0.0748
0.0772
0.0764
0.0763
0.0754
0.0769
0.0765
0.0759
0.0763
0.0764
0.0757
0.0762
0.0757
0.0756
0.0765
0.0758
0.0762
0.0762
0.0761
0.0755
0.0754
0.0781
0.0810
0.0768
0.0760
0.0753
0.0760
0.0758
0.0745
0.0746
0.0751
0.0751
0.0755
0.0743
0.0760
0.0771
0.0808
0.0789
0.0780
0.0781
0.0783
0.0793
0.0770
0.0754
0.0751
0.0744
0.0746
0.0747
0.0760
0.0755
0.0758
0.0761
0.0747
0.0762
0.0767
0.0758
0.0754
0.0756
0.0815
0.0764
0.0760
0.0771
0.0762
0.0751
0.0753
0.0754
0.0755
0.0768
0.0781
0.0766
0.0760
0.0752
0.0760
0.0755
0.0765
0.0753
0.0758
0.0798
0.0789
0.0777
0.0779
0.0789
0.0773
0.0772
0.0764
0.0756
0.0759
0.0764
0.0753
0.0777
0.0778
0.0767
0.0751
0.0755
0.0777
0.0774
0.0758
0.0756
0.0753
0.0746
0.0759
0.0749
0.0753
0.0776
0.0768
0.0754
0.0757
0.0779
0.0757
0.0759
0.0757
0.0752
0.0761
0.0752
0.0764
0.0764
0.0758
0.0758
0.0763
0.0765
0.0771
0.0756
0.0750
0.0756
0.0757
0.0760
0.0752
0.0770
0.0759
0.0759
0.0748
0.0756
0.0768
0.0781
0.0760
0.0757
0.0746
0.0756
0.0767
0.0764
0.0781
0.0760
0.0757
0.0764
0.0765
0.0762
0.0761
0.0764
0.0784
0.0769
0.0759
0.0753
0.0788
0.0813
0.0772
0.0758
0.0755
0.0750
0.0760
0.1165
0.0766
0.0757
0.0763
0.0771
0.0756
0.0760
0.0756
0.0762
0.0762
0.0761
0.0755
0.0759
0.0764
0.0777
0.0760
0.0755
0.0751
0.0750
0.0747
0.0751
0.0760
0.0757
0.0750
0.0757
0.0771
0.0808
0.0768
0.0751
0.0752
0.0749
0.0830
0.0790
0.0809
0.0787
0.0764
0.0758
0.0763
0.0764
0.0786
0.0773
0.0755
0.0760
0.0763
0.0758
0.0746
0.0759
0.0775
0.0774
0.0752
0.0791
0.0764
0.0764
0.0768
0.0758
0.0753
0.0754
0.0764
0.0768
0.0766
0.0749
0.0758
0.0752
0.0754
0.0755
0.0757
0.0748
0.0759
0.0761
0.0758
0.0752
0.0757
0.0749
0.0760
0.0774
0.0777
0.0774
0.0758
0.0758
0.0769
0.0768
0.0759
0.0762
0.0761
0.0776
0.0821
0.0787
0.0778
0.0767
0.0784
0.0782
0.0778
0.0786
0.0764
0.0768
0.0760
0.0755
0.0775
0.0774
0.0766
0.0756
0.0758
0.0763
0.0776
0.0780
0.0799
0.0789
0.0768
0.0774
0.0771
0.0793
0.0809
0.0786
0.0785
0.0775
0.0765
0.0780
0.0772
0.0795
0.0797
0.0779
0.0769
0.0809
0.0842
0.0834
0.0779
0.0763
0.0782
0.0777
0.0765
0.0769
0.0772
0.0780
0.0759
0.0761
0.0761
0.0771
0.0832
0.0765
0.0760
0.0792
0.0778
0.0772
0.0781
0.0774
0.0788
0.0771
0.0754
0.0765
0.0783
0.0764
0.0762
0.0766
0.0771
0.0799
0.0849
0.0823
0.0788
0.0782
0.0813
0.0781
0.0770
0.0776
0.0767
0.0774
0.0763
0.0764
0.0761
0.0779
0.0824
0.0766
0.0770
0.0771
0.0783
0.0761
0.0765
0.0762
0.0765
0.0752
0.0773
0.0798
0.0777
0.0774
0.0757
0.0766
0.0768
0.0774
0.0771
0.0782
0.0776
0.0784
0.0764
0.0752
0.0756
0.0782
0.0813
0.0761
0.0766
0.0760
0.0770
0.0766
0.0769
0.0759
0.0799
0.0863
0.0761
0.0762
0.0780
0.0783
0.0758
0.1172
0.0764
0.0754
0.0785
0.0822
0.0792
0.0763
0.0764
0.0765
0.0797
0.0805
0.0768
0.0761
0.0786
0.0779
0.0766
0.0767
0.0760
0.0779
0.0760
0.0759
0.0761
0.0777
0.0781
0.0769
0.0774
0.0799
0.0918
0.0918
0.0816
0.0779
0.0774
0.0771
0.0765
0.0773
0.0782
0.0778
0.0782
0.0767
0.0772
0.0762
0.0792
0.0803
0.0796
0.0785
0.0790
0.0772
0.0767
0.0769
0.0767
0.0781
0.0780
0.0756
0.0769
0.0786
0.0766
0.0757
0.0799
0.0767
0.0776
0.0800
0.0784
0.0785
0.0798
0.0817
0.0798
0.0791
0.0788
0.0765
0.0764
0.0757
0.0749
0.0755
0.0753
0.0871
0.0840
0.0787
0.0783
0.0773
0.0760
0.0767
0.0756
0.0758
0.0758
0.0753
0.0751
0.0759
0.0765
0.0756
0.0749
0.0755
0.0750
0.0767
0.0779
0.0779
0.0752
0.0764
0.0763
0.0782
0.0802
0.0771
0.0756
0.0761
0.0756
0.0756
0.0767
0.0777
0.0775
0.0757
0.0757
0.0769
0.0767
0.0756
0.0766
0.0766
0.0763
0.0758
0.0751
0.0785
0.0769
0.0768
0.0764
0.0769
0.0773
0.0762
0.0762
0.0776
0.0768
0.0757
0.0759
0.0756
0.0792
0.0772
0.0782
0.0761
0.0770
0.0776
0.0768
0.0764
0.0774
0.0787
0.0762
0.0758
0.0780
0.0792
0.0768
0.0765
0.0750
0.0757
0.0752
0.0764
0.0754
0.0772
0.0760
0.0764
0.0752
0.0753
0.0783
0.0793
0.0771
0.0761
0.0766
0.0762
0.0766
0.0769
0.0812
0.0781
0.0768
0.0763
0.0758
0.0768
0.0784
0.0794
0.0765
0.0766
0.0758
0.0762
0.0756
0.0775
0.0765
0.0772
0.0753
0.0753
0.0766
0.0774
0.0769
0.0755
0.0757
0.0762
0.0782
0.0778
0.0784
0.0762
0.0762
0.0777
0.0752
0.0752
0.0770
0.0750
0.0752
0.0749
0.0753
0.0753
0.0757
0.0778
0.0774
0.0770
0.0764
0.0766
0.0762
0.0791
0.0771
0.0763
0.0765
0.0752
0.0759
0.0771
0.0765
0.0770
0.0762
0.0757
0.0757
0.0758
0.0751
0.0757
0.0757
0.0752
0.0763
0.0752
0.0774
0.0827
0.0802
0.0762
0.0752
0.0763
0.0759
0.0756
0.0768
0.0768
0.0759
0.0782
0.0757
0.0759
0.0792
0.0787
0.0759
0.0759
0.0767
0.0761
0.0754
0.0771
0.0767
0.0762
0.0770
0.0753
0.0756
0.0753
0.0771
0.0753
0.0751
0.0760
0.0763
0.0752
0.0761
0.0768
0.0756
0.0749
0.0749
0.0759
0.0768
0.0755
0.0757
0.0759
0.0755
0.0753
0.0756
0.0774
0.0769
0.0758
0.0754
0.0750
0.0752
0.0749
0.0773
0.0772
0.0759
0.0756
0.0751
0.0762
0.0769
0.0764
0.0765
0.0763
0.0770
0.0772
0.0781
0.0764
0.0761
0.0756
0.0758