0.5292
0.4855
0.4836
0.4856
0.4833
0.4863
0.4850
0.4842
0.4866
0.4860
0.4928
0.4908
0.4978
0.4822
0.4852
0.4880
0.4841
0.4851
0.4852
0.4848
0.4842
0.4828
0.4833
0.4825
0.4830
0.4851
0.4823
0.4861
0.4827
0.4834
0.4827
0.4858
0.4842
0.4972
0.4906
0.4822
0.4814
0.4811
0.4885
0.4903
0.4845
0.4856
0.5068
0.4900
0.4830
0.5006
0.5090
0.4183
0.4839
0.4844
0.4830
0.5088
0.4853
0.4871
0.4838
0.4850
0.4845
0.4862
0.4857
0.4866
0.4848
0.4840
0.4840
0.4842
0.4855
0.4837
0.4852
0.4841
0.4881
0.4847
0.4860
0.4835
0.4848
0.4836
0.4854
0.4832
0.4847
0.4853
0.7713
0.4837
0.4831
0.4836
0.4842
0.4824
0.4856
0.4851
0.4842
0.4844
0.4880
0.4847
0.4882
0.4843
0.4853
0.4844
0.4883
0.4855
0.4867
0.4854
0.4894
0.4864
0.4871
0.4859
0.4878
0.4874
0.4877
0.4865
0.4884
0.4843
0.4864
0.4850
0.4883
0.4877
0.4863
0.4868
0.5079
0.4887
0.4868
0.4888
0.4868
0.4875
0.4878
0.4869
0.4877
0.4885
0.4853
0.4880
0.4859
0.4894
0.4874
0.4929
0.4873
0.4877
0.4846
0.4861
0.4182
0.4894
0.4874
0.4878
0.4858
0.4874
0.4850
0.4875
0.4855
0.4185
0.4864
0.4868
0.4861
0.4868
0.4861
0.4184
0.4901
0.4876
0.4907
0.4863
0.4901
0.4876
0.4895
0.6362
0.4882
0.4854
0.4864
0.4852
0.4866
0.4854
0.4859
0.4845
0.4875
0.4173
0.4911
0.4870
0.4182
0.4861
0.4868
0.4172
0.4846
0.4901
0.4867
0.4864
0.4874
0.4865
0.4860
0.4181
0.4848
0.4872
0.4854
0.4183
0.4176
0.4169
0.4160
0.4165
0.4874
0.4851
0.4879
0.4846
0.4897
0.4861
0.4887
0.4842
0.4883
0.4857
0.4854
0.4861
0.4863
0.4855
0.4870
0.4832
0.4878
0.4865
0.4184
0.4166
0.4862
0.4173
0.4854
0.4879
0.4842
0.4850
0.4164
0.4184
0.4848
0.4881
0.4187
0.4875
0.4175
0.4171
0.4185
0.4872
0.4190
0.4864
0.4862
0.4164
0.4181
0.4876
0.4851
0.4850
0.4866
0.4181
0.4849
0.4187
0.4854
0.4183
0.4174
0.4872
0.4850
0.4867
0.4871
0.4838
0.4843
0.4853
0.4854
0.4170
0.4178
0.4171
0.4871
0.4163
0.4172
0.4180
0.4176
0.4890
0.4847
0.4879
0.4867
0.4193
0.4167
0.4186
0.4171
0.5707
0.4173
0.4859
0.4169
0.4850
0.4180
0.4166
0.4861
0.4838
0.4853
0.4163
0.4164
0.4169
0.4154
0.4857
0.4154
0.4844
0.4830
0.4162
0.4148
0.4152
0.4159
0.4151
0.4154
0.4836
0.4165
0.4154
0.4848
0.4162
0.4154
0.4160
0.4866
0.4167
0.4162
0.4159
0.4159
0.4168
0.4163
0.4154
0.4158
0.4153
0.4159
0.4170
0.4162
0.4175
0.4164
0.4165
0.4167
0.4173
0.4866
0.4168
0.4171
0.4883
0.4862
0.4165
0.4157
0.4895
0.4862
0.4879
0.4169
0.4885
0.4859
0.4183
0.4879
0.4907
0.4859
0.4894
0.4860
0.4180
0.4891
0.4180
0.4180
0.4876
0.4194
0.4884
0.4859
0.4170
0.4180
0.4877
0.4184
0.4175
0.4860
0.4874
0.4869
0.4890
0.4868
0.4193
0.4868
0.4196
0.4866
0.4181
0.4870
0.4182
0.4870
0.4853
0.4859
0.4864
0.4186
0.4162
0.4178
0.4175
0.4173
0.4180
0.4170
0.4890
0.4858
0.4874
0.4854
0.4186
0.4869
0.4896
0.4178
0.4185
0.4177
0.4860
0.4185
0.4869
0.4188
0.4179
0.4194
0.4179
0.4173
0.4184
0.4185
0.4182
0.4179
0.4184
0.6491
0.4177
0.4164
0.4865
0.4883
0.4167
0.4861
0.4161
0.4849
0.4842
0.4159
0.4853
0.4176
0.4164
0.4170
0.4876
0.4859
0.4847
0.4839
0.4200
0.4163
0.4179
0.4164
0.4169
0.4167
0.4159
0.4175
0.4157
0.4185
0.4178
0.4166
0.4192
0.4166
0.4179
0.4173
0.4877
0.4176
0.4846
0.4873
0.4847
0.4858
0.4849
0.4195
0.4159
0.4184
0.4869
0.4863
0.4835
0.4169
0.4173
0.4174
0.4191
0.4876
0.4876
0.4845
0.4865
0.4163
0.4186
0.4173
0.4175
0.4207
0.4180
0.4175
0.4176
0.4165
0.4174
0.4165
0.4174
0.4173
0.4178
0.4862
0.4165
0.4179
0.4880
0.4218
0.4866
0.4876
0.4173
0.4174
0.4168
0.4165
0.4175
0.4175
0.4895
0.4842
0.4185
0.4175
0.4170
0.4173
0.4178
0.4876
0.4851
0.4859
0.4156
0.4178
0.4169
0.4174
0.4195
0.4174
0.4183
0.4167
0.4174
0.4175
0.4174
0.4179
0.4167
0.4171
0.4176
0.4174
0.4185
0.4173
0.4181
0.4166
0.4180
0.4180
0.4169
0.4175
0.4170
0.4174
0.4177
0.4175
0.4169
0.4172
0.4181
0.4188
0.4186
0.4182
0.4179
0.4190
0.4180
0.4899
0.4184
0.4191
0.4894
0.4868
0.4176
0.4176
0.5799
0.4172
0.4887
0.4159
0.4173
0.4171
0.4185
0.4173
0.4174
0.4189
0.4165
0.4169
0.4168
0.4171
0.4175
0.4163
0.4173
0.4167
0.4175
0.4169
0.4162
0.4178
0.4170
0.4176
0.4166
0.4152
0.4172
0.4169
0.4175
0.4165
0.4175
0.4163
0.4165
0.4169
0.4163
0.4165
0.4171
0.4160
0.4162
0.4154
0.4161
0.4163
0.4884
0.4163
0.4166
0.4169
0.4152
0.4166
0.4865
0.4165
0.4155
0.4154
0.4161
0.4154
0.4184
0.4862
0.4171
0.4169
0.4853
0.4851
0.4160
0.4177
0.4158
0.4160
0.4164
0.4156
0.4177
0.4154
0.4161
0.4159
0.4174
0.4171
0.4170
0.4175
0.4170
0.4183
0.4168
0.4175
0.4185
0.4181
0.4185
0.4880
0.4182
0.4871
0.4877
0.4844
0.4171
0.4162
0.4844
0.4850
0.4163
0.4169
0.4857
0.4178
0.4872
0.4175
0.4170
0.4162
0.4191
0.4165
0.4183
0.4873
0.4874
0.4165
0.4868
0.4174
0.4170
0.4181
0.4172
0.4177
0.4170
0.4163
0.4873
0.4168
0.4859
0.4163
0.4899
0.4854
0.4182
0.4169
0.4163
0.4180
0.4180
0.4202
0.4172
0.4176
0.4169
0.4169
0.4196
0.4159
0.4175
0.4170
0.4167
0.4165
0.4165
0.4871
0.4837
0.6521
0.4158
0.4164
0.4178
0.4163
0.4155
0.4155
0.4166
0.4874
0.4189
0.4164
0.4179
0.4174
0.4168
0.4167
0.4161
0.4165
0.4175
0.4168
0.4161
0.4157
0.4161
0.4170
0.4175
0.4867
0.4851
0.4173
0.4168
0.4876
0.4160
0.4162
0.4855
0.4179
0.4163
0.4162
0.4175
0.4157
0.4167
0.4171
0.4179
0.4171
0.4864
0.4173
0.4156
0.4169
0.4163
0.4168
0.4160
0.4156
0.4164
0.4170
0.4169
0.4168
0.4162
0.4161
0.4164
0.4181
0.4163
0.4165
0.4168
0.4163
0.4169
0.4155
0.4165
0.4165
0.4166
0.4171
0.4160
0.4172
0.4169
0.4173
0.4862
0.4850
0.4172
0.4165
0.4169
0.4169
0.4863
0.4163
0.4176
0.4177
0.4159
0.4169
0.4175
0.4184
0.4171
0.4156
0.4177
0.4170
0.4180
0.4175
0.4171
0.4175
0.4165
0.4168
0.4860
0.4169
0.4170
0.4156
0.4172
0.4152
0.4172
0.4162
0.4188
0.4165
0.4158
0.4190
0.4169
0.4168
0.4170
0.4166
0.4176
0.4160
0.4171
0.4169
0.4878
0.4169
0.4164
0.4167
0.4164
0.4165
0.4165
0.4174
0.4166
0.4156
0.4181
0.4169
0.4193
0.4168
0.4162
0.4177
0.4165
0.4164
0.4866
0.4858
0.4187
0.4174
0.4850
0.4156
0.4858
0.4175
0.4180
0.4160
0.4171
0.4166
0.4155
0.4177
0.4162
0.4169
0.4165
0.4172
0.4175
0.4161
0.5847
0.4172
0.4178
0.4162
0.4174
0.4163
0.4862
0.4170
0.4155
0.4846
0.4165
0.4165
0.4849
0.4165
0.4159
0.4153
0.4864
0.4840
0.4168
0.4159
0.4170
0.4172
0.4155
0.4173
0.4163
0.4169
0.4870
0.4177
0.4158
0.4152
0.4170
0.4154
0.4181
0.4163
0.4157
0.4172
0.4156
0.4179
0.4171
0.4173
0.4168
0.4163
0.4182
0.4166
0.4177
0.4171
0.4178
0.4171
0.4164
0.4170
0.4860
0.4867
0.4165
0.4176
0.4159
0.4160
0.4183
0.4164
0.4183
0.4178
0.4172
0.4178
0.4169
0.4167
0.4873
0.4175
0.4167
0.4167
0.4179
0.4170
0.4174
0.4169
0.4178
0.4187
0.4183
0.4187
0.4165
0.4170
0.4164
0.4161
0.4174
0.4172
0.4186
0.4165
0.4175
0.4161
0.4169
0.4185
0.4165
0.4173
0.4170
0.4166
0.4174
0.4167
0.4181
0.4169
0.4181
0.4176
0.4173
0.4184
0.4168
0.4179
0.4175
0.4169
0.4880
0.4167
0.4181
0.4159
0.4174
0.4173
0.4157
0.4162
0.4160
0.4168
0.4863
0.4190
0.4174
0.4164
0.4163
0.4166
0.4861
0.4162
0.4171
0.4166
0.4162
0.4171
0.4158
0.4168
0.4171
0.4173
0.4166
0.4162
0.4196
0.4166
0.4172
0.4160
0.4156
0.4173
0.4166
0.4170
0.4837
0.4172
0.4180
0.4165
0.4171
0.4162
0.4187
0.4178
0.4176
0.4170
0.4155
0.4871
0.4166
0.4173
0.5657
0.4182
0.4868
0.4167
0.4170
0.4155
0.4180
0.4166
0.4175
0.4164
0.4165
0.4165
0.4162
0.4174
0.4874
0.4171
0.4164
0.4164
0.4168
0.4153
0.4177
0.4169
0.4171
0.4160
0.4160
0.4880
0.4171