0.8443
0.4898
0.4228
0.4857
0.4851
0.4891
0.4871
0.4856
0.4858
0.4856
0.4871
0.4861
0.4862
0.4853
0.4871
0.4873
0.4877
0.4869
0.4857
0.4852
0.4861
0.4857
0.4877
0.4872
0.4236
0.4899
0.4226
0.4859
0.4225
0.4223
0.4236
0.4232
0.4230
0.4232
0.4240
0.4240
0.4229
0.4229
0.4230
0.4232
0.4234
0.4229
0.4242
0.4224
0.4229
0.4233
0.4236
0.4227
0.4231
0.4234
0.4237
0.4241
0.4230
0.4240
0.4227
0.4230
0.4230
0.4237
0.4240
0.4264
0.4249
0.4235
0.4235
0.4229
0.4239
0.4232
0.4239
0.4234
0.4230
0.4232
0.4233
0.4227
0.4242
0.4230
0.4233
0.4226
0.4226
0.4229
0.4238
0.4233
0.4230
0.4244
0.4231
0.4245
0.4238
0.4230
0.4230
0.4228
0.4238
0.4234
0.4228
0.4238
0.4227
0.4235
0.4239
0.4235
0.4230
0.4228
0.4233
0.4228
0.4234
0.4231
0.4230
0.4233
0.4229
0.4231
0.4229
0.4238
0.4248
0.4230
0.4236
0.4227
0.4237
0.4227
0.4228
0.4227
0.4227
0.4250
0.4233
0.4231
0.4286
0.4285
0.4236
0.4234
0.4240
0.4238
0.4228