0.1663
0.1589
0.0986
0.1030
0.1019
0.1499
0.1631
0.1490
0.1534
0.1437
0.1523
0.1435
0.1803
0.1863
0.1132
0.1797
0.1458
0.1613
0.1504
0.1517
0.1559
0.1064
0.1508
0.1694
0.1483
0.1650
0.1502
0.1615
0.1589
0.1479
0.1548
0.1470
0.1603
0.1492
0.1759
0.1141
0.1737
0.1005
0.0980
0.1477
0.1647
0.1537
0.1570
0.1555
0.1537
0.1636
0.0980
0.0968
0.0963
0.1473
0.1075
0.1664
0.0959
0.0954
0.0950
0.0948
0.0969
0.1467
0.1091
0.1203
0.1147
0.1068
0.1492
0.1679
0.1534
0.1633
0.1574
0.1536
0.1065
0.1643
0.1474
0.1053
0.1659
0.1029
0.1564
0.1496
0.1562
0.1469
0.1604
0.1030
0.1530
0.1696
0.1022
0.1016
0.1587
0.1499
0.1037
0.1078
0.1082
0.1130
0.1612
0.1029
0.1029
0.0985
0.1034
0.1070
0.1089
0.1127
0.1601
0.0957
0.1526
0.1567
0.1170
0.1198
0.1136
0.1042
0.1021
0.1010
0.0995
0.1000
0.1028
0.0991
0.0989
0.0976
0.1072
0.0976
0.0969
0.1032
0.1058
0.0950
0.0959
0.0976
0.0988
0.1006
0.0977
0.0990
0.1148
0.1052
0.1029
0.0990
0.0990
0.0956
0.0996
0.0978
0.1049
0.0958
0.0955
0.0957
0.1510
0.1056
0.1066
0.1101
0.1093
0.1070
0.1034
0.1023
0.1007
0.1002
0.1001
0.1026
0.1025
0.1014
0.1007
0.0993
0.0981
0.0990
0.0990
0.1005
0.0988
0.1017
0.1006
0.0992
0.1004
0.0998
0.0993
0.0999
0.1003
0.0997
0.0988
0.0992
0.1012
0.1027
0.1007
0.1484
0.1602
0.0964
0.0964
0.0969
0.0977
0.1015
0.0994
0.0972
0.0996
0.0993
0.0995
0.1472
0.0968
0.0953
0.0944
0.0966
0.0973
0.0965
0.0979
0.0962
0.0956
0.1476
0.1050
0.1117
0.1033
0.1525
0.0966
0.0955
0.0941
0.0958
0.0949
0.0966
0.0968
0.0992
0.1022
0.1026
0.0986
0.0969
0.0984
0.0973
0.1021
0.1481
0.1021
0.1035
0.1035
0.1046
0.1072
0.1085
0.1097
0.1078
0.1030
0.1016
0.1026
0.1030
0.1002
0.1003
0.0976
0.0976
0.1022
0.0988
0.1014
0.1024
0.1457
0.1022
0.1003
0.1000
0.0996
0.0993
0.0985
0.0982
0.0975
0.0971
0.0963
0.0958
0.0948
0.1003
0.0956
0.0944
0.0966
0.0977
0.1028
0.0970
0.0946
0.0962
0.0971
0.0984
0.0972
0.1055
0.1197
0.1022
0.0962
0.0971
0.0968
0.0988
0.0961
0.0992
0.1001
0.1023
0.0972
0.0973
0.0971
0.1000
0.0993
0.1485
0.1033
0.1045
0.1061
0.1064
0.1142
0.1044
0.1071
0.1117
0.1010
0.1016
0.2718
0.1018
0.1009
0.1238
0.1066
0.0984
0.1452
0.1062
0.1052
0.1190
0.1067
0.1035
0.1028
0.1482
0.1061
0.1633
0.0970
0.0999
0.1034
0.0969
0.0965
0.0956
0.0974
0.1446
0.1058
0.1096
0.1101
0.1083
0.1081
0.1033
0.1088
0.1021
0.1003
0.0985
0.0988
0.0979
0.0984
0.1461
0.0997
0.1019
0.1022
0.0964
0.0953
0.0957
0.0945
0.1148
0.1067
0.1064
0.1099
0.1024
0.1071
0.1077
0.1067
0.1003
0.1024
0.1008
0.1004
0.1001
0.0999
0.1029
0.1013
0.0993
0.0996
0.0992
0.1010
0.1006
0.1000
0.0996
0.1000
0.1002
0.0991
0.0994
0.1039
0.0990
0.0982
0.0983
0.1010
0.0992
0.0988
0.0980
0.0987
0.0983
0.0990
0.1017
0.1028
0.1031
0.1036
0.0997
0.1000
0.0987
0.0987
0.0988
0.0999
0.1009
0.1024
0.0986
0.0988
0.0998
0.1003
0.0997
0.1006
0.1001
0.1010
0.1006
0.1005
0.1043
0.1006
0.0992
0.0970
0.0990
0.1001
0.1039
0.1020
0.0978
0.0977
0.0993
0.0997
0.1101
0.0977
0.0959
0.1004
0.0965
0.1050
0.1013
0.0958
0.0973
0.0988
0.1069
0.1144
0.0965
0.0960
0.0978
0.0988
0.1482
0.1032
0.1045
0.1047
0.1684
0.1002
0.1024
0.1028
0.1069
0.1055
0.1009
0.1017
0.1744
0.1001
0.0972
0.0955
0.0965
0.0955
0.0951
0.1412
0.0989
0.1123
0.1191
0.1041
0.1049
0.1028
0.1019
0.0993
0.1002
0.0987
0.0996
0.1034
0.1003
0.0991
0.0991
0.0998
0.1049
0.0974
0.0973
0.0982
0.0977
0.0984
0.1493
0.1021
0.0994
0.0997
0.1000
0.0973
0.0965
0.1027
0.1019
0.0982
0.1040
0.0993
0.1000
0.1014
0.1082
0.1041
0.1057
0.1178
0.1099
0.0990
0.1023
0.1024
0.0999
0.0994
0.0990
0.1027
0.1009
0.1007
0.1019
0.0997
0.0966
0.0980
0.1013
0.1025
0.1056
0.0972
0.0978
0.1048
0.0985
0.0971
0.0991
0.0973
0.1001
0.1013
0.1036
0.1001
0.1003
0.0987
0.1040
0.0988
0.0995
0.0974
0.1062
0.1006
0.1001
0.0969
0.0982
0.1014
0.1001
0.0981
0.0993
0.0994
0.0992
0.1009
0.1002
0.1068
0.0986
0.0965
0.1055
0.0981
0.0985
0.0980
0.1024
0.0996
0.0985
0.0993
0.1017
0.1000
0.1004
0.0977
0.0982
0.1013
0.0998
0.0991
0.1004
0.0989
0.0983
0.1058
0.0999
0.1015
0.0969
0.0995
0.1000
0.1001
0.1017
0.1033
0.0983
0.1011
0.0996
0.0972
0.1024
0.0980
0.0979
0.1023
0.0997
0.1052
0.0989
0.0961
0.1050
0.0968
0.0980
0.1018
0.0978
0.0987
0.1031
0.0978
0.0989
0.1028
0.0988
0.0994
0.0995
0.0978
0.1018
0.1005
0.0987
0.0995
0.1487
0.1016
0.1663
0.0969
0.0971
0.0982
0.1002
0.0979
0.1449
0.1048
0.1037
0.1028
0.1101
0.1110
0.1079
0.1042
0.1016
0.1005
0.1015
0.0992
0.1035
0.0990
0.0978
0.0998
0.1031
0.1000
0.0996
0.0989
0.1014
0.1016
0.0992
0.1000
0.0970
0.1456
0.1004
0.1013
0.1015
0.1052
0.1050
0.1011
0.1087
0.1039
0.1149
0.1043
0.1023
0.1042
0.1010
0.1006
0.1012
0.1020
0.0987
0.1055
0.1015
0.1006
0.0994
0.1006
0.1003
0.1001
0.1002
0.0998
0.0999
0.0985
0.1004
0.1003
0.0993
0.0956
0.0966
0.0972
0.1014
0.1474
0.1029
0.1045
0.1018
0.1041
0.1070
0.1171
0.1068
0.1043
0.1026
0.1022
0.1014
0.1011
0.1018
0.0986
0.0992
0.0985
0.1007
0.1003
0.1021
0.0994
0.1001
0.0989
0.1011
0.0991
0.0988
0.0997
0.0995
0.0995
0.1010
0.0997
0.0995
0.1007
0.1012
0.1013
0.0999
0.0991
0.0987
0.0995
0.1012
0.1002
0.0995
0.0995
0.0996
0.1008
0.1012
0.0988
0.0994
0.0994
0.0997
0.1001
0.1003
0.0995
0.1001
0.1001
0.1002
0.0993
0.1032
0.0973
0.0978
0.0983
0.0984
0.0983
0.0990
0.0997
0.1003
0.1013
0.0996
0.0998
0.0996
0.0997
0.0998
0.1084
0.1169
0.1326
0.1410
0.1028
0.1003
0.1037
0.1050
0.1006
0.1002
0.1004
0.1021
0.1015
0.1012
0.1000
0.0996
0.1002
0.1013
0.1026
0.0991
0.1106
0.1005
0.0991
0.1020
0.1004
0.1008
0.1040
0.1050
0.0988
0.0990
0.0993
0.1014
0.1004
0.1019
0.1003
0.0987
0.0996
0.1004
0.1009
0.1002
0.0998
0.0993
0.1008
0.1001
0.1007
0.1006
0.1015
0.1002
0.0996
0.1007
0.1010
0.1004
0.1005
0.0990
0.1011
0.1018
0.1007
0.1010
0.1013
0.1020
0.1594
0.1029
0.1005
0.1000
0.1008
0.1005
0.1006
0.1015
0.0999
0.1002
0.1010
0.1011
0.1018
0.1022
0.1035
0.1011
0.1013
0.1005
0.1021
0.1017
0.1018
0.1023
0.1023
0.1022
0.1008
0.1075
0.1066
0.1067
0.1075
0.1078
0.1057
0.1047
0.1032
0.1013
0.1013
0.0995
0.0996
0.0998
0.0996
0.1001
0.1003
0.0998
0.0997
0.0997
0.1468
0.0951
0.0944
0.0942
0.0944
0.0951
0.0956
0.0962
0.0968
0.0975
0.0980
0.0987
0.0989
0.0993
0.0987
0.1020
0.1036
0.0994
0.0988
0.0996
0.0984
0.0986
0.1002
0.1001
0.0989
0.1001
0.1001
0.0987
0.0992
0.0996
0.1001
0.0993
0.0994
0.1003
0.1091
0.1010
0.0995
0.0995
0.1008
0.0993
0.0992
0.0996
0.1002
0.0999
0.0998
0.0999
0.1010
0.0982
0.0981
0.0984
0.0990
0.0983
0.0984
0.0988
0.0990
0.1000
0.1014
0.1004
0.1001
0.1020
0.1002
0.0989
0.0987
0.0998
0.0998
0.1033
0.1005
0.0987
0.0984
0.1003
0.0993
0.1031
0.1186
0.0978
0.0980
0.0972
0.0974
0.0976
0.1459
0.0978
0.0957
0.0947
0.0941
0.0942
0.0943
0.0958
0.0962
0.0991
0.0991
0.0992
0.0997
0.0993
0.0999
0.0999
0.0998
0.1006
0.0997
0.0999
0.1001
0.0995
0.1005
0.0999
0.0994
0.1000
0.0999
0.1007
0.1480
0.0989
0.0967
0.0944
0.0946
0.0945
0.0946
0.0946
0.0946
0.0979
0.0982
0.0976
0.0979
0.1459
0.0987
0.0969
0.0947
0.0939
0.0944
0.0957
0.0953
0.0951
0.0950
0.0966
0.0982
0.0988
0.0990
0.0998
0.1006
0.1007
0.0996
0.0996
0.0998
0.0994
0.1008
0.0994
0.0998
0.0998
0.1004
0.1002
0.1004
0.0994
0.0999
0.0992
0.0999
0.1000
0.0997
0.1003
0.1018
0.1023
0.0992
0.0989
0.0992
0.1001
0.0994
0.1000
0.0998
0.0994
0.0998
0.1007
0.1005
0.1003
0.0998
0.1004
0.1010
0.0997
0.1014
0.1006
0.0993
0.0993
0.0995
0.0994
0.0997
0.0998
0.1002
0.0998
0.0997
0.0998
0.0996
0.1002
0.1002
0.1005
0.1000
0.1014
0.0995
0.0997
0.0995
0.1468
0.1003
0.0997
0.0974
0.0966
0.0945
0.0946
0.0950
0.0949
0.0944
0.0944
0.0962
0.0978
0.0987
0.0992
0.0993
0.0995
0.1002
0.0997
0.0997
0.0999
0.1000
0.1002
0.1003
0.1003
0.0996
0.1003
0.0998
0.0999
0.0996
0.0999
0.1000
0.1004
0.1001
0.1001
0.0997
0.0997
0.1001
0.1002
0.0999
0.1022
0.0997
0.0998
0.1003
0.0998
0.1000
0.1000
0.0996
0.0999
0.0999
0.0998
0.0999
0.1006
0.0999
0.1000
0.0997
0.0996
0.0997
0.0998
0.1000
0.1003
0.1011
0.1012
0.0997
0.0991
0.0992
0.0996
0.1010
0.0995
0.0997
0.1007
0.1481
0.1007
0.0992
0.0993
0.1013
0.1007
0.0993
0.0981
0.1520
0.1006
0.1000
0.0999
0.0995
0.0999
0.0997
0.1001
0.0998
0.1001
0.0998
0.1002
0.1001
0.1000
0.0999
0.1002
0.0997
0.1001
0.0997
0.1000
0.1002
0.1004
0.1004
0.1000
0.1000
0.1001
0.0998
0.1000
0.1000
0.0997
0.0998
0.1000
0.1003
0.1001
0.0999
0.0998
0.1001
0.1009
0.0991
0.0999
0.0998
0.0999
0.1001
0.1000
0.1008
0.0998
0.0993
0.1007
0.0991
0.0998
0.0997
0.1010
0.0999
0.0998
0.0999
0.1001
0.1008
0.1005
0.0996
0.0994
0.1000
0.0998
0.1002
0.1002
0.0998
0.0999
0.0997
0.1003
0.1000
0.1001
0.0998
0.0997
0.1003
0.1003
0.0999
0.1001
0.0998
0.0999
0.0997
0.1000
0.0998
0.1006
0.1480
0.1031
0.1000
0.0999
0.0993
0.0990
0.0978
0.0963
0.0942
0.0945
0.1463
0.1093
0.1060
0.1032
0.1020
0.1004
0.0999
0.1000
0.1000
0.1005
0.1001
0.0996
0.1001
0.0999
0.1001
0.1000
0.1001
0.1001
0.0998
0.1004
0.0999
0.0998
0.1000
0.1002
0.1014
0.1000
0.1006
0.0997
0.1000
0.1005
0.1003
0.0999
0.1000
0.0998
0.1001
0.0999
0.0996
0.1002
0.1000
0.1004
0.0999
0.0999
0.0998
0.1003
0.1467
0.1002
0.0993
0.0987
0.1007
0.1033
0.1017
0.1038
0.1057
0.1128
0.1123
0.1073
0.1030
0.1017
0.1011
0.1006
0.1002
0.1003
0.1001
0.1000
0.1000
0.0996
0.1006
0.1003
0.1003
0.1000
0.0994
0.1005
0.0998
0.1003
0.0998
0.0998
0.0999
0.0998
0.1001
0.1002
0.1008
0.0999
0.0998
0.1001
0.0995
0.0995
0.1001
0.1014
0.1009
0.0994
0.0990
0.1468
0.1002
0.0993
0.0985
0.0972
0.0949
0.0946
0.0951
0.0947
0.0945
0.0950
0.0950
0.0974
0.0980
0.0996
0.0993
0.0995
0.0999
0.1002
0.0998
0.0997
0.1000
0.1002
0.1000
0.0997
0.0998
0.1001
0.1003
0.0999
0.1001
0.1001
0.1001
0.1000
0.1001
0.0999
0.0998
0.0998
0.1001
0.1000
0.0999
0.1000
0.1002
0.1003
0.0998
0.0999
0.0998
0.1465
0.1014
0.1007
0.0998
0.1002
0.1004
0.1006
0.1013
0.1023
0.1032
0.1088
0.1130
0.1118
0.1048
0.1024
0.1014
0.1011
0.1004
0.0999
0.0999
0.1003
0.1002
0.0997
0.1000
0.0999
0.0998
0.1001
0.1006
0.1003
0.1000
0.1001
0.1000
0.0999
0.1000
0.1001
0.1002
0.0999
0.0998
0.0999
0.0999
0.1000
0.0999
0.0999
0.1001
0.1001
0.1001
0.0997
0.1002
0.1001
0.1008
0.1030
0.0991
0.0985
0.0989
0.0995
0.1001
0.0994
0.0998
0.0998
0.0998
0.1004
0.1001
0.0999
0.0999
0.0998
0.1001
0.1013
0.1012
0.0991
0.0993
0.0999
0.0999
0.0998
0.0995
0.1000
0.1006
0.0998
0.0996
0.1008
0.0998
0.1001
0.1001
0.0999
0.0999
0.0998
0.0999
0.0999
0.0999
0.1006
0.1003
0.1001
0.1000
0.0999
0.1466
0.1023
0.1027
0.1038
0.1069
0.1120
0.1134
0.1065
0.1029
0.1014
0.1009
0.1005
0.1000
0.0998
0.0999
0.1007
0.1012
0.0992
0.0994
0.0999
0.1007
0.0994
0.1001
0.0999
0.0997
0.1002
0.0999
0.0998
0.0997
0.0999
0.0998
0.1005
0.0999
0.1001
0.1014
0.1124
0.1003
0.0981
0.0959
0.0969
0.0977
0.0993
0.1000
0.0995
0.0996
0.0995
0.1001
0.0999
0.0998
0.0997
0.1000
0.1009
0.1470
0.1021
0.1039
0.1114
0.1160
0.1105
0.1035
0.1026
0.0983
0.0983
0.0988
0.0991
0.0988
0.0999
0.0997
0.0997
0.0993
0.0996
0.1045
0.1026
0.1050
0.0993
0.0994
0.1007
0.0988
0.1449
0.0970
0.0948
0.0938
0.0939
0.0943
0.0942
0.0946
0.0964
0.0983
0.0988
0.0988
0.0990
0.0995
0.0995
0.0997
0.1000
0.1000
0.1006
0.1001
0.0996
0.0998
0.1002
0.1006
0.1001
0.1000
0.0998
0.1000
0.1000
0.1000
0.0999
0.0998
0.0994
0.1004
0.1000
0.0998
0.0999
0.0999
0.1007
0.1003
0.0999
0.0997
0.1006
0.1000
0.0996
0.0998
0.1002
0.0997
0.1009
0.1001
0.0998
0.0997
0.0997
0.1000
0.1000
0.1000
0.0997
0.0996
0.1005
0.1003
0.0996
0.0997
0.0998
0.1004
0.1002
0.1001
0.1000
0.1001
0.0991
0.0999
0.0988
0.0991
0.0983
0.0994
0.1009
0.0993
0.1466
0.0991
0.0974
0.0961
0.0950
0.0945
0.0949
0.0947
0.0958
0.0955
0.0965
0.0972
0.0978
0.0984
0.0987
0.0989
0.0991
0.1111
0.1048
0.0962
0.0974
0.0976
0.0996
0.0994
0.0990
0.0990
0.0989
0.0990
0.0988
0.0991
0.0994
0.1002
0.1000
0.1000
0.0998
0.0995
0.0998
0.0994
0.0996
0.0999
0.0998
0.0999
0.0997
0.1002
0.0996
0.0998
0.0995
0.1002
0.1000
0.1012
0.1012
0.1000
0.0998
0.1002
0.1009
0.0991
0.0995
0.1004
0.0994
0.0994
0.1001
0.1002
0.1001
0.1006
0.1000
0.0996
0.0998
0.1003
0.0999
0.0997
0.1007
0.0997
0.1011
0.1004
0.0997
0.0996
0.0995
0.1061
0.1065
0.0978
0.1012
0.1002
0.1007
0.1001
0.0999
0.0997
0.0998
0.1005
0.1001
0.0995
0.0997
0.0997
0.1002
0.1001
0.0997
0.0997
0.0996
0.0998
0.1000
0.1003
0.1004
0.1015
0.1028
0.0992
0.0984
0.0990
0.0992
0.0996
0.0997
0.0997
0.1000
0.0974
0.0987
0.0988
0.0993
0.0993
0.0992
0.0993
0.0986
0.0989
0.1000
0.0991
0.1017
0.0998
0.0993
0.1013
0.0996
0.0993
0.0991
0.0992
0.0993
0.0997
0.1003
0.1004
0.0997
0.0998
0.0995
0.0998
0.0998
0.1003
0.1008
0.1000
0.1004
0.1007
0.1000
0.1006
0.0998
0.0998
0.0997
0.0998
0.1008
0.1009
0.1008
0.0999
0.1000
0.1470
0.0950
0.0942
0.0944
0.0942
0.0944
0.0955
0.0976
0.0978
0.0979
0.0985
0.0986
0.0995
0.0989
0.0990
0.0993
0.0999
0.1011
0.0996
0.0991
0.0990
0.0991
0.0992
0.0995
0.1002
0.0999
0.1002
0.1012
0.1008
0.1004
0.1002
0.1006
0.1014
0.0995
0.0999
0.1034
0.1017
0.1013
0.1008
0.1000
0.0999
0.0999
0.1006
0.1001
0.0999
0.1006
0.1016
0.1014
0.0994
0.0988
0.0990
0.1007
0.1002
0.0994
0.0995
0.0996
0.0997
0.1003
0.1000
0.0998
0.0997
0.0996
0.0999
0.0998
0.1000
0.1004
0.0997
0.1006
0.0999
0.0997
0.0997
0.0999
0.1014
0.0994
0.0995
0.0998
0.0999
0.1005
0.1002
0.0998
0.0998
0.0998
0.1014
0.0994
0.0996
0.1462
0.1543
0.1008
0.0993
0.0997
0.0996
0.1000
0.0997
0.0999
0.1000
0.1004
0.1007
0.1000
0.1456
0.0996
0.0983
0.0976
0.0966
0.0958
0.1469
0.1105
0.1037
0.1017
0.1011
0.1007
0.1007
0.1003
0.1000
0.1458
0.0991
0.0996
0.0975
0.0975
0.0949
0.0943
0.0941
0.0941
0.1398
0.1042
0.1072
0.1095
0.1086
0.1069
0.1026
0.1018
0.1013
0.1003
0.1006
0.1005
0.1000
0.0999
0.0997
0.0999
0.0998
0.1003
0.0997
0.1003
0.0998
0.1015
0.1014
0.0998
0.0992
0.0991
0.1005
0.0996
0.1004
0.1458
0.0974
0.0955
0.0951
0.0950
0.0947
0.0947
0.0947
0.0947
0.0963
0.0977
0.0986
0.0991
0.0998
0.1004
0.0993
0.1004
0.0997
0.0998
0.1001
0.0998
0.0995
0.1008
0.0997
0.1001
0.0998
0.0999
0.0997
0.1001
0.0998
0.1000
0.1000
0.1001
0.1015
0.0999
0.0995
0.0996
0.0997
0.1000
0.0999
0.0998
0.0991
0.1009
0.1009
0.1004
0.1002
0.0997
0.0996
0.0999
0.0998
0.0999
0.0998
0.0999
0.1005
0.1001
0.0997
0.0999
0.0998
0.0999
0.1001
0.1011
0.0996
0.0997
0.1001
0.1006
0.0998
0.1023
0.0990
0.0997
0.1000
0.0998
0.0998
0.1001
0.1005
0.1002
0.0996
0.0999
0.1001
0.1000
0.0998
0.1002
0.0995
0.0997
0.1002
0.1000
0.0997
0.0999
0.1000
0.1000
0.0999
0.1002
0.0999
0.1010
0.1020
0.0999
0.0992
0.0993
0.0992
0.1005
0.0994
0.1007
0.1003
0.0994
0.0997
0.0998
0.0996
0.0997
0.0997
0.1004
0.0997
0.0998
0.0999
0.1001
0.1478
0.1009
0.0993
0.0995
0.0983
0.0973
0.0963
0.0953
0.0943
0.0945
0.0950
0.0947
0.0950
0.0968
0.0982
0.0992
0.0993
0.0995
0.0997
0.0999
0.1000
0.1003
0.1010
0.0996
0.0992
0.0999
0.0998
0.0999
0.1000
0.0999
0.1002
0.1005
0.1003
0.1001
0.0997
0.0999
0.0998
0.0996
0.0997
0.1003
0.1021
0.0993
0.0992
0.0996
0.0996
0.0999
0.0999
0.0999
0.1002
0.1004
0.1002
0.1006
0.0996
0.1004
0.0997
0.0998
0.0996
0.0998
0.1015
0.1053
0.0982
0.0987
0.0987
0.0992
0.0995
0.1000
0.1001
0.0999
0.0997
0.0997
0.0999
0.0999
0.0998
0.1000
0.0997
0.1005
0.1000
0.1000
0.1000
0.1016
0.1018
0.1001
0.0991
0.0995
0.0997
0.0999
0.0993
0.0998
0.1000
0.1012
0.1002
0.0996
0.0993
0.0997
0.0998
0.1003
0.1001
0.1037
0.0987
0.0996
0.0995
0.0996
0.0992
0.0998
0.0994
0.1001
0.0996
0.0995
0.0996
0.1003
0.1001
0.1000
0.1007
0.0997
0.1000
0.1003
0.0998
0.0997
0.1000
0.1000
0.1000
0.1003
0.1000
0.0999
0.1003
0.0999
0.0999
0.1000
0.0997
0.1001
0.1003
0.1000
0.1004
0.1003
0.0999
0.1002
0.0998
0.1001
0.0999
0.0999
0.1004
0.0999
0.0996
0.0999
0.2805
0.1099
0.1045
0.1024
0.1018
0.1008
0.1002
0.1004
0.0997
0.1011
0.0994
0.0995
0.0996
0.0999
0.1002
0.1005
0.1001
0.0999
0.0998
0.1004
0.0997
0.1000
0.0998
0.0996
0.1005
0.0999
0.0997
0.1015
0.0990
0.1003
0.0994
0.0997
0.1002
0.1017
0.1014
0.0993
0.1029
0.0993
0.0985
0.0992
0.0991
0.0992
0.0996
0.0997
0.1010
0.1467
0.1006
0.0996
0.0991
0.0990
0.0979
0.0982
0.0979
0.0973
0.0980
0.0961
0.0951
0.0952
0.0948
0.0956
0.0954
0.0969
0.0979
0.0990
0.0998
0.0999
0.0997
0.0995
0.0994
0.1000
0.1000
0.1001
0.0998
0.0999
0.1001
0.1002
0.0996
0.0998
0.0999
0.1002
0.0999
0.0999
0.0999
0.0999
0.1004
0.1004
0.1000
0.1002
0.1003
0.1013
0.0997
0.0995
0.0995
0.0997
0.1008
0.0999
0.0995
0.0998
0.0996
0.1004
0.0998
0.0996
0.0992
0.1003
0.0983
0.0988
0.0985
0.0990
0.0987
0.1002
0.0989
0.0991
0.1011
0.1004
0.1013
0.1002
0.0993
0.0994
0.0992
0.1014
0.0998
0.1008
0.0992
0.0993
0.0992
0.1003
0.1002
0.0994
0.0995
0.0995
0.0995
0.0992
0.1000
0.1013
0.1028
0.1005
0.0992
0.0993
0.0990
0.0999
0.0994
0.0994
0.0992
0.0995
0.1000
0.1006
0.1003
0.1005
0.0996
0.0995
0.0993
0.0994
0.0995
0.0997
0.1002
0.1003
0.0997
0.0998
0.0998
0.1006
0.1000
0.0997
0.0998
0.0998
0.1001
0.1007
0.1006
0.1000
0.0998
0.1004
0.0998
0.0999
0.0996
0.1002
0.1007
0.1004
0.1002
0.1000
0.1002
0.0993
0.0997
0.0997
0.0996
0.0999
0.1002
0.1001
0.1001
0.1006
0.0998
0.1017
0.1001
0.1004
0.0999
0.0997
0.1004
0.1010
0.0991
0.0993
0.0994
0.0996
0.0994
0.0998
0.0996
0.0998
0.1005
0.1004
0.1001
0.1007
0.0996
0.1008
0.0996
0.0996
0.0997
0.1003
0.1007
0.1011
0.1097
0.1067
0.0965
0.1010
0.0999
0.0971
0.0977
0.1008
0.1005
0.1003
0.0998
0.1000
0.1000
0.1000
0.0999
0.0999
0.1004
0.1014
0.1017
0.0997
0.0993
0.0996
0.0996
0.0998
0.1001
0.1001
0.0998
0.0998
0.1001
0.0999
0.0998
0.1005
0.1006
0.0999
0.0996
0.0996
0.0998
0.0998
0.1002
0.1001
0.1000
0.1002
0.0996
0.1003
0.0994
0.0998
0.0998
0.1000
0.1002
0.1003
0.0999
0.1000
0.1002
0.1001
0.0998
0.0997
0.0998
0.1000
0.1004
0.1002
0.0999
0.0998
0.0997
0.0998
0.0999
0.1009
0.0997
0.0999
0.1000
0.1002
0.1003
0.0998
0.0998
0.1003
0.1000
0.1003
0.1001
0.0999
0.1000
0.1001
0.0995
0.0999
0.0999
0.1000
0.1000
0.1001
0.0999
0.1000
0.1010
0.1000
0.0997
0.1002
0.0996
0.1009
0.0996
0.0997
0.1000
0.1003
0.1000
0.1003
0.0997
0.0999
0.0996
0.0997
0.0999
0.0999
0.0998
0.0998
0.1000
0.1000
0.0999
0.0998
0.0999
0.1013
0.1010
0.0992
0.0997
0.1015
0.1010
0.0995
0.0990
0.0994
0.0997
0.0998
0.1000
0.1004
0.1002
0.1000
0.0996