0.3138
0.3101
0.3047
0.3095
0.3082
0.3047
0.2057
0.2060
0.2048
0.2053
0.2043
0.2051
0.2081
0.2069
0.2057
0.2066
0.2099
0.2071
0.3172
0.3054
0.3042
0.3051
0.3056
0.3038
0.3052
0.3102
0.3066
0.3055
0.3057
0.3066
0.3066
0.3131
0.3055
0.3046
0.3045
0.3055
0.3056
0.3023
0.3152
0.3163
0.3172
0.3121
0.3180
0.3149
0.3080
0.3062
0.3037
0.3032
0.3025
0.3022
0.3029
0.3085
0.3067
0.3042
0.3044
0.3050
0.3037
0.3077
0.3069
0.3073
0.3061
0.3049
0.3061
0.3269
0.3063
0.3071
0.3060
0.3072
0.3038
0.3035
0.3053
0.3066
0.3052
0.3072
0.3043
0.3039
0.3167
0.3081
0.3036
0.3014
0.3040
0.3040
0.3025
0.3041
0.3068
0.3046
0.3024
0.3021
0.3036
0.3029
0.3055
0.3031
0.3074
0.3031
0.3031
0.3018
0.3029
0.3041
0.3066
0.3032
0.3051
0.3056
0.3030
0.3044
0.3026
0.3030
0.3044
0.3048
0.3042
0.3121
0.3060
0.3056
0.3040
0.3066
0.3041
0.3072
0.3086
0.3073
0.3052
0.3102
0.3088
0.3082
0.3069
0.3115
0.3083
0.3092
0.3088
0.3106
0.3085
0.3095
0.3061
0.3058
0.3051
0.3039
0.3068
0.3058
0.3057
0.3051
0.3066
0.3053
0.3061
0.3090
0.2053
0.3041
0.3048
0.3029
0.2045
0.3042
0.3012
0.3037
0.3048
0.3048
0.3048
0.3017
0.3023
0.3132
0.3033
0.3033
0.3021
0.3020
0.3021
0.3065
0.3035
0.3031
0.2054
0.3078
0.3043
0.3034
0.3022
0.3006
0.2039
0.3028
0.3010
0.3020
0.3011
0.3020
0.3035
0.3028
0.3056
0.3023
0.3032
0.3057
0.3046
0.3074
0.3052
0.3038
0.3074
0.3034
0.3048
0.3033
0.3068
0.3044
0.3081
0.3036
0.3032
0.3017
0.3032
0.3012
0.3038
0.3374
0.2076
0.2049
0.3079
0.3091
0.3091
0.3088
0.3067
0.3072
0.3059
0.3078
0.2062
0.3072
0.3029
0.2065
0.2106
0.2044
0.3046
0.3032
0.3042
0.3047
0.3049
0.2057
0.3054
0.3019
0.2042
0.3024
0.3021
0.3013
0.3029
0.2055
0.2054
0.2050
0.2043
0.2047
0.3045
0.2053
0.2070
0.2077
0.3044
0.2046
0.2043
0.2051
0.2078
0.2043
0.3024
0.3037
0.2049
0.2041
0.2037
0.2075
0.2059
0.3047
0.3037
0.3023
0.3023
0.3024
0.3068
0.3069
0.2063
0.3057
0.2046
0.3057
0.2056
0.3052
0.2058
0.3042
0.2043
0.3028
0.3013
0.3040
0.2049
0.3031
0.2062
0.2066
0.3070
0.2060
0.3121
0.3107
0.3048
0.2046
0.3105
0.2062
0.2044
0.2062
0.2048
0.3045
0.3066
0.3065
0.2058
0.2055
0.2051
0.2050
0.3195
0.2052
0.2046
0.2066
0.2062
0.2049
0.2044
0.2050
0.2047
0.2047
0.2086
0.2061
0.2054
0.2052
0.2044
0.2060
0.2054
0.2061
0.2047
0.2058
0.2051
0.2062
0.2075
0.2050
0.2058
0.2057
0.2054
0.2058
0.2063
0.2067
0.2055
0.2054
0.2048
0.2076
0.2060
0.2069
0.2052
0.2059
0.2061
0.2079
0.2050
0.2049
0.2048
0.2056
0.2061
0.2057
0.2061
0.2054
0.2052
0.2052
0.3193
0.3129
0.3131
0.3083
0.3109
0.3122
0.3173
0.2066
0.2071
0.3192
0.3097
0.3121
0.3097
0.3105
0.2057
0.2051
0.3074
0.3075
0.3076
0.2082
0.2067
0.2052
0.2070
0.2065
0.2082
0.2058
0.2045
0.2068
0.2049
0.2095
0.2068
0.2045
0.2051
0.2044
0.2045
0.2092
0.2072
0.2051
0.2042
0.2042
0.2069
0.2056
0.2053
0.2049
0.2043
0.2048
0.2069
0.2051
0.2050
0.2048
0.2046
0.2050
0.2047
0.2053
0.2077
0.2067
0.2043
0.2042
0.2049
0.2062
0.2054
0.2055
0.2049
0.2046
0.2048
0.2039
0.2038
0.2041
0.2044
0.2040
0.2036
0.2035
0.2032
0.2017
0.2016
0.2015
0.2069
0.2034
0.2053
0.2069
0.2045
0.2055
0.2086
0.2057
0.2053
0.2048
0.2048
0.2043
0.2051
0.2055
0.2053
0.2051
0.2048
0.2054
0.2047
0.2062
0.2062
0.2058
0.2055
0.2046
0.2056
0.2050
0.2074
0.2051
0.2047
0.2048
0.2046
0.2055
0.2056
0.2093
0.2045
0.2048
0.2046
0.2060
0.2072
0.2059
0.2048
0.2052