0.7770
0.7504
0.6862
0.5168
0.5814
0.6876
0.5833
0.6855
0.5347
0.6920
0.5230
0.5320
0.6772
0.5380
0.6824
0.5413
0.5253
0.6796
0.5340
0.7064
0.5550
0.6701
0.5430
0.5431
0.7209
0.5371
0.6758
0.5438
0.5552
0.7140
0.5347
0.6845
0.5332
0.5406
0.6510
0.5301
0.6462
0.5637
0.7480
0.5935
0.6815
0.7504
0.6600
0.7783
0.6143
0.6461
0.7371
0.6142
0.7258
0.6029
0.6549
0.7580
0.5968
0.7543
0.6207
0.7681
0.6361
0.6479
0.7583
0.6131
0.7794
0.6639
0.6269
0.7791
0.6109
0.7342
0.6072
0.6314
0.7525
0.6046
0.7729
0.6184
0.6102
0.7582
0.6167
0.7580
0.6259
0.8082
0.6679
0.6262
0.7591
0.6542
0.7779
0.6190
0.7766
0.6460
0.6397
0.7694
0.6284
0.7754
0.6396
0.7484
0.6248
0.6436
0.7919
0.6286
0.8000
0.6159
0.7993
0.6289
0.6417
0.7870
0.6852
0.7787
0.6719
0.7812
0.6142
0.6240
0.7791
0.6190
0.7773
0.6358
0.7620
0.6152
0.6495
0.7640
0.6367
0.7979
0.6454
0.8387
0.6446
0.6648
0.8181
0.6909
0.7746
0.6419
0.7764
0.7267
0.6699
0.7646
0.6462
0.7716
0.6447
0.7708
0.6388
0.6201
0.7403
0.6134
0.7528
0.6230
0.7884
0.6216
0.6260
0.7558
0.6078
0.7453
0.6251
0.7759
0.6543
0.6293
0.7828
0.6362
0.7778
0.6370
0.7995
0.6820
0.6336
0.7831
0.6535
0.8384
0.6518
0.7693
0.6361
0.6530
0.8016
0.6567
0.8216
0.6279
0.7456
0.6325
0.6359
0.8065
0.6314
0.7533
0.6330
0.7581
0.6419
0.6375
0.7904
0.6196
0.7911
0.6197
0.7805
0.6172
0.6407
0.7731
0.6652
0.8647
0.7427
0.7726
0.6355
0.6392
0.7546
0.6088
0.7563
0.6147
0.8039
0.6970
0.6194
0.7502
0.6108
0.8145
0.6154
0.7873
0.6655
0.6532
0.7906
0.7481
0.8321
0.6090
0.7324
0.6034
0.6149
0.7298
0.6272
0.8329
0.6198
0.8454
0.6063
0.6050
0.7861
0.6299
0.8479
0.6572
0.7662
0.6385
0.6527
0.7786
0.6405
0.7512
0.6050
0.7519
0.6199
0.6150
0.7412
0.6650
0.8667
0.6601
0.7764
0.6470
0.6316
0.7906
0.6231
0.7602
0.6170
0.8013
0.6209
0.6455
0.8396
0.6274
0.7478
0.6159
0.7509
0.6228
0.6186
0.7573
0.6446
0.7833
0.6358
0.7847
0.6640
0.6378
0.7859
0.6751
0.8072
0.6414
0.7761
0.6228
0.6380
0.7780
0.6372
0.7662
0.6518
0.7814
0.6365
0.6146
0.8070
0.6705
0.8060
0.6058
0.7574
0.6201
0.6180
0.7358
0.6091
0.8078
0.6207
0.8084
0.6546
0.6343
0.7975
0.6740
0.8418
0.6450
0.7712
0.6521
0.6279
0.7753
0.6518
0.7975
0.6463
0.8567
0.6684
0.6111
0.8060
0.6423
0.8137
0.6822
0.8212
0.6325
0.6478
0.7985
0.6229
0.7736
0.6537
0.8412
0.6725
0.6824
0.8175
0.6360
0.7606
0.6172
0.7762
0.6176
0.6214
0.7438
0.6485
0.7581
0.6073
0.8157
0.6378
0.6393
0.8358
0.6769
0.7885
0.6493
0.7808
0.6847
0.6935
0.8073
0.6309
0.7957
0.6408
0.7731
0.6497
0.6233
0.7724
0.6337
0.7728
0.6257