0.04287123680114746
0.029891252517700195
0.029208898544311523
0.04200601577758789
0.03273892402648926
0.04161977767944336
0.13644862174987793
0.029471874237060547
0.029207706451416016
0.042620182037353516
0.029129505157470703
0.029123783111572266
0.04261159896850586
0.029318571090698242
0.0315699577331543
0.04106593132019043
0.029247283935546875
0.03217029571533203
0.039923906326293945
0.028883934020996094
0.03235602378845215
0.040224552154541016
0.029270410537719727
0.03537917137145996
0.03769087791442871
0.030059814453125
0.03633451461791992
0.03541064262390137
0.02921915054321289
0.038146018981933594
0.03392958641052246
0.02930307388305664
0.03857111930847168
0.033319711685180664
0.029098033905029297
0.03973555564880371
0.03245806694030762
0.02927708625793457
0.0407567024230957
0.03135514259338379
0.029170989990234375
0.04194974899291992
0.029880762100219727
0.029785871505737305
0.04262685775756836
0.029870986938476562
0.029193401336669922
0.1361708641052246
0.031205177307128906
0.029170989990234375
0.041615962982177734
0.03004741668701172
0.029176950454711914
0.04197359085083008
0.029757261276245117
0.029192447662353516
0.04212617874145508
0.02969837188720703
0.02927088737487793
0.04178452491760254
0.02925252914428711
0.029139995574951172
0.04225277900695801
0.03032231330871582
0.029404163360595703
0.04173684120178223
0.029443025588989258
0.02937483787536621
0.042227983474731445
0.02946758270263672
0.02934432029724121
0.04273176193237305
0.029357194900512695
0.029326677322387695
0.04276728630065918
0.02927565574645996
0.029382944107055664
0.0427093505859375
0.029422760009765625
0.029230594635009766
0.04264521598815918
0.029145002365112305
0.029192686080932617
0.04252815246582031
0.029218435287475586
0.029166221618652344
0.04215884208679199
0.02913069725036621
0.1180260181427002
0.04295682907104492
0.03022003173828125
0.0291140079498291
0.04171490669250488
0.0297393798828125
0.029057025909423828
0.04164934158325195
0.02969646453857422
0.029185771942138672
0.04156851768493652
0.029662370681762695
0.02925562858581543
0.042677879333496094
0.02912163734436035
0.029129981994628906
0.042185068130493164
0.029003381729125977
0.02955460548400879
0.04286026954650879
0.02931523323059082
0.029271602630615234
0.04261040687561035
0.03204822540283203
0.029078960418701172
0.04226374626159668
0.029132366180419922
0.029191970825195312
0.04255199432373047
0.029138565063476562
0.029091835021972656
0.04309821128845215
0.028900146484375
0.029452800750732422
0.041866302490234375
0.02950263023376465
0.03153061866760254
0.04070258140563965
0.029253482818603516
0.0333561897277832
0.03858804702758789
0.02959585189819336
0.12294244766235352
0.04255509376525879
0.029343366622924805
0.029376745223999023
0.04206371307373047
0.029103517532348633
0.029952287673950195
0.041538238525390625
0.02888202667236328
0.029316186904907227
0.041538238525390625
0.02900981903076172
0.02921605110168457
0.041698455810546875
0.029398202896118164
0.03006291389465332
0.04193425178527832
0.02925395965576172
0.03115987777709961
0.040444374084472656
0.02907729148864746
0.032408714294433594
0.03992486000061035
0.02927374839782715
0.03378033638000488
0.038520097732543945
0.029242753982543945
0.03417658805847168
0.0375821590423584
0.029303312301635742
0.035469770431518555
0.036667823791503906
0.029194355010986328
0.03640604019165039
0.03583478927612305
0.029470443725585938
0.0378878116607666
0.03416562080383301
0.02927851676940918
0.0390322208404541
0.03310894966125488
0.13353204727172852
0.0432589054107666
0.02942490577697754
0.02908182144165039
0.041838884353637695
0.029875993728637695
0.029352903366088867
0.041773080825805664
0.029309749603271484
0.029052019119262695
0.041573286056518555
0.02982354164123535
0.02919292449951172
0.04214024543762207
0.029491186141967773
0.029227018356323242
0.04227495193481445
0.02903127670288086
0.029007673263549805
0.04215049743652344
0.029031753540039062
0.029443979263305664
0.04196047782897949
0.029086589813232422
0.02891254425048828
0.0416722297668457
0.029611587524414062
0.02947378158569336
0.04215049743652344
0.02924966812133789
0.02952408790588379
0.04223513603210449
0.029030561447143555
0.029578447341918945
0.04211735725402832
0.029649972915649414
0.02987194061279297
0.042710065841674805
0.02931809425354004
0.029545068740844727
0.042556047439575195
0.02935957908630371
0.12782669067382812
0.042525291442871094
0.029326915740966797
0.029410123825073242
0.04254317283630371
0.029294490814208984
0.030400514602661133
0.04184293746948242
0.029287338256835938
0.03187203407287598
0.04018092155456543
0.029507160186767578
0.033399105072021484
0.038896799087524414
0.02921748161315918
0.03415822982788086
0.03796553611755371