0.011574029922485352
0.01077580451965332
0.010832071304321289
0.010788679122924805
0.010775089263916016
0.01076197624206543
0.012320518493652344
0.014097213745117188
0.012820243835449219
0.011372089385986328
0.012486696243286133
0.010783195495605469
0.011071205139160156
0.010817766189575195
0.01107478141784668
0.014066934585571289
0.014304161071777344
0.01134037971496582
0.010776758193969727
0.010837793350219727
0.010769128799438477
0.010707855224609375
0.010762691497802734
0.013470649719238281
0.023300647735595703
0.011841535568237305
0.010781526565551758
0.010757684707641602
0.010779619216918945
0.010779380798339844
0.010706901550292969
0.03216099739074707
0.01156473159790039
0.010731935501098633
0.010838508605957031
0.010863065719604492
0.010833024978637695
0.010858774185180664
0.021100282669067383
0.017707109451293945
0.011202335357666016
0.010837316513061523
0.010737180709838867
0.010746955871582031
0.010842323303222656
0.010744810104370117
0.03292274475097656
0.010933160781860352
0.010869741439819336
0.010775566101074219
0.010642528533935547
0.010799646377563477
0.010759830474853516
0.018988609313964844
0.02017354965209961
0.01084446907043457
0.010880708694458008
0.010803461074829102
0.010776042938232422
0.010725736618041992
0.011856555938720703
0.031015634536743164
0.011200666427612305
0.010720968246459961
0.01082754135131836
0.010780811309814453
0.12310290336608887
0.027131319046020508
0.013220787048339844
0.010650396347045898
0.010795354843139648
0.010678529739379883
0.01072072982788086
0.010682344436645508
0.018085718154907227
0.021178245544433594
0.011443614959716797
0.01116037368774414
0.010981559753417969
0.011071205139160156
0.01112985610961914
0.011075496673583984
0.023934602737426758
0.014577388763427734
0.011576652526855469
0.010832548141479492
0.01060795783996582
0.010796546936035156
0.01063394546508789
0.012671947479248047
0.02015852928161621
0.013210058212280273
0.010971307754516602
0.010743141174316406
0.010840654373168945
0.01073312759399414
0.014030933380126953
0.0265655517578125
0.015839576721191406
0.011122465133666992
0.010738372802734375
0.01081538200378418
0.010744094848632812
0.011046409606933594
0.0133514404296875
0.02159881591796875
0.013083219528198242
0.011625528335571289
0.01062321662902832
0.010682821273803711
0.01058197021484375
0.010607004165649414