0.04760622978210449
0.04692721366882324
0.046964168548583984
0.04739093780517578
0.04651808738708496
0.04802846908569336
0.04847979545593262
0.047295331954956055
0.0464627742767334
0.1323227882385254
0.05177950859069824
0.04839587211608887
0.04650092124938965
0.0467376708984375
0.04701542854309082
0.046922922134399414
0.046587228775024414
0.04751396179199219
0.048859357833862305
0.048685312271118164
0.0474698543548584
0.04798126220703125
0.04702949523925781
0.047788381576538086
0.04748702049255371
0.046781063079833984
0.04736804962158203
0.046912193298339844
0.047438621520996094
0.047443389892578125
0.04712224006652832
0.04719185829162598
0.047635793685913086
0.04748392105102539
0.047020912170410156
0.04704761505126953
0.1491687297821045
0.048351287841796875
0.046762704849243164
0.0475916862487793
0.04702496528625488
0.047473907470703125
0.04711723327636719
0.047066688537597656
0.04857969284057617
0.04794764518737793
0.04709768295288086
0.04869961738586426
0.04730486869812012
0.04717898368835449
0.04873824119567871
0.05913710594177246
0.05099654197692871
0.0480804443359375
0.04883837699890137
0.047512054443359375
0.04756903648376465
0.047623634338378906
0.04917478561401367
0.04828476905822754
0.04730343818664551
0.04723525047302246
0.04837942123413086
0.04729723930358887
0.1345674991607666
0.047515153884887695
0.047562599182128906
0.04750394821166992
0.04643869400024414
0.04723954200744629
0.04747962951660156
0.046852827072143555
0.047208309173583984
0.04731392860412598
0.04749011993408203
0.04687929153442383
0.04684782028198242
0.0469052791595459
0.04863286018371582
0.04693889617919922
0.046962738037109375
0.04717659950256348
0.0468289852142334
0.047434091567993164
0.04719376564025879
0.04939627647399902
0.049523115158081055
0.04757261276245117
0.04778313636779785
0.1383528709411621
0.04741978645324707
0.04690074920654297
0.04728817939758301
0.04713892936706543
0.0475308895111084
0.04751086235046387
0.04925870895385742
0.0470278263092041
0.04768085479736328
0.04753565788269043
0.04765772819519043
0.047883033752441406
0.047805070877075195
0.04727649688720703
0.04698657989501953
0.047121524810791016
0.047235727310180664
0.04679989814758301
0.04696965217590332
0.04709887504577637
0.047443389892578125
0.046781063079833984
0.0473175048828125
0.04765129089355469
0.04786396026611328
0.04709291458129883
0.13555049896240234
0.047179460525512695
0.04703021049499512
0.04718780517578125
0.04706215858459473
0.047084808349609375
0.04705214500427246
0.04683256149291992
0.04761767387390137
0.048735618591308594
0.04699373245239258
0.046858787536621094
0.0477447509765625
0.04755735397338867
0.047551631927490234
0.04753923416137695
0.04787850379943848
0.04771256446838379
0.048180341720581055
0.04764294624328613
0.047896385192871094
0.048101186752319336
0.04789876937866211
0.04776453971862793
0.04767727851867676
0.047693490982055664
0.04768085479736328
0.1318504810333252
0.047861337661743164
0.047362565994262695
0.04754161834716797
0.04749298095703125
0.04726862907409668
0.047482967376708984
0.04732537269592285
0.047885894775390625
0.049857139587402344
0.048005104064941406
0.05168628692626953
0.050501108169555664
0.050035715103149414
0.04853677749633789
0.04821062088012695
0.04717516899108887
0.047507524490356445
0.04756450653076172
0.047178030014038086
0.04768109321594238
0.04783320426940918
0.049196720123291016
0.049265384674072266
0.047624826431274414
0.1340174674987793
0.04746270179748535
0.04786396026611328
0.047563791275024414
0.047068119049072266
0.04776906967163086
0.04790997505187988
0.04867911338806152
0.047902584075927734
0.047994136810302734
0.04748821258544922
0.04730510711669922
0.04692268371582031
0.04761028289794922
0.046744585037231445
0.04734182357788086
0.047658681869506836
0.04744768142700195
0.047826290130615234
0.04784059524536133
0.04763936996459961
0.04724693298339844
0.047187089920043945
0.04760336875915527
0.04760599136352539
0.04718613624572754
0.13631582260131836
0.047422170639038086
0.04736185073852539
0.04744696617126465
0.047371864318847656
0.04709625244140625
0.04746556282043457
0.04719114303588867
0.046823978424072266
0.04768991470336914
0.047125816345214844
0.05014514923095703
0.04924917221069336
0.04735708236694336
0.04748225212097168
0.0475616455078125
0.04750227928161621
0.04701805114746094
0.046874046325683594
0.04702591896057129
0.04745936393737793
0.049138784408569336
0.0471956729888916
0.047536611557006836
0.047058820724487305
0.04723811149597168
0.047441720962524414
0.13214659690856934
0.047197580337524414
0.04754209518432617
0.04781055450439453
0.047551870346069336
0.04740500450134277
0.0471186637878418
0.04775547981262207
0.04694819450378418
0.04738306999206543
0.047215938568115234
0.04738020896911621
0.0476531982421875
0.047591447830200195
0.04762530326843262
0.04746079444885254
0.0473024845123291
0.047495126724243164
0.04732704162597656
0.04717683792114258
0.04696011543273926
0.04732251167297363
0.047580718994140625
0.04795336723327637
0.04769253730773926
0.04712224006652832
0.047322988510131836
0.134185791015625
0.047213077545166016
0.04707980155944824
0.04720044136047363
0.04758810997009277
0.04863715171813965
0.0477747917175293
0.04700326919555664
0.047508955001831055
0.047271013259887695
0.04663705825805664
0.04740715026855469
0.04739975929260254
0.04711794853210449
0.04714560508728027
0.047345638275146484
0.047183990478515625
0.047142982482910156
0.04698491096496582
0.04733920097351074
0.04709315299987793
0.04763984680175781
0.047106266021728516
0.04741644859313965
0.047141075134277344
0.14043307304382324
0.04788351058959961
0.04732203483581543
0.04731273651123047
0.04703044891357422
0.046743154525756836
0.04735422134399414
0.047205209732055664
0.047228097915649414
0.04689455032348633
0.04698538780212402
0.04691672325134277
0.04718375205993652
0.04723167419433594
0.04720020294189453
0.046994686126708984
0.047354698181152344
0.04712080955505371
0.04730367660522461
0.04712700843811035
0.04707670211791992
0.048401594161987305
0.04692673683166504
0.046953439712524414
0.046859025955200195
0.04700636863708496
0.1285383701324463
0.04666280746459961
0.047400474548339844
0.04725241661071777
0.04670381546020508
0.04651379585266113
0.047400712966918945
0.046825408935546875
0.04702877998352051
0.04690194129943848
0.04671955108642578
0.04680633544921875
0.04680275917053223
0.047185420989990234
0.04710841178894043
0.04735159873962402
0.04714179039001465
0.04716920852661133
0.046929121017456055
0.04630398750305176
0.04676461219787598
0.047110557556152344
0.04626917839050293
0.04720926284790039
0.0469818115234375
0.046985626220703125
0.0464482307434082
0.1299269199371338
0.046801090240478516
0.0471806526184082
0.046836137771606445
0.04625892639160156
0.04670858383178711
0.046750545501708984
0.04820108413696289
0.0463719367980957
0.04675722122192383
0.04677462577819824
0.046790361404418945
0.046630144119262695
0.04644489288330078
0.046459197998046875
0.04645514488220215
0.046521663665771484
0.0479586124420166
0.04639625549316406
0.04611492156982422
0.04693102836608887
0.04679274559020996
0.047135353088378906
0.04673266410827637
0.04683279991149902
0.04648709297180176
0.04662036895751953
0.13818907737731934
0.0465545654296875
0.04718327522277832
0.04651951789855957
0.046205997467041016
0.04677224159240723
0.04675579071044922
0.04615616798400879
0.046391963958740234
0.04660320281982422
0.04673600196838379
0.04633498191833496
0.046118974685668945
0.04666423797607422
0.046803951263427734
0.04660177230834961
0.04640531539916992
0.04664897918701172
0.04647183418273926
0.04710030555725098
0.04667544364929199
0.04857635498046875
0.046977996826171875
0.0470426082611084
0.047022342681884766
0.1333014965057373
0.050576210021972656
0.04650092124938965
0.04649782180786133
0.04661107063293457
0.0463407039642334
0.04636025428771973
0.046525001525878906
0.046706438064575195
0.04732704162597656
0.0472259521484375
0.0469822883605957
0.04701566696166992
0.047162532806396484
0.047277212142944336
0.04766345024108887
0.04690837860107422
0.04711604118347168
0.04716634750366211
0.046727657318115234
0.04650282859802246
0.04733538627624512
0.047006845474243164
0.04638671875
0.0471196174621582
0.04625225067138672
0.12819528579711914
0.04654550552368164