0.02596259117126465
0.021651029586791992
0.020473957061767578
0.020281553268432617
0.022197484970092773
0.025115251541137695
0.020450592041015625
0.02032327651977539
0.020730018615722656
0.02445530891418457
0.022554397583007812
0.020779132843017578
0.02014470100402832
0.021387577056884766
0.025989770889282227
0.020763397216796875
0.020593643188476562
0.02005481719970703
0.027005434036254883
0.02488875389099121
0.020125150680541992
0.020101070404052734
0.022766590118408203
0.030199766159057617
0.02005767822265625
0.020077943801879883
0.020040035247802734
0.03221869468688965
0.020418167114257812
0.02010631561279297
0.020084619522094727
0.027022361755371094
0.02567291259765625
0.020170927047729492
0.02011394500732422
0.022152185440063477
0.03064584732055664
0.020313739776611328
0.020045995712280273
0.02001810073852539
0.03204178810119629
0.02058553695678711
0.02007913589477539
0.020038843154907227
0.026234865188598633
0.026401519775390625
0.02002859115600586
0.020046472549438477
0.020664691925048828
0.032088518142700195
0.020017623901367188
0.02001333236694336
0.020144939422607422
0.030429840087890625
0.022220134735107422
0.019993066787719727
0.019878149032592773
0.024851322174072266
0.028042316436767578
0.019953489303588867
0.020091772079467773
0.020119905471801758
0.03298020362854004
0.02027153968811035
0.02016472816467285
0.0201261043548584
0.03013014793395996
0.02217888832092285
0.01998615264892578
0.020027875900268555
0.024074077606201172
0.02834296226501465
0.0198976993560791
0.019877195358276367
0.01990532875061035
0.032323360443115234
0.02047586441040039
0.020050048828125
0.02012801170349121
0.0280454158782959
0.02484273910522461
0.02000737190246582
0.020018577575683594
0.02295660972595215
0.02998661994934082
0.02011275291442871
0.019994497299194336
0.020228862762451172
0.0324702262878418
0.02040886878967285
0.019986391067504883
0.02012491226196289
0.028083086013793945
0.11839556694030762
0.020252227783203125
0.020091772079467773
0.020558834075927734
0.03230118751525879
0.02010345458984375
0.019968271255493164
0.019975662231445312
0.028223037719726562
0.025389671325683594
0.02012014389038086
0.020024776458740234
0.022647380828857422
0.029753446578979492
0.020000696182250977
0.019924163818359375
0.020605802536010742
0.032319068908691406
0.020034074783325195
0.020025253295898438
0.019945859909057617
0.02636575698852539
0.02657771110534668
0.020347118377685547
0.020098209381103516
0.021259546279907227
0.031278371810913086
0.019994735717773438
0.020470142364501953
0.019930124282836914
0.03119516372680664
0.021161794662475586
0.019893169403076172
0.019864559173583984
0.024930477142333984
0.027435302734375
0.02002882957458496
0.019893646240234375
0.01993250846862793
0.03197598457336426
0.020418882369995117
0.020154714584350586
0.020130395889282227
0.028963088989257812
0.024069547653198242
0.020151138305664062
0.02039027214050293
0.024486064910888672
0.02851247787475586
0.0213010311126709
0.021153688430786133
0.02258920669555664
0.032117605209350586
0.020580768585205078
0.02013993263244629
0.020089149475097656
0.03220629692077637
0.020233154296875
0.019980430603027344
0.019873380661010742
0.025871753692626953
0.026065826416015625
0.01992344856262207
0.01999068260192871
0.020119905471801758
0.03207540512084961
0.020031213760375977
0.019892454147338867
0.020168542861938477
0.03030252456665039
0.023112773895263672
0.02021646499633789
0.020465373992919922
0.025648117065429688
0.027090787887573242
0.02006220817565918
0.020349979400634766
0.020114660263061523
0.03261923789978027
0.020229101181030273
0.020177602767944336
0.020279884338378906
0.030202388763427734
0.021985769271850586
0.019964218139648438
0.02020716667175293
0.024233102798461914
0.028595685958862305
0.02012467384338379
0.020046472549438477
0.020076751708984375
0.032132625579833984
0.01998281478881836
0.019972801208496094
0.019960880279541016
0.10773062705993652
0.03248262405395508
0.02003002166748047
0.020094871520996094
0.020090341567993164
0.02918267250061035
0.02417898178100586
0.020148515701293945
0.0200192928314209
0.023799896240234375
0.029108524322509766
0.02014756202697754
0.020134449005126953
0.020274877548217773
0.03210735321044922
0.02006244659423828
0.021696090698242188
0.020226478576660156
0.03001880645751953
0.022809505462646484
0.022081613540649414
0.020542144775390625
0.026556015014648438
0.02627706527709961
0.02024388313293457
0.020115137100219727
0.020949125289916992
0.03196239471435547
0.020238637924194336
0.02019977569580078
0.020165205001831055
0.031290531158447266
0.021948575973510742
0.02010965347290039
0.020176410675048828
0.02610945701599121
0.02622246742248535
0.020209550857543945
0.0199432373046875
0.020203828811645508
0.03215384483337402
0.020034313201904297
0.020003080368041992
0.01998114585876465
0.030043363571166992
0.0225679874420166
0.02012920379638672
0.02011394500732422
0.024446964263916016
0.028202533721923828
0.020212650299072266
0.02011418342590332
0.020088911056518555
0.032213687896728516
0.020012378692626953
0.12517595291137695
0.020060300827026367
0.032157182693481445
0.020040273666381836
0.019928455352783203
0.02003026008605957
0.025991439819335938
0.02640223503112793
0.020185232162475586
0.02017664909362793
0.02108001708984375
0.0319671630859375
0.020339488983154297
0.02024674415588379
0.020376920700073242
0.03213667869567871
0.02111363410949707
0.020436763763427734
0.020189762115478516
0.02762126922607422
0.025267601013183594
0.019990921020507812
0.019930362701416016
0.02186298370361328
0.03138446807861328