0.3962
0.5569
0.5944
0.5887
0.5843
0.7059
0.7117
0.7364
0.7175
0.7192
0.7244
0.7264
0.7050
0.7293
0.7215
0.7098
0.6007
0.7356
0.7204
0.6913
0.7120
0.7239
0.7121
0.7138
0.7226
0.7129
0.7500
0.7326
0.7318
0.7413
0.5786
0.7302
0.7328
0.5967
0.5854
0.5968
0.7058
0.3526
0.3554
0.3124
0.3106
0.3533
0.3451
0.3185
0.3248
0.3171
0.3138
0.3124
0.3117
0.3532
0.3138
0.3121
0.3442
0.3153
0.3143
0.3135
0.3114
0.3468
0.3144
0.3137
0.3116
0.3123
0.3100
0.3096
0.3096
0.3101
0.3149
0.3171
0.3438
0.3625
0.3155
0.3179
0.3171
0.3216
0.3190
0.3206
0.3141
0.3158
0.3162
0.3506
0.3109
0.3542
0.3218
0.3159
0.3158
0.3169
0.3191
0.3514
0.3178
0.3606
0.3137
0.3356
0.4594
0.5920
0.5896
0.5915
0.5974
0.5850
0.5855
0.5830
0.5968
0.5878
0.5847
0.5824
0.5932
0.5906
0.5767
0.5923
0.5953
0.5861
0.5885
0.6025
0.5874
0.5822
0.5856
0.5954
0.5864
0.5843
0.7485
0.6009
0.5861
0.5827
0.5955
0.5884
0.5838
0.5867
0.7279
0.6013
0.5937
0.5962
0.5929
0.7477
0.5889
0.5894
0.5858
0.5835
0.5939
0.5445
0.3156
0.3150
0.3232
0.3186
0.3123
0.3145
0.3159
0.3226
0.3222
0.3149
0.3162
0.3149
0.3194
0.3249
0.3164
0.3127
0.3122
0.3139
0.3182
0.3223
0.3164
0.3135
0.3115
0.3116
0.3113
0.3123
0.3228
0.3136
0.3117
0.3452
0.3146
0.3163
0.3159
0.3120
0.3132
0.3168
0.3582
0.3209
0.3170
0.3227
0.3241
0.3227
0.3491
0.3223
0.3226
0.3144
0.3153
0.3233
0.3200
0.3224
0.3157
0.3181
0.3189
0.3170
0.3381
0.3133
0.3110
0.3225
0.4565
0.5767
0.5821
0.5952
0.5908
0.7562
0.5871
0.5798
0.5957
0.5904
0.5840
0.5777
0.5819
0.5926
0.5884
0.5818
0.6962
0.7190
0.5786
0.5874
0.5854
0.5807
0.5864
0.5893
0.5795
0.5813
0.5915
0.5864
0.5843
0.5819
0.5884
0.5808
0.5830
0.5836
0.5870
0.5845
0.5885
0.5928
0.5832
0.5831
0.5723
0.5837
0.5883
0.5865
0.5783
0.5810
0.4428
0.3152
0.3130
0.3120
0.3128
0.3109
0.3160
0.3262
0.3219
0.3160
0.3152
0.3195
0.3217
0.3173
0.3121
0.3122
0.3136
0.3151
0.3258
0.3265
0.3113
0.3112
0.3111
0.3121
0.3154
0.3200
0.3186
0.3124
0.3127
0.3134
0.3233
0.3236
0.3131
0.3155
0.3156
0.3633
0.3199
0.3185
0.3183
0.3320
0.3185
0.3338
0.3245
0.3158
0.3320
0.3287
0.3288
0.3423
0.3282
0.3172
0.3384
0.3272
0.3172
0.3240
0.3291
0.3141
0.3466
0.5059
0.5838
0.7289
0.5984
0.5818
0.5767
0.5960
0.5871
0.5872
0.5962
0.5816
0.5799
0.5849
0.5900
0.5868
0.5883
0.5929
0.5839
0.5841
0.5810
0.5902
0.5815
0.5801
0.5826
0.5930
0.5866
0.5721
0.5811
0.5858
0.5819
0.5895
0.5677
0.5778
0.5785
0.5959
0.5832
0.5782
0.5821
0.5920
0.5932
0.5870
0.5933
0.5868
0.5808
0.5821
0.5946
0.5474
0.3156
0.3139
0.3104
0.3102
0.3142
0.3164
0.3221
0.3160
0.3143
0.3144
0.3334
0.3170
0.3193
0.3133
0.3127
0.3127
0.3153
0.3172
0.3147
0.3135
0.3127
0.3109
0.3108
0.3153
0.3147
0.3141
0.3126
0.3117
0.3114
0.3619
0.3148
0.3161
0.3102
0.3217
0.3185
0.3219
0.3167
0.3181
0.3149
0.3275
0.3257
0.3158
0.3202
0.3112
0.3160
0.3317
0.3206
0.3187
0.3157
0.3220
0.3279
0.3172
0.3183
0.3181
0.3212
0.3164
0.3608
0.5083
0.5907
0.5922
0.5965
0.6092
0.5906
0.5809
0.5877
0.5927
0.5852
0.5859
0.5885
0.5916
0.5760
0.5881
0.5800
0.5874
0.5914
0.5828
0.5768
0.5877
0.5913
0.5863
0.5842
0.5688
0.5774
0.5850
0.5936
0.5963
0.5868
0.5831
0.5901
0.5917
0.5870
0.5836
0.5886
0.5950
0.5876
0.5741
0.5840
0.5988
0.5825
0.5925
0.5837
0.5845
0.5999
0.5932
0.4350
0.3135
0.3137
0.3199
0.3234
0.3127
0.3109
0.3116
0.3124
0.3201
0.3179
0.3189
0.3157
0.3113
0.3115
0.3166
0.3177
0.3155
0.3140
0.3148
0.3121
0.3127
0.3115
0.3167
0.3169
0.3136
0.3108
0.3101
0.3112
0.3123
0.3110
0.3147
0.3153
0.3136
0.3106
0.3200
0.3185
0.3188
0.3229
0.3176
0.3162
0.3170
0.3154
0.3307
0.3209
0.3125
0.3156
0.3185
0.3160
0.3237
0.3169
0.3195
0.3188
0.3154
0.3228
0.3137
0.3137
0.3248
0.4469
0.5858
0.5824
0.5987
0.5898
0.5911
0.5959
0.5831
0.5895
0.5758
0.5866
0.5775
0.5813
0.5809
0.5893
0.5817
0.5879
0.5992
0.5869
0.5752
0.5927
0.5919
0.5917
0.5856
0.5873
0.5933
0.5994
0.5872
0.5849
0.5785
0.5963
0.5846
0.5900
0.5935
0.5937
0.5845
0.5859
0.5917
0.5928
0.5851
0.5800
0.5996
0.5868
0.5873
0.5827
0.5987
0.5960
0.5326
0.3190
0.3148
0.3119
0.3120
0.3105
0.3171
0.3203
0.3202
0.3133
0.3150
0.3141
0.3195
0.3221
0.3169
0.3129
0.3130
0.3132
0.3135
0.3321
0.3188
0.3130
0.3124
0.3125
0.3241
0.3173
0.3137
0.3128
0.3111
0.3113
0.3107
0.3197
0.3146
0.3140
0.3200
0.3189
0.3177
0.3200
0.3210
0.3173
0.3188
0.3126
0.3212
0.3162
0.3137
0.3152
0.3195
0.3192
0.3193
0.3217
0.3202
0.3172
0.3140
0.3179
0.3144
0.3263
0.3467
0.4907
0.5854
0.5754
0.5783
0.5991
0.5920
0.5816
0.5818
0.6018
0.5898
0.7635
0.5953
0.5846
0.5786
0.7388
0.5989
0.5929
0.5929
0.5930
0.5875
0.5815
0.5964
0.7101
0.5953
0.5847
0.5862
0.5892
0.5938
0.5833
0.5880
0.5924
0.5925
0.5826
0.5824
0.5794
0.5860
0.5933
0.5741
0.5795
0.5807
0.5792
0.5845
0.5859
0.5950
0.5807
0.5866
0.3756
0.3156
0.3126
0.3119
0.3109
0.3096
0.3163
0.3178
0.3356
0.3242
0.3131
0.3243
0.3204
0.3135
0.3116
0.3123
0.3110
0.3145
0.3240
0.3167
0.3122
0.3114
0.3111
0.3125
0.3162
0.3183
0.3173
0.3128
0.3137
0.3126
0.3124
0.3270
0.3194
0.3227
0.3151
0.3211
0.3277
0.3229
0.3182
0.3193
0.3280
0.3206
0.3194
0.3132
0.3120
0.3201
0.3238
0.3206
0.3190
0.3169
0.3215
0.3222
0.3181
0.3148
0.3129
0.3113
0.3722
0.7524
0.5836
0.5780
0.5932
0.5890
0.5917
0.5766
0.5836
0.5996
0.5918
0.5904
0.6016
0.5928
0.5904
0.6001
0.5862
0.5827
0.5849
0.5958
0.5902
0.5884
0.5929
0.5978
0.5811
0.5846
0.6006
0.5875
0.5893
0.5936
0.5968
0.5827
0.5825
0.5951
0.5873
0.5858
0.5831
0.5925
0.5852
0.5889
0.5796
0.5854
0.5969
0.5901
0.5877
0.6032
0.6075
0.3909
0.3160
0.3146
0.3154
0.3425
0.3207
0.3122
0.3165
0.3365
0.3247
0.3170
0.3204
0.3435
0.3188
0.3167
0.3162
0.3247
0.3367
0.3163
0.3149
0.3187
0.3407
0.3195
0.3148
0.3170
0.3499
0.3199
0.3133
0.3143
0.3425
0.3270
0.3139
0.3193
0.3261
0.3223
0.3222
0.3184
0.3172
0.3183
0.3232
0.3212
0.3139
0.3187
0.3112
0.3147
0.3220
0.3208
0.3174
0.3179
0.3190
0.3216
0.3204
0.3147
0.3179
0.3112
0.3143
0.3455
0.4929
0.5834
0.5804
0.5850
0.6048
0.5859
0.5842
0.5815
0.5910
0.5941
0.5871
0.5816
0.5801
0.5795
0.5959
0.5902
0.5863
0.5916
0.5892
0.5857
0.5884
0.5967
0.5896
0.5918
0.5939
0.5965
0.5942
0.6002
0.5907
0.5862
0.5868
0.5962
0.5892
0.5864
0.5857
0.5977
0.5887
0.5856
0.5867
0.5939
0.5864
0.5877
0.5863
0.5958
0.5964
0.5937
0.5832
0.4191
0.3124
0.3135
0.3260
0.3175
0.3127
0.3121
0.3154
0.3219
0.3230
0.3162
0.3154
0.3122
0.3121
0.3120
0.3133
0.3139
0.3160
0.3120
0.3143
0.3119
0.3111
0.3126
0.3171
0.3172
0.3120
0.3104
0.3127
0.3120
0.3114
0.3143
0.3230
0.3160
0.3235
0.3194
0.3353
0.3293
0.3162
0.3156
0.3230
0.3185
0.3207
0.3132
0.3115
0.3129
0.3300
0.3316
0.3177
0.3154
0.3205
0.3228
0.3194
0.3192
0.3109
0.3107
0.3253
0.4617
0.5846
0.5969
0.5910
0.5870
0.5715
0.5840
0.5861
0.6037
0.5793
0.5857
0.5870
0.5937