0.2253
0.2247
0.2235
0.2243
0.2229
0.2286
0.2238
0.2236
0.2231
0.2222
0.2232
0.2233
0.2252
0.2223
0.2221
0.2236
0.2224
0.2236
0.2217
0.2229
0.2229
0.2255
0.2239
0.2262
0.2234
0.2308
0.2332
0.2234
0.2239
0.2234
0.2245
0.2233
0.2239
0.2234
0.2234
0.2227
0.2229
0.2227
0.2231
0.2227
0.2226
0.2233
0.2219
0.2229
0.2230
0.2227
0.2232
0.2220
0.2234
0.2229
0.2247
0.2244
0.2234
0.2229
0.2228
0.2228
0.2227
0.2232
0.2218
0.2225
0.2228
0.2225
0.2239
0.2220
0.2231
0.2227
0.2220
0.2224
0.2218
0.2229
0.2229
0.2231
0.2227
0.2226
0.2225
0.2223
0.2238
0.2221
0.2229
0.2228
0.2226
0.2229
0.2228
0.2224
0.2225
0.2223
0.2228
0.2227
0.2226
0.2227
0.2222
0.2226
0.2227
0.2240
0.2227
0.2229
0.2233
0.2229
0.2229
0.2226
0.2232
0.2234
0.2228
0.2226
0.2222
0.2229
0.2225
0.2229
0.2219
0.2229
0.2227
0.2218
0.2228
0.2219
0.2232
0.2227
0.2232
0.2226
0.2219
0.2230
0.2226
0.1561
0.2230
0.2222
0.2225
0.2229
0.2217
0.2235
0.2227
0.2237
0.2223
0.2231
0.2225
0.2230
0.2226
0.2218
0.2230
0.2229
0.2238
0.1559
0.2229
0.1563
0.2243
0.2230
0.2230
0.2232
0.2228
0.2226
0.2217
0.2228
0.2225
0.2242
0.2225
0.2225
0.2227
0.2229
0.2224
0.2228
0.2221
0.2221
0.2228
0.1561
0.2227
0.2217
0.1564
0.2232
0.2243
0.1561
0.2227
0.2217
0.2227
0.2225
0.2225
0.1561
0.2227
0.2223
0.2216
0.2229
0.2216
0.1559
0.1559
0.2218
0.2214
0.1561
0.2216
0.2226
0.2235
0.2232
0.2244
0.2232
0.1567
0.2237
0.2231
0.2231
0.2227
0.2216
0.1559
0.2231
0.1561
0.2227
0.1564
0.1565
0.2221
0.1563
0.1561
0.1560
0.2222
0.2230
0.2224
0.2224
0.1561
0.2224
0.2223
0.2240
0.1565
0.2227
0.2228
0.2225
0.2231
0.1561
0.2225
0.2230
0.1562
0.1564
0.1562
0.2232
0.2222
0.1560
0.1559
0.2221
0.2229
0.1563
0.1562
0.1562
0.2234
0.1562
0.1561
0.1561
0.1561
0.1560
0.2229
0.2234
0.2233
0.2233
0.2229
0.1564
0.1561
0.1561
0.1561
0.1560
0.1560
0.1564
0.1560
0.1560
0.1560
0.1561
0.1558
0.1561
0.1560
0.1559
0.1560
0.2243
0.2231
0.2224
0.2231
0.1562
0.1560
0.1558
0.2235
0.1563
0.1559
0.2219
0.1560
0.1559
0.2222
0.2219
0.2218
0.2230
0.2231
0.2233
0.1561
0.1559
0.2226
0.2255
0.1565
0.2228
0.2219
0.2222
0.2218
0.2225
0.2221
0.1560
0.1563
0.1620
0.2234
0.2231
0.2233
0.3154
0.1569
0.1563
0.2248
0.2243
0.2231
0.2227
0.2229
0.2229
0.2229
0.2230
0.1561
0.1558
0.1557
0.1561
0.1558
0.2244
0.1560
0.2230
0.1559
0.1558
0.1558
0.2236
0.1560
0.2235
0.2236
0.1560
0.1559
0.2230
0.2227
0.2227
0.1559
0.1558
0.1559
0.1557
0.1557
0.2225
0.2229
0.1560
0.1557
0.1557
0.1557
0.1557
0.1557
0.1557
0.1558
0.1558
0.1557
0.1557
0.1560
0.1557
0.1559
0.1560
0.1560
0.1561
0.1556
0.1557
0.1557
0.1558
0.1557
0.1557
0.2242
0.2238
0.1561
0.1557
0.1558
0.2236
0.1560
0.2234
0.1561
0.1558
0.1558
0.1559
0.1557
0.2236
0.2236
0.2225
0.1558
0.2231
0.2237
0.1560
0.2220
0.1559
0.1557
0.2236
0.1559
0.2230
0.1559
0.1557
0.1558
0.1558
0.1558
0.1557
0.1555
0.1556
0.1558
0.1557
0.1557
0.1557
0.1557
0.1557
0.1557
0.2246
0.1563
0.2250
0.1562
0.1560
0.1559
0.1558
0.1559
0.1558
0.2239
0.1559
0.2226
0.2238
0.1560
0.1558
0.1557
0.1558
0.1557
0.1558
0.1558
0.1558
0.1554
0.1557
0.1557
0.1557
0.1558
0.1558
0.1558
0.1558
0.1555
0.1558
0.1558
0.1558
0.2256
0.1559
0.2233
0.1559
0.1558
0.2233
0.1560
0.1558
0.1557
0.1558
0.1558
0.2233
0.1559
0.2214
0.1559
0.1559
0.1561
0.1557
0.1558
0.1561
0.1558
0.1556
0.1558
0.1556
0.2231
0.1559
0.2230
0.1562
0.1559
0.1559
0.1558
0.1557
0.1561
0.2248
0.1563
0.2231
0.2233
0.1558
0.1558
0.1559
0.1558
0.1558
0.1558
0.1558
0.1557
0.1559
0.1557
0.1557
0.1555
0.1556
0.1557
0.1558
0.1558
0.1557
0.1557
0.1558
0.1557
0.1557
0.1558
0.1557
0.2247
0.1559
0.1557
0.1557
0.1559
0.2255
0.1564
0.1558
0.1559
0.1562
0.1561
0.2242
0.1559
0.1558
0.2234
0.2230
0.1561
0.1558
0.1558
0.1558
0.1556
0.1557
0.1558
0.1558
0.1558
0.1557
0.1558
0.1557
0.1558
0.1557
0.1558
0.1558
0.1557
0.1559
0.1559
0.1559
0.1558
0.1557
0.1558
0.1556
0.1558
0.1558
0.1556
0.1559
0.1558
0.1557
0.1557
0.1558
0.1558
0.1557
0.1559
0.1557
0.1557
0.1558
0.1558
0.1558
0.1558
0.1558
0.1558
0.1560
0.1559
0.1562
0.1561
0.1559
0.1558
0.1558
0.1558
0.1559
0.1558
0.1558
0.1556
0.1558
0.1557
0.1558
0.1559
0.1558
0.2246
0.1560
0.1558
0.1558
0.1558
0.1558
0.1557
0.1557
0.1556
0.1558
0.1558
0.1557
0.1557
0.1557
0.1558
0.1557
0.1557
0.1558
0.1557
0.1557
0.1557
0.1558
0.1560
0.1560
0.1557
0.1557
0.2246
0.1559
0.1558
0.1558
0.2237
0.1560
0.2231
0.1562
0.1558
0.1557
0.1556
0.1558
0.1557
0.1558
0.1558
0.1558
0.1558
0.1560
0.1557
0.1557
0.1559
0.1558
0.1557
0.1558
0.1558
0.1557
0.1557
0.1556
0.1558
0.1558
0.1557
0.1557
0.1557
0.1559
0.1558
0.1557
0.1557
0.1558
0.1557
0.1558
0.1558
0.1558
0.1557
0.1559
0.1557
0.1557
0.1556
0.1558
0.1556
0.1556
0.1558
0.1558
0.1557
0.1558
0.1557
0.1557
0.1558
0.1561
0.1582
0.1567
0.1562
0.1559
0.1559
0.1558
0.1556
0.1559
0.1559
0.1558
0.1558
0.1561
0.1558
0.1558
0.1559
0.1556
0.1562
0.1557
0.1557
0.1557
0.1559
0.2249
0.1558
0.1558
0.1557
0.1557
0.1558
0.1559
0.2241
0.1558
0.2233
0.2227
0.1560
0.1557
0.1557
0.1558
0.2232
0.2230
0.1561
0.1557
0.2232
0.1559
0.1557
0.2230
0.1560
0.1558
0.1560
0.2230
0.1562
0.1561
0.1558
0.1558
0.1558
0.1557
0.1557
0.1557
0.1557
0.1556
0.1557
0.1558
0.1559
0.1557
0.1559
0.1558
0.1558
0.1559
0.1557
0.1558
0.1556
0.2227
0.1559
0.1559
0.2220
0.1559
0.1559
0.1556
0.1556
0.1559
0.2225
0.2231
0.1559
0.1558
0.1557
0.1558
0.1557
0.1558
0.1559
0.1558
0.1557
0.1557
0.1557
0.1558
0.1559
0.1557
0.1557
0.1558
0.1563
0.1560
0.1560
0.1563
0.1557
0.1555
0.1558
0.1557
0.1558
0.1557
0.1558
0.1558
0.1558
0.1559
0.1557
0.2250
0.1560
0.1558
0.1559
0.1556
0.1558
0.1559
0.1555
0.1557
0.1557
0.1558
0.1557
0.1559
0.1559
0.1558
0.2241
0.1560
0.1559
0.1558
0.1558
0.2233
0.1559
0.1558
0.1557
0.1559
0.2235
0.1560
0.1557
0.1558
0.1558
0.1558
0.1559
0.1558
0.1559
0.1559
0.1557
0.1557
0.1560
0.1561
0.1556
0.1558
0.1557
0.1558
0.1558
0.1557
0.1558
0.1560
0.1558
0.1559
0.1559
0.1564
0.1557
0.1557
0.1556
0.1558
0.1557
0.2246
0.1562
0.2244
0.2219
0.1560
0.1560
0.1559
0.1558
0.1557
0.1557
0.1557
0.1558
0.1558
0.1558
0.1558
0.1558
0.2243
0.1566
0.1562
0.1559
0.1559
0.1558
0.1558
0.1558
0.1559
0.1558
0.1558
0.1556
0.1558
0.1558
0.1560
0.1560
0.1560
0.1559
0.1557
0.1558
0.1557
0.1559
0.1556
0.1558
0.1559
0.1558
0.1557
0.1560
0.1561
0.1557
0.1557
0.1558
0.1557
0.1560
0.1558
0.1558
0.1558
0.1557
0.1558
0.1557
0.1560
0.1559
0.1557
0.1558
0.1559
0.1557
0.1563
0.1559
0.2244
0.2222
0.1561
0.1559
0.1560
0.1559
0.1558
0.1559
0.2238
0.1560
0.1559
0.1558
0.1558
0.1558
0.2235
0.1560
0.1560
0.1560
0.1566
0.1558
0.1558
0.1558
0.1559
0.1559
0.1558
0.1558
0.1561
0.1558
0.1559
0.1560
0.1558
0.1558
0.1558
0.1558
0.1558
0.1560
0.1558
0.1557
0.1559
0.1557
0.1557
0.1558
0.1558
0.1557
0.1558
0.1558
0.1558
0.1557
0.1558
0.2245
0.1560
0.1559
0.1559
0.1558
0.1559
0.1558
0.1559
0.1558
0.1559
0.1558
0.1559
0.1559
0.1559
0.1558
0.1560
0.1560
0.1557
0.1560
0.1560
0.1558
0.1558
0.1558
0.1559
0.1559
0.1559
0.1558
0.2242
0.1560
0.1559
0.1561
0.1560
0.1561
0.1558
0.1559
0.1559
0.1558
0.2243
0.1562
0.1557
0.1557
0.1560
0.1561
0.1561
0.1561
0.1557
0.1559
0.1558
0.2232
0.1562
0.1558
0.1558
0.2214
0.1559
0.1559
0.1560
0.1560
0.2234
0.1560
0.1558
0.1560
0.1559
0.1557
0.1558
0.2226
0.1559
0.1560
0.2234