0.3110
0.3090
0.3096
0.2429
0.2424
0.2431
0.3097
0.3089
0.3091
0.3098
0.2426
0.2437
0.3098
0.3098
0.2426
0.3093
0.3089
0.2433
0.2433
0.2435
0.2427
0.2433
0.2426
0.2429
0.2425
0.2426
0.2425
0.3116
0.3100
0.3083
0.3091
0.3093
0.3090
0.3099
0.3089
0.3094
0.3092
0.3107
0.3110
0.3104
0.3099
0.3093
0.3089
0.3098
0.3088
0.3093
0.3105
0.3096
0.3130
0.3107
0.3102
0.3111
0.3104
0.3102
0.3105
0.3092
0.4674
0.3112
0.3104
0.3108
0.3101
0.3089
0.3108
0.3117
0.3096
0.3098
0.3096
0.3097
0.3100
0.3094
0.3094
0.3100
0.3098
0.3096
0.3088
0.3089
0.3090
0.3091
0.3104
0.3113
0.3102
0.3098
0.3086
0.3088
0.3096
0.3093
0.3086
0.3090
0.3087
0.3092
0.3092
0.3099
0.3103
0.3098
0.3098
0.3094
0.3082
0.3095
0.3094
0.3086
0.3087
0.3100
0.3090
0.3094
0.3097
0.3106
0.3092
0.3102
0.3095
0.3096
0.3103
0.3100
0.3086
0.3087
0.3099
0.3092
0.3094
0.3096
0.3118
0.3094
0.3100
0.3094
0.3085
0.3095
0.3095
0.3081
0.3087
0.3093
0.3096
0.3094
0.3095
0.3088
0.3094
0.3089
0.3096
0.3113
0.3108
0.3099
0.3096
0.3092
0.3087
0.3091
0.3101
0.3110
0.3100
0.3099
0.3086
0.3095
0.3089
0.3097
0.3105
0.3104
0.3090
0.3093
0.3089
0.3096
0.3096
0.3084
0.3090
0.3097
0.3093
0.3092
0.3096
0.3091
0.3093
0.3096
0.3095
0.3090
0.3091
0.3089
0.3090
0.3090
0.3100
0.3096
0.3088
0.3101
0.3102
0.3087
0.3091
0.4354
0.3116
0.3100
0.3103
0.3098
0.3097
0.3094
0.3087
0.3091
0.3099
0.3093
0.3091
0.3103
0.3094
0.3089
0.3097
0.3111
0.3088
0.3091
0.3098
0.3097
0.3104
0.3098
0.3097
0.3096
0.3096
0.3095
0.3328
0.3119
0.3097
0.3097
0.3104
0.3095
0.3098
0.3101
0.3099
0.3099
0.3091
0.3093
0.3099
0.3092
0.3096
0.3094
0.3091
0.3121
0.3120
0.3094
0.3093
0.3096
0.3089
0.3095
0.3096
0.2427
0.3098
0.3101
0.2429
0.3098
0.3096
0.3094
0.3090
0.3106
0.3096
0.3094
0.3094
0.3091
0.3097
0.2427
0.3097
0.3097
0.3091
0.3096
0.3090
0.2434
0.3101
0.3088
0.3094
0.3095
0.3097
0.2428
0.2427
0.2429
0.3107
0.3096
0.3092
0.3097
0.3094
0.2429
0.2425
0.2429
0.3093
0.3090
0.3092
0.3098
0.2430
0.3096
0.3105
0.3098
0.2429
0.2430
0.3095
0.3085
0.3091
0.3093
0.3088
0.3093
0.3092
0.3105
0.3093
0.3094
0.3091
0.2428
0.2426
0.2430
0.2427
0.2426
0.2425
0.2427
0.2426
0.3105
0.3095
0.3097
0.3093
0.3096
0.2431
0.3092
0.3090
0.3095
0.2430
0.3093
0.2430
0.2432
0.3107
0.3097
0.3099
0.3093
0.3091
0.3097
0.3094
0.3090
0.2428
0.2428
0.3090
0.3091
0.3089
0.3093
0.3088
0.2426
0.2427
0.3086
0.3078
0.2429
0.3083
0.3092
0.2427
0.3095
0.2429
0.2426
0.2428
0.3101
0.3092
0.2430
0.2430
0.3100
0.3097
0.3089
0.3106
0.3101
0.2429
0.3101
0.2430
0.3086
0.3099
0.3102
0.3095
0.3090
0.3096
0.3107
0.3094
0.3105
0.3098
0.3098
0.3096
0.3088
0.3093
0.2428
0.3101
0.3107
0.3090
0.3098
0.2428
0.3091
0.3100
0.3096
0.2427
0.3085
0.3096
0.3099
0.2428
0.3118
0.3098
0.2431
0.3106
0.3095
0.3102
0.2429
0.2432
0.2430
0.2427
0.2428
0.2429
0.3103
0.3086
0.3097
0.2431
0.2429
0.2428
0.2427
0.3104
0.2428
0.2431
0.2433
0.4757
0.2451
0.3107
0.2429
0.3105
0.3092
0.2428
0.2428
0.3096
0.2426
0.2432
0.3104
0.3082
0.3123
0.2441
0.3101
0.2427
0.2428
0.3101
0.3086
0.2426
0.3098
0.3097
0.2429
0.2428
0.3095
0.3089
0.2428
0.2427
0.3099
0.3094
0.3096
0.2426
0.2426
0.2426
0.3101
0.2428
0.2425
0.2428
0.2426
0.2426
0.2425
0.2426
0.3106
0.3097
0.3090
0.2428
0.2429
0.2429
0.3097
0.2435
0.2437
0.2427
0.2427
0.2427
0.3106
0.2429
0.2427
0.2429
0.2428
0.2425
0.2424
0.2425
0.2426
0.2424
0.2424
0.2425
0.2427
0.2426
0.3112
0.3102
0.3099
0.3089
0.3093
0.2427
0.2428
0.2428
0.3109
0.2430
0.2427
0.2426
0.2426
0.2427
0.2425
0.2424
0.2425
0.2426
0.2426
0.2424
0.2428
0.2426
0.3107
0.3095
0.3099
0.3084
0.2429
0.2427
0.3093
0.2426
0.2426
0.3100
0.2429
0.3085
0.2435
0.2430
0.2427
0.2426
0.2425
0.2424
0.2426
0.2425
0.3114
0.2431
0.3100
0.2426
0.2428
0.3101
0.2429
0.2425
0.2425
0.3097
0.2427
0.2424
0.2427
0.2426
0.3111
0.3092
0.3104
0.3103
0.3093
0.3096
0.2426
0.2426
0.3095
0.3089
0.2428
0.3093
0.2428
0.3093
0.2428
0.2427
0.2427
0.3099
0.3102
0.2426
0.2426
0.2428
0.3100
0.2429
0.3105
0.3098
0.2432
0.3102
0.2430
0.2427
0.2426
0.2428
0.3104
0.2428
0.3087
0.2434
0.2428
0.2428
0.3112
0.2437
0.2429
0.2429
0.2427
0.2430
0.2426
0.2426
0.2426
0.2428
0.2425
0.2427
0.2425
0.2428
0.2425
0.2426
0.2424
0.3107
0.2427
0.2430
0.2426
0.2430
0.2426
0.3095
0.2428
0.3099
0.2425
0.2426
0.2430
0.2429
0.2432
0.2424
0.2426
0.2426
0.2424
0.3113
0.3110
0.2432
0.3107
0.2430
0.2435
0.2430
0.2426
0.3110
0.2433
0.2427
0.2427
0.2429
0.2430
0.2427
0.2426
0.2426
0.2427
0.2426
0.2428
0.2424
0.2427
0.3106
0.2428
0.2426
0.2428
0.2428
0.2428
0.2424
0.2427
0.2424
0.3102
0.2440
0.2439
0.2433
0.2427
0.2426
0.2426
0.2427
0.2426
0.2424
0.2426
0.2425
0.2425
0.2429
0.2430
0.2431
0.2427
0.3107
0.3101
0.2427
0.2427
0.2425
0.2431
0.2427
0.3098
0.2427
0.2429
0.2428
0.3101
0.2434
0.2437
0.2430
0.2427
0.2428
0.2427
0.2426
0.2426
0.2427
0.2427
0.2431
0.2425
0.2425
0.3111
0.2430
0.4779
0.3121
0.2429
0.3099
0.3100
0.2431
0.3101
0.2427
0.3118
0.2436
0.3102
0.3099
0.2432
0.2426
0.3092
0.2431
0.3092
0.2428
0.2425
0.2431
0.2427
0.2426
0.2426
0.2427
0.2426
0.2426
0.2425
0.2427
0.2431
0.3122
0.2428
0.2431
0.2429
0.3108
0.2429
0.2430
0.2429
0.2428
0.2427
0.2428
0.2425
0.3108
0.2427
0.2427
0.2427
0.3104
0.2428
0.2429
0.3102
0.2426
0.2424
0.2427
0.3098
0.2433
0.2430
0.2427
0.2425
0.2425
0.2424
0.2429
0.3112
0.2430
0.2427
0.2430
0.2428
0.2425
0.2425
0.2428
0.2426
0.2427
0.2426
0.2427
0.2425
0.2426
0.2424
0.3137
0.2431
0.2429
0.2431
0.2429
0.3104
0.2426
0.3101
0.2431
0.2427
0.3101
0.2432
0.2432
0.3106
0.2429
0.3103
0.2430
0.2428
0.2427
0.2427
0.2425
0.2426
0.3104
0.2430
0.2427
0.2426
0.2426
0.2425
0.2422
0.2425
0.2423
0.2425
0.2426
0.2425
0.2430
0.2425
0.3108
0.2427
0.2425
0.2427
0.2429
0.2428
0.2425
0.2424
0.2425
0.2426
0.2424
0.2427
0.2425
0.2424
0.2424
0.2431
0.2430
0.2435
0.2429
0.2430
0.2426
0.2427
0.3105
0.2431
0.2429
0.2427
0.2425
0.2428
0.2426
0.2427
0.2425
0.2425
0.2425
0.2426
0.2424
0.2423
0.2424
0.2426
0.2430
0.2428
0.2423
0.2426
0.2424
0.2425
0.2428
0.2428
0.2424
0.2425
0.2424
0.2427
0.2424
0.2425
0.2425
0.2425
0.2425
0.2426
0.2459
0.3151
0.3107
0.2431
0.3111
0.2433
0.2436
0.2429
0.2440
0.2434
0.2437
0.2448
0.2465
0.2444
0.2428
0.2427
0.2427
0.2423
0.2427
0.2425
0.2428
0.2426
0.2425
0.2426
0.2441
0.2436
0.3108
0.2429
0.3103
0.3115
0.2450
0.2447
0.3139
0.2446
0.2443
0.2437
0.2430
0.2428
0.2427
0.2493
0.2430
0.2427
0.2433
0.2429
0.2428
0.2426
0.2426
0.2429
0.2427
0.2426
0.2424
0.2438
0.2458
0.2435
0.2430
0.2429
0.2426
0.2426
0.2424
0.2426
0.2429
0.2427
0.2424
0.2425
0.2427
0.2426
0.2427
0.2427
0.2427
0.2427
0.2426
0.2439
0.2438
0.2430
0.2427
0.2425
0.2428
0.2426
0.2425
0.2427
0.2427
0.2428
0.2426
0.2429
0.2428
0.2428
0.2426
0.2426
0.2426
0.2428
0.3135
0.2431
0.3102
0.2427
0.2429
0.2428
0.2429
0.2428
0.3095
0.3125
0.2429
0.2428
0.2427
0.2428
0.2428
0.2426
0.3106
0.2430
0.2432
0.2428
0.2429
0.3138
0.2437
0.2429
0.2430
0.3116
0.2431
0.2429
0.3098
0.2434
0.2436
0.2432
0.2427
0.2427
0.3129
0.2428
0.2428
0.2432
0.2432
0.2432
0.2428
0.2427
0.2426
0.2426
0.2425
0.2428
0.2427
0.2427
0.2427
0.2425
0.2426
0.2426
0.2424
0.2426
0.2429
0.3094
0.2429
0.2427
0.2427
0.2424
0.2426
0.2424
0.2427
0.3107
0.2431
0.2427
0.2428
0.3099
0.3096
0.2437