0.4815
0.4783
0.4769
0.4759
0.4097
0.4805
0.4767
0.4104
0.4095
0.4774
0.4779
0.4774
0.4767
0.4795
0.4775
0.4778
0.4775
0.4806
0.4796
0.4789
0.4774
0.4777
0.4769
0.4800
0.4768
0.4784
0.4768
0.4775
0.4775
0.4779
0.4771
0.5987
0.4787
0.4787
0.4768
0.4774
0.4763
0.4787
0.4763
0.4771
0.4769
0.4788
0.4783
0.4780
0.4786
0.4777
0.4771
0.4767
0.4781
0.4785
0.4784
0.4826
0.4774
0.4769
0.4776
0.4764
0.4774
0.4770
0.4783
0.4762
0.4766
0.4775
0.4767
0.4765
0.4772
0.4785
0.4781
0.4782
0.4767
0.4767
0.4761
0.4781
0.4765
0.4774
0.4760
0.4781
0.4783
0.4774
0.4762
0.4771
0.4762
0.4792
0.4777
0.4775
0.4765
0.4782
0.4783
0.4781
0.4775
0.4771
0.4767
0.4780
0.4781
0.4772
0.4766
0.4765
0.4784
0.4777
0.4778
0.4768
0.4789
0.4787
0.4780
0.4777
0.4773
0.4780
0.4803
0.4799
0.4784
0.4792
0.4782
0.4782
0.4776
0.4826
0.4802
0.4798
0.4787
0.4797
0.4782
0.4797
0.4776
0.4804
0.4775
0.4802
0.4781
0.4798
0.4774
0.4815
0.4780
0.4790
0.4781
0.4789
0.4781
0.4768
0.4776
0.4783
0.4786
0.4783
0.4785
0.4784
0.4783
0.4777
0.4784
0.4787
0.4109
0.4797
0.4790
0.4767
0.4787
0.4107
0.4781
0.4780
0.4103
0.4782
0.4774
0.4782
0.4786
0.4787
0.4773
0.4779
0.4772
0.4776
0.6374
0.4787
0.4782
0.4780
0.4102
0.4781
0.4105
0.4772
0.4774
0.4774
0.4778
0.4768
0.4100
0.4771
0.4100
0.4779
0.4770
0.4763
0.4768
0.4760
0.4771
0.4775
0.4099
0.4103
0.4102
0.4772
0.4766
0.4766
0.4758
0.4112
0.4787
0.4101
0.4771
0.4100
0.4772
0.4102
0.4768
0.4768
0.4770
0.4780
0.4764
0.4778
0.4776
0.4775
0.4105
0.4769
0.4101
0.4109
0.4100
0.4105
0.4789
0.4786
0.4776
0.4775
0.4787
0.4803
0.4807
0.4782
0.4110
0.4781
0.4106
0.4101
0.4102
0.4099
0.4791
0.4108
0.4780
0.4104
0.4784
0.4797
0.4100
0.4781
0.4768
0.4116
0.4120
0.4103
0.4793
0.4103
0.4791
0.4767
0.4781
0.4775
0.4110
0.4804
0.4099
0.4781
0.4770
0.4774
0.4103
0.4786
0.4764
0.4107
0.4103
0.4105
0.4787
0.4111
0.4111
0.4776
0.4104
0.4766
0.4105
0.4101
0.4765
0.4776
0.4099
0.4101
0.4094
0.5509
0.4103
0.4094
0.4774
0.4760
0.4770
0.4096
0.4780
0.4095
0.4096
0.4103
0.4780
0.4104
0.4104
0.4098
0.4089
0.4777
0.4100
0.4097
0.4097
0.4782
0.4774
0.4759
0.4774
0.4770
0.4095
0.4770
0.4768
0.4757
0.4095
0.4759
0.4096
0.4101
0.4776
0.4783
0.4107
0.4099
0.4102
0.4099
0.4100
0.4094
0.4100
0.4096
0.4097
0.4096
0.4788
0.4099
0.4763
0.4100
0.4098
0.4097
0.4778
0.4098
0.4096
0.4098
0.4096
0.4787
0.4100
0.4106
0.4104
0.4102
0.4096
0.4100
0.4811
0.4104
0.4102
0.4097
0.4778
0.4103
0.4784
0.4102
0.4777
0.4104
0.4099
0.4780
0.4100
0.4102
0.4098
0.4102
0.4099
0.4099
0.4796
0.4112
0.4782
0.4103
0.4097
0.4799
0.4779
0.4106
0.4782
0.4779
0.4776
0.4103
0.4783
0.4104
0.4780
0.4108
0.4102
0.4096
0.4099
0.4099
0.4096
0.4100
0.4987
0.4148
0.4788
0.4780
0.4100
0.4103
0.4099
0.4777
0.4791
0.4779
0.4771
0.4103
0.4779
0.4773
0.4102
0.4775
0.4100
0.4101
0.5426
0.4103
0.4097
0.4103
0.4095
0.4099
0.4773
0.4769
0.4098
0.4092
0.4097
0.4787
0.4778
0.4093
0.4091
0.4766
0.4778
0.4779
0.4767
0.4766
0.4765
0.4769
0.4098
0.4758
0.4097
0.4096
0.4777
0.4094
0.4109
0.4101
0.4098
0.4103
0.4779
0.4099
0.4097
0.4101
0.4098
0.4101
0.4095
0.4769
0.4102
0.4773
0.4104
0.4097
0.4098
0.4098
0.4778
0.4100
0.4768
0.4103
0.4777
0.4107
0.4769
0.4771
0.4102
0.4098
0.4098
0.4097
0.4101
0.4101
0.4782
0.4105
0.4096
0.4775
0.4770
0.4100
0.4775
0.4098
0.4098
0.4771
0.4096
0.4766
0.4102
0.4097
0.4786
0.4109
0.4096
0.4100
0.4098
0.4101
0.4097
0.4100
0.4779
0.4771
0.4758
0.4098
0.4099
0.4099
0.4098
0.4098
0.4775
0.4111
0.4097
0.4097
0.4098
0.4099
0.4777
0.4785
0.4104
0.4774
0.4107
0.4096
0.4774
0.4097
0.4095
0.4109
0.4794
0.4106
0.4095
0.4780
0.4102
0.4787
0.4101
0.4100
0.4102
0.4098
0.4100
0.4105
0.4099
0.4100
0.4100
0.4161
0.5240
0.4101
0.4104
0.4095
0.4093
0.4093
0.4093
0.4097
0.4097
0.4095
0.4094
0.4097
0.4092
0.4094
0.4795
0.4757
0.4098
0.4098
0.4095
0.4096
0.4098
0.4100
0.4801
0.4102
0.4096
0.4095
0.4098
0.4098
0.4098
0.4092
0.4093
0.4780
0.4097
0.4096
0.4100
0.4099
0.4092
0.4098
0.4095
0.4102
0.4782
0.4099
0.4782
0.4773
0.4788
0.4102
0.4111
0.4111
0.4096
0.4104
0.4101
0.4101
0.4094
0.4096
0.4098
0.4098
0.4100
0.4097
0.4097
0.4103
0.4092
0.4098
0.4096
0.4099
0.4095
0.4095
0.4100
0.4772
0.4101
0.4097
0.4110
0.4110
0.4098
0.4098
0.4099
0.4103
0.4100
0.4098
0.4098
0.4099
0.4101
0.4100
0.4096
0.4101
0.4100
0.4100
0.4099
0.4097
0.4099
0.4784
0.4099
0.4777
0.4099
0.4098
0.4113
0.4114
0.4099
0.4781
0.4100
0.4780
0.4101
0.4097
0.4098
0.4095
0.4096
0.4780
0.4102
0.4106
0.4095
0.4789
0.4776
0.4104
0.4100
0.4778
0.4099
0.4780
0.4111
0.4097
0.4118
0.4101
0.4101
0.4099
0.4104
0.4101
0.4100
0.4099
0.4099
0.4096
0.4100
0.4098
0.4098
0.4098
0.4782
0.4773
0.4094
0.4098
0.4096
0.4100
0.4099
0.4105
0.5531
0.4111
0.4110
0.4102
0.4097
0.4096
0.4094
0.4094
0.4091
0.4093
0.4097
0.4096
0.4096
0.4096
0.4098
0.4095
0.4782
0.4768
0.4096
0.4101
0.4096
0.4097
0.4099
0.4803
0.4102
0.4102
0.4099
0.4095
0.4781
0.4099
0.4096
0.4774
0.4773
0.4772
0.4096
0.4099
0.4774
0.4107
0.4091
0.4096
0.4097
0.4097
0.4095
0.4094
0.4096
0.4094
0.4780
0.4771
0.4103
0.4114
0.4103
0.4099
0.4786
0.4100
0.4108
0.4101
0.4098
0.4094
0.4096
0.4099
0.4785
0.4099
0.4101
0.4099
0.4785
0.4101
0.4768
0.4769
0.4097
0.4097
0.4096
0.4095
0.4779
0.4102
0.4099
0.4099
0.4095
0.4096
0.4773
0.4099
0.4097
0.4094
0.4095
0.4094
0.4098
0.4094
0.4095
0.4094
0.4096
0.4100
0.4095
0.4102
0.4098
0.4097
0.4103
0.4099
0.4105
0.4099
0.4099
0.4106
0.4098
0.4098
0.4095
0.4097
0.4096
0.4096
0.4096
0.4096
0.4099
0.4097
0.4095
0.4094
0.4094
0.4099
0.4097
0.4096
0.4097
0.4093
0.4100
0.4098
0.4104
0.4104
0.4098
0.4100
0.4782
0.4101
0.4804
0.4108
0.4107
0.4097
0.4097
0.4097
0.4101
0.4100
0.4098
0.4098
0.4096
0.4099
0.4098
0.4096
0.4099
0.4096
0.4095
0.4101
0.4114
0.5740
0.4119
0.4101
0.4105
0.4097
0.4099
0.4094
0.4096
0.4773
0.4761
0.4096
0.4099
0.4781
0.4098
0.4097
0.4094
0.4100
0.4096
0.4098
0.4098
0.4096
0.4101
0.4097
0.4106
0.4100
0.4096
0.4098
0.4098
0.4099
0.4101
0.4101
0.4098
0.4097
0.4099
0.4098
0.4094
0.4099
0.4097
0.4097
0.4095
0.4097
0.4100
0.4095
0.4099
0.4095
0.4097
0.4099
0.4096
0.4103
0.4783
0.4100
0.4093
0.4093
0.4094
0.4097
0.4111
0.4104
0.4103
0.4099
0.4784
0.4104
0.4110
0.4098
0.4098
0.4096
0.4098
0.4098
0.4098
0.4098
0.4100
0.4106
0.4100
0.4107
0.4098
0.4788
0.4100
0.4098
0.4096
0.4095
0.4096
0.4097
0.4106
0.4100
0.4095
0.4100
0.4096
0.4100
0.4097
0.4099
0.4097
0.4097
0.4095
0.4094
0.4098
0.4098
0.4100
0.4112
0.4101
0.4099
0.4100
0.4097
0.4099
0.4099
0.4100
0.4107
0.4100
0.4100
0.4100
0.4099
0.4100
0.4108
0.4100
0.4099
0.4100
0.4098
0.4100
0.4102
0.4096
0.4105
0.4099
0.4114
0.4112
0.4101
0.4102
0.4097
0.4099
0.4102
0.4097
0.4098
0.4102
0.4105
0.4098
0.4098
0.4099
0.4098
0.4100
0.4097
0.4098
0.4098
0.4098
0.4109
0.4098
0.4098
0.4101
0.4123
0.4119
0.4103
0.4101
0.4100
0.4100
0.4099
0.4098
0.4099
0.4101
0.4114
0.4101
0.4097
0.4097
0.4099
0.4098
0.4100
0.4098
0.4097
0.5615
0.4107
0.4097
0.4096
0.4094
0.4098
0.4106
0.4101
0.4096
0.4097
0.4092