0.5347
0.4640
0.5302
0.5290
0.5291
0.5276
0.5286
0.4611
0.5302
0.5285
0.5289
0.5293
0.5279
0.5316
0.5291
0.5301
0.5287
0.5303
0.5286
0.5307
0.5286
0.5308
0.5294
0.5307
0.5296
0.5297
0.5294
0.5294
0.5304
0.5280
0.5302
0.5279
0.5305
0.5286
0.5291
0.5336
0.5306
0.5282
0.5307
0.5301
0.5289
0.5282
0.5300
0.5335
0.5289
0.5298
0.5286
0.5314
0.5299
0.5305
0.5294
0.5326
0.5289
0.5311
0.5293
0.5355
0.5302
0.5371
0.5314
0.5298
0.5303
0.5298
0.5308
0.5295
0.5328
0.5297
0.6846
0.5292
0.5324
0.5308
0.5313
0.5307
0.5296
0.5298
0.5305
0.5306
0.5278
0.5300
0.5290
0.5294
0.5284
0.5307
0.5295
0.5299
0.5298
0.5288
0.5289
0.5291
0.5321
0.5313
0.5294
0.5291
0.5296
0.5284
0.5304
0.5275
0.5300
0.5278
0.5298
0.5273
0.5310
0.5301
0.5310
0.5277
0.5279
0.5302
0.5296
0.5309
0.5309
0.5304
0.5295
0.5292
0.5287
0.5288
0.5311
0.5313
0.5291
0.5308
0.5297
0.5290
0.5286
0.5289
0.5299
0.5276
0.5303
0.5281
0.6426
0.5322
0.5318
0.5275
0.5299
0.4610
0.5300
0.5302
0.5294
0.5293
0.5275
0.5289
0.5288
0.5282
0.5275
0.5288
0.5285
0.5293
0.4610
0.5298
0.5293
0.5290
0.5275
0.5292
0.5280
0.5304
0.4612
0.5300
0.4609
0.5291
0.5292
0.5286
0.4608
0.4621
0.5298
0.5291
0.5292
0.5321
0.5300
0.5305
0.5296
0.5298
0.5290
0.5289
0.4620
0.4615
0.4610
0.4617
0.4624
0.5322
0.5294
0.5277
0.5298
0.5278
0.5295
0.5289
0.5310
0.5291
0.4627
0.4614
0.4623
0.4618
0.4624
0.4620
0.4612
0.4616
0.4608
0.5304
0.5289
0.4625
0.5300
0.5295
0.5292
0.4626
0.5297
0.4630
0.5285
0.4626
0.4626
0.5340
0.4627
0.4622
0.5316
0.5329
0.5290
0.5307
0.4615
0.5289
0.4614
0.5303
0.4615
0.5292
0.5312
0.5289
0.5300
0.5278
0.5286
0.4618
0.4636
0.5304
0.5293
0.4616
0.5286
0.5273
0.5285
0.4616
0.5321
0.5300
0.5714
0.4621
0.4618
0.4603
0.4612
0.5299
0.4620
0.5299
0.5340
0.4610
0.4626
0.5343
0.4617
0.4612
0.4611
0.4609
0.4605
0.5307
0.5297
0.5278
0.4610
0.5320
0.4614
0.5292
0.5274
0.4611
0.5282
0.5277
0.4611
0.4611
0.4609
0.4624
0.4607
0.4617
0.4613
0.5312
0.5277
0.4620
0.4609
0.4616
0.4614
0.4615
0.4614
0.4620
0.4613
0.4607
0.5328
0.5286
0.4620
0.5303
0.5293
0.5326
0.4622
0.5303
0.5309
0.4625
0.4613
0.4615
0.4616
0.4611
0.4620
0.5297
0.5403
0.4629
0.4619
0.5300
0.4624
0.4623
0.4621
0.4613
0.5317
0.4617
0.4648
0.4623
0.5321
0.4619
0.4628
0.4625
0.4622
0.4612
0.4614
0.4617
0.5299
0.4626
0.5305
0.5313
0.4614
0.4622
0.4616
0.4619
0.4612
0.4621
0.4609
0.4627
0.4621
0.4621
0.4616
0.4621
0.4616
0.4610
0.4616
0.4605
0.4622
0.4608
0.4614
0.4610
0.4623
0.4613
0.4620
0.4615
0.4623
0.5303
0.5292
0.5275
0.5332
0.5293
0.4619
0.4616
0.4616
0.4611
0.4614
0.4612
0.4645
0.4635
0.4612
0.4623
0.5305
0.4641
0.4620
0.4614
0.4607
0.4612
0.4624
0.5300
0.5291
0.4627
0.4620
0.4616
0.4614
0.6255
0.4628
0.4610
0.4604
0.4606
0.4609
0.4604
0.4611
0.5295
0.5302
0.5285
0.5302
0.4605
0.4608
0.4611
0.4609
0.4609
0.4621
0.4612
0.4612
0.4606
0.4603
0.4614
0.4611
0.5283
0.4607
0.4609
0.4608
0.4607
0.4604
0.4606
0.4606
0.4608
0.4612
0.4616
0.4604
0.4610
0.4613
0.4614
0.4610
0.4608
0.4609
0.4610
0.4613
0.4614
0.4611
0.4609
0.4608
0.4606
0.4607
0.5294
0.4610
0.5334
0.5308
0.4612
0.4609
0.4606
0.5293
0.5283
0.4616
0.4613
0.5293
0.4613
0.4605
0.4608
0.4606
0.4609
0.4611
0.5293
0.4608
0.4606
0.4606
0.4604
0.4603
0.4612
0.5291
0.5291
0.4618
0.4617
0.4610
0.4613
0.4618
0.4608
0.5308
0.4613
0.4608
0.4612
0.4611
0.4603
0.4608
0.4605
0.4610
0.4606
0.5297
0.4613
0.4611
0.4610
0.4605
0.4606
0.4604
0.4608
0.4606
0.4643
0.4614
0.4613
0.4606
0.5301
0.4607
0.4607
0.4623
0.5310
0.4613
0.4610
0.4607
0.4608
0.4606
0.4618
0.5320
0.4621
0.5296
0.4610
0.5283
0.5295
0.4624
0.4611
0.4625
0.4614
0.5286
0.4612
0.4614
0.5297
0.4615
0.4610
0.4617
0.4613
0.4611
0.5287
0.4609
0.4617
0.5287
0.4609
0.4605
0.6625
0.4613
0.4611
0.5303
0.4615
0.4610
0.4604
0.4607
0.4604
0.4607
0.4604
0.4601
0.4599
0.4601
0.4608
0.4605
0.4600
0.4608
0.4605
0.4606
0.4603
0.4606
0.4611
0.4620
0.4608
0.4606
0.4610
0.4609
0.4605
0.4604
0.4603
0.4604
0.4604
0.4604
0.4604
0.4605
0.4609
0.4600
0.4609
0.4622
0.4607
0.4612
0.4610
0.5287
0.4612
0.5300
0.5291
0.4615
0.4610
0.4607
0.4608
0.4603
0.4606
0.4606
0.4604
0.4601
0.4606
0.4612
0.4607
0.4605
0.4609
0.4604
0.5292
0.4612
0.4603
0.5288
0.4613
0.4607
0.5283
0.5293
0.4613
0.4607
0.5281
0.4607
0.4608
0.4600
0.4600
0.4601
0.4605
0.4605
0.4604
0.4605
0.4606
0.4607
0.4600
0.4606
0.4609
0.4635
0.4611
0.5302
0.4610
0.4613
0.4611
0.4610
0.4611
0.4637
0.5309
0.4615
0.4611
0.4609
0.4610
0.4603
0.4609
0.4610
0.4621
0.4611
0.4608
0.4609
0.4618
0.4621
0.4610
0.4608
0.4622
0.4614
0.4609
0.4609
0.4610
0.4622
0.4611
0.4609
0.4606
0.4615
0.4614
0.5316
0.4620
0.4623
0.5300
0.4613
0.4605
0.4609
0.4616
0.4612
0.4610
0.4606
0.4608
0.4608
0.4615
0.4610
0.4607
0.5311
0.4614
0.4619
0.4608
0.4607
0.4604
0.4604
0.5918
0.5295
0.5279
0.4603
0.4606
0.4618
0.4611
0.4607
0.4603
0.4606
0.4609
0.4604
0.4602
0.4605
0.4604
0.4605
0.4603
0.4605
0.4604
0.4603
0.4602
0.4603
0.4606
0.4617
0.4614
0.4606
0.4613
0.4611
0.4605
0.4603
0.4609
0.4611
0.4607
0.4606
0.4607
0.4606
0.4605
0.4614
0.5287
0.4615
0.5297
0.5352
0.4621
0.5316
0.4616
0.4631
0.5311
0.4640
0.4624
0.4621
0.4611
0.4611
0.4614
0.4614
0.4617
0.4605
0.4614
0.4612
0.4615
0.4610
0.4620
0.4617
0.4616
0.4621
0.4619
0.4620
0.4610
0.4621
0.4614
0.4667
0.5306
0.4627
0.5340
0.4628
0.4617
0.4623
0.4623
0.4642
0.4621
0.4622
0.5297
0.4618
0.5274
0.5303
0.5291
0.4621
0.4613
0.5329
0.5301
0.4630
0.4629
0.4629
0.4618
0.4620
0.5318
0.4632
0.4626
0.4613
0.5313
0.4616
0.4625
0.4613
0.4615
0.4614
0.4621
0.4615
0.4621
0.4616
0.4622
0.4618
0.4611
0.4620
0.4608
0.4619
0.4608
0.4615
0.4611
0.4616
0.5290
0.4622
0.4611
0.4623
0.4614
0.4618
0.4614
0.4610
0.4623
0.4614
0.4616
0.4608
0.4616
0.4620
0.4623
0.4624
0.4622
0.4614
0.4612
0.4620
0.4608
0.4616
0.4610
0.4618
0.4611
0.4614
0.4613
0.6521
0.4618
0.4626
0.4613
0.4609
0.4607
0.4616
0.5295
0.4634
0.4624
0.4613
0.5285
0.4619
0.4633
0.4610
0.4614
0.4609
0.4627
0.4628
0.4627
0.4619
0.4614
0.5285
0.4625
0.4612
0.5283
0.4608
0.4611
0.4608
0.4626
0.4628
0.4614
0.4624
0.4610
0.4624
0.4623
0.4617
0.4611
0.4615
0.4611
0.4612
0.4610
0.4611
0.4631
0.4612
0.4627
0.4616
0.4625
0.4612
0.4618
0.4618
0.4640
0.4623
0.4622
0.4619
0.4613
0.4611
0.4607
0.4613
0.4632
0.4636
0.4615
0.4619
0.4625
0.4625
0.4613
0.4616
0.4624
0.4616
0.4614
0.4606
0.4616
0.4626
0.4646
0.4620
0.4622
0.4613
0.4616
0.4620
0.4617
0.4612
0.4634
0.4616
0.4606
0.4612
0.4609
0.4618
0.4607
0.4619
0.4610
0.4618
0.4610
0.4613
0.4616
0.4625
0.4627
0.4611
0.4616
0.4609
0.4630
0.4616
0.4619
0.4608
0.4620
0.4616
0.4615
0.4608
0.4617
0.4613
0.4605
0.4613
0.4607
0.4614
0.4603
0.4609
0.4607
0.4624
0.4629
0.4627
0.4622
0.4623
0.5323
0.4624
0.4615
0.4606
0.4621
0.4608
0.5299
0.4617
0.4625
0.4610
0.4615
0.4609
0.4620
0.4611
0.4616
0.4613
0.4626
0.4644
0.4620
0.4617
0.4608
0.4623
0.4615
0.4619
0.4615
0.4623
0.5300
0.4618
0.4613
0.4622
0.4618
0.4616
0.4620
0.4619
0.4624
0.5295
0.4622
0.4613
0.6224
0.4626
0.4621
0.4611
0.4621
0.4620
0.4619
0.4603
0.5292
0.4620
0.4611
0.4612
0.4612
0.4613
0.4612
0.4609
0.4605
0.4615
0.4605
0.4613
0.4601
0.4628
0.4617
0.4613
0.4613
0.4620
0.4618
0.4613
0.4609
0.4617
0.4620
0.4610
0.4615
0.4609
0.4613