0.5547
0.6391
0.6190
0.6183
0.6242
0.6234
0.5984
0.6050
0.5680
0.6219
0.6153
0.6268
0.6356
0.6267
0.6195
0.6167
0.5862
0.6014
0.6164
0.6282
0.6303
0.6161
0.6225
0.5847
0.6210
0.5798
0.6066
0.6293
0.6368
0.6163
0.7038
0.5834
0.6273
0.6418
0.5947
0.6071
0.6234
0.6146
0.6147
0.6239
0.5758
0.6137
0.5722
0.6133
0.6240
0.6292
0.6350
0.6241
0.5960
0.6031
0.6385
0.6316
0.5739
0.6229
0.6232
0.6245
0.6227
0.5754
0.6170
0.6336
0.5910
0.6259
0.6313
0.6311
0.6310
0.5966
0.6199
0.6488
0.6358
0.6242
0.5745
0.6269
0.6545
0.6062
0.5781
0.6311
0.6242
0.5777
0.6096
0.7111
0.6300
0.6476
0.5823
0.6327
0.6341
0.6478
0.5713
0.6257
0.6237
0.6261
0.6003
0.5802
0.6370
0.6421
0.5811
0.6208
0.6261
0.6364
0.6329
0.5822
0.6395
0.6370
0.6522
0.6170
0.5721
0.6314
0.6437
0.6817
0.6404
0.6208
0.6345
0.6205
0.5768
0.6310
0.6149
0.6595
0.6404
0.6336
0.6401
0.6313
0.6432
0.5816
0.6291
0.5883
0.6226
0.6286
0.6249
0.6132
0.5910
0.5735
0.6235
0.5768
0.6295
0.6457
0.6368
0.6287
0.6299
0.6258
0.5848
0.6050
0.6161
0.6320
0.6340
0.6283
0.6206
0.5985
0.5745
0.5876
0.4224
0.6315
0.6427
0.6415
0.6277
0.6257
0.4236
0.6218
0.6226
0.4958
0.5966
0.6349
0.6370
0.6206
0.6318
0.6302
0.6240
0.6326
0.5026
0.6167
0.6384
0.6451
0.6276
0.6376
0.4268
0.6145
0.6324
0.5869
0.5588
0.6303
0.6493
0.6352
0.6399
0.6302
0.6247
0.6023
0.5419
0.5975
0.6390
0.6325
0.6219
0.6332
0.5867
0.6144
0.6269
0.6251
0.5785
0.6370
0.6392
0.6226
0.6307
0.5713
0.6357
0.6288
0.5660
0.4136
0.6156
0.6254
0.6198
0.5970
0.5774
0.4234
0.4221
0.6318
0.6191
0.5953
0.6081
0.4224
0.6308
0.6374
0.6204
0.5799
0.4259
0.6328
0.6431
0.4059
0.5722
0.6164
0.6188
0.6610
0.6235
0.5798
0.6183
0.6192
0.6236
0.3969
0.6237
0.6322
0.4433
0.4256
0.6332
0.6233
0.6244
0.6404
0.6350
0.4033
0.5982
0.6187
0.6192
0.6329
0.6088
0.3960
0.3955
0.6163
0.6293
0.6261
0.5675
0.4155
0.6447
0.6248
0.6400
0.5802
0.6285
0.6381
0.6349
0.5969
0.5722
0.6126
0.6273
0.5870
0.6321
0.4265
0.6250
0.6399
0.6385
0.6266
0.5923
0.4209
0.4212
0.4212
0.4171
0.3939
0.4069
0.4197
0.6510
0.4375
0.6362
0.6329
0.4258
0.6191
0.6157
0.4249
0.6292
0.5744
0.3410
0.3954
0.4198
0.6272
0.6349
0.4244
0.6305
0.6187
0.6376
0.6292
0.6361
0.7074
0.3429
0.4092
0.4201
0.6460
0.6350
0.6474
0.6643
0.6226
0.4244
0.6256
0.6201
0.4239
0.4244
0.4252
0.5902
0.5402
0.6029
0.6248
0.6349
0.6268
0.4259
0.6381
0.4240
0.6310
0.6078
0.3988
0.4102
0.4217
0.4249
0.4113
0.3957
0.4031
0.4217
0.4207
0.4207
0.4207
0.4195
0.4206
0.4209
0.4220
0.4354
0.4305
0.4215
0.4229
0.4210
0.4217
0.4397
0.4324
0.6306
0.4249
0.4277
0.4244
0.4242
0.4232
0.6347
0.5840
0.6033
0.5876
0.6404
0.7013
0.6235
0.4223
0.4223
0.4220
0.4223
0.4239
0.4224
0.6031
0.6382
0.4236
0.4213
0.4297
0.4259
0.6398
0.5736
0.6353
0.6413
0.6308
0.6233
0.5820
0.4088
0.6358
0.6320
0.3943
0.3944
0.6294
0.6300
0.6369
0.6297
0.4249
0.6439
0.3971
0.6354
0.6475
0.6445
0.5832
0.6318
0.6384
0.6324
0.6106
0.3966
0.6116
0.4238
0.6377
0.6284
0.3964
0.3998
0.4233
0.6341
0.6354
0.6298
0.4242
0.3983
0.3986
0.6421
0.6338
0.6533
0.6297
0.6221
0.3973
0.4001
0.6477
0.6411
0.5841
0.6162
0.6355
0.6393
0.4337
0.4234
0.4342
0.4184
0.3945
0.4066
0.6258
0.6273
0.6363
0.3993
0.4092
0.4224
0.4228
0.4215
0.4246
0.6369
0.4204
0.4205
0.6447
0.4221
0.4270
0.4219
0.4333
0.6376
0.3963
0.4111
0.4216
0.4220
0.4229
0.4213
0.6414
0.5994
0.6117
0.6213
0.4226
0.4232
0.4249
0.4244
0.6308
0.6096
0.5768
0.4143
0.6377
0.5867
0.6335
0.4219
0.6443
0.4465
0.6306
0.4236
0.4235
0.4301
0.4220
0.4224
0.4218
0.6198
0.6008
0.5039
0.4094
0.6491
0.4232
0.6230
0.4232
0.6333
0.4238
0.6182
0.4234
0.6346
0.5828
0.3799
0.6331
0.4209
0.4243
0.4216
0.4213
0.4207
0.6342
0.6327
0.6321
0.6258
0.6236
0.6474
0.3392
0.5480
0.4234
0.6295
0.4247
0.4238
0.4233
0.6278
0.4277
0.4231
0.6318
0.6302
0.4241
0.4248
0.6326
0.3349
0.5549
0.6377
0.6390
0.6274
0.4239
0.4227
0.4227
0.6277
0.4232
0.6234
0.5776
0.6114
0.5782
0.6430
0.4217
0.6554
0.4247
0.6322
0.4278
0.6241
0.4236
0.4199
0.3975
0.6231
0.4289
0.4219
0.3966
0.6218
0.6243
0.4237
0.6342
0.4241
0.4220
0.6205
0.6366
0.5956
0.6277
0.4225
0.3944
0.6162
0.6421
0.6532
0.6310
0.6415
0.4239
0.6253
0.3969
0.4088
0.4237
0.4231
0.4091
0.3940
0.4040
0.4233
0.6478
0.4419
0.4312
0.4235
0.6272
0.4277
0.4239
0.6311
0.4263
0.6278
0.4224
0.5847
0.3996
0.4213
0.6365
0.5807
0.4224
0.4216
0.6482
0.6300
0.4236
0.4240
0.4237
0.4282
0.4249
0.4244
0.4226
0.4239
0.4240
0.4061
0.4003
0.4237
0.4258
0.4228
0.4224
0.6587
0.6340
0.3929
0.3941
0.4218
0.4241
0.4273
0.7719
0.7462
0.7137
0.4099
0.4279
0.4222
0.4262
0.4223
0.4243
0.4235
0.6389
0.3957
0.4091
0.4223
0.4222
0.4222
0.6434
0.4224
0.4254
0.6444
0.4253
0.6272
0.4006
0.3977
0.4247
0.6328
0.6392
0.6343
0.3954
0.3952
0.4217
0.4240
0.4231
0.4230
0.4236
0.4255
0.4229
0.4216
0.4241
0.4215
0.4240
0.6885
0.5952
0.4251
0.4215
0.6345
0.4263
0.4233
0.4245
0.4229
0.4260
0.4228
0.4200
0.4051
0.3971
0.4124
0.6380
0.6461
0.4326
0.4221
0.4249
0.4240
0.4033
0.4061
0.4223
0.4230
0.4249
0.4226
0.4246
0.4230
0.4221
0.4231
0.4226
0.4252
0.4232
0.4239
0.4252
0.4415
0.4298
0.4189
0.3960
0.4000
0.4242
0.4230
0.4214
0.4222
0.4240
0.4236
0.4239
0.4222
0.4232
0.4224
0.4258
0.4235
0.4157
0.3962
0.3972
0.4201
0.4241
0.4267
0.4245
0.4234
0.4227
0.4265
0.4222
0.4224
0.4259
0.4251
0.4229
0.4221
0.4245
0.4217
0.4232
0.4249
0.4225
0.4225
0.4270
0.4225
0.4252
0.4236
0.3952
0.4060
0.4247
0.4212
0.4245
0.4230
0.3985
0.6259
0.4199
0.4197
0.4190
0.4290
0.4384
0.4224
0.4227
0.4235
0.4244
0.4224
0.4322
0.4424
0.4275
0.4273
0.4355
0.4252
0.4249
0.4271
0.6264
0.4241
0.6335
0.3931
0.3364
0.3803
0.4217
0.4242
0.6444
0.4226
0.4250
0.4229
0.6380
0.4247
0.4236
0.6372
0.4251
0.4227
0.4235
0.6416
0.4260
0.4230
0.4219
0.6196
0.3389
0.3421
0.4155
0.4200
0.4219
0.4198
0.4213
0.4205
0.4199
0.4213
0.4205
0.4217
0.4218
0.4204
0.4201
0.4209
0.4212
0.4542
0.4401
0.4251
0.4262
0.4248
0.4235
0.4243
0.4278
0.4224
0.4228
0.4231
0.4235
0.4280
0.4221
0.4235
0.4235
0.4286
0.4210
0.3984
0.4010
0.4291
0.4232
0.3963
0.3930
0.4181
0.4217
0.4223
0.4224
0.4226
0.4239
0.4221
0.4233
0.4219
0.4231
0.4218
0.4235
0.4237
0.4224
0.4237
0.4242
0.4278
0.4243
0.4242
0.4217
0.4222
0.4230
0.4228
0.4250
0.4270
0.3990
0.4074
0.6376
0.4240
0.4213
0.4229
0.4205
0.4248
0.6457
0.3969
0.4030
0.4205
0.4259
0.6369
0.6339
0.4281
0.4229
0.4280
0.4300
0.4325
0.4146
0.3973
0.3959
0.6318
0.4237
0.4247
0.6342
0.4237
0.4183
0.3956
0.4000
0.4276
0.4221
0.4239
0.6363
0.6245
0.4240
0.4247
0.4240
0.6251
0.3982
0.4170
0.4211
0.4237
0.4296
0.4221
0.4219
0.4215
0.4220
0.4242
0.4216
0.6199
0.4257
0.4264
0.4221
0.4045
0.3984
0.4217
0.4217
0.4223
0.4218
0.4201
0.4222
0.4203
0.4224
0.4212
0.4210
0.4219
0.4066
0.4110
0.6206
0.4262
0.4242
0.4234
0.4231
0.4233
0.4230
0.4273
0.4253
0.4206
0.4225
0.4243
0.4267
0.4238
0.4231
0.4241
0.4226
0.4253
0.4175
0.3961
0.3982
0.4163
0.4264
0.4231
0.4242
0.4232
0.4208
0.3958
0.4068
0.4198
0.4250
0.4213
0.4234
0.4229
0.4237
0.6510
0.6429
0.4245
0.4166
0.4353
0.4290
0.4288
0.4236
0.4262
0.4241
0.4243
0.4213
0.4221
0.4225
0.4281
0.4236
0.4236
0.3688
0.3350
0.3745
0.4224
0.4204
0.4217
0.4208
0.4216
0.4210
0.4237
0.4227
0.4209
0.4209
0.4254
0.4249
0.4270
0.4395
0.4277
0.4237
0.6396
0.4228
0.4252
0.4233
0.4248
0.4237
0.4250
0.4239
0.4303
0.4252
0.4013
0.6272
0.6322
0.4012
0.4091
0.6219
0.4258
0.4240
0.4244
0.4234
0.4238
0.4235
0.4270
0.4235
0.6295
0.4004
0.4040
0.4144
0.6412
0.4310
0.4226
0.4236
0.4230
0.4227
0.4287
0.4314
0.4323
0.4292
0.4229
0.4230
0.4109
0.3956
0.4074
0.4282
0.4243
0.4217
0.4231
0.4220
0.4247
0.4240
0.4235
0.4217
0.4223
0.4053
0.4004
0.4395
0.4256
0.4235
0.4225
0.4259
0.4217
0.4227
0.4255
0.4236
0.4246
0.4272
0.4221
0.6425
0.4231
0.6155
0.4228
0.4132
0.5684
0.6235
0.4275
0.4188
0.3966
0.4021
0.4332
0.4224
0.4241
0.4232
0.4253
0.4229
0.4219
0.4238
0.4293
0.4232
0.4226
0.4212
0.4226
0.4220
0.4227
0.4227
0.4203
0.4247
0.4233
0.4225
0.4242
0.4309
0.4225
0.4214
0.4234
0.4269
0.4226
0.4230
0.6173
0.5087
0.6349
0.6468
0.4232
0.6384
0.6472
0.4258
0.6153
0.6481
0.6278
0.4235
0.4141
0.3984
0.4029
0.4135
0.3978
0.4052
0.4232
0.4235
0.4235
0.6373
0.4246
0.4234
0.4254
0.4223
0.4218
0.4211
0.4249
0.4222
0.4241
0.4240
0.4287
0.4165
0.4228
0.4232
0.4245
0.4237
0.4254
0.4235
0.4224
0.5909
0.6380
0.6445
0.5887
0.4226
0.6274
0.4230
0.6570
0.4301
0.4223
0.6304
0.3957
0.6137
0.4276
0.4276
0.4229
0.4252
0.6290
0.3954
0.4085
0.4232
0.4232
0.4238
0.4256
0.4250
0.4233
0.4251
0.4234
0.4224
0.4238
0.4218
0.4223
0.4243
0.4228
0.4274
0.4004
0.3982
0.4170
0.4234
0.4218
0.4215
0.4229
0.4230
0.4239
0.6506
0.4376
0.6370
0.4237
0.4220
0.4263
0.4223
0.4054
0.3994
0.4256
0.4198
0.4213
0.4245
0.4267
0.4207
0.4212
0.4074
0.3960
0.4141
0.4203
0.4271
0.4416
0.4243
0.4242
0.4243
0.6250
0.6367
0.6361
0.6227
0.6367
0.3965
0.3877
0.5674
0.4186
0.6381
0.4232
0.4241
0.4230
0.4202
0.6407
0.6201
0.4250
0.4229
0.4214
0.4227
0.4281
0.6432
0.6291
0.4047
0.3466
0.3958
0.4090
0.4233
0.4229
0.4235
0.4222
0.4248
0.6636
0.4359
0.4242
0.4236
0.4230
0.4244
0.4237
0.4248
0.4239
0.4226
0.4240
0.4284
0.4264
0.4258
0.4224
0.4249
0.4250
0.4241
0.4239
0.4259
0.4227
0.4037
0.3936
0.3971
0.4172
0.4260
0.4227
0.4235
0.4220
0.4221
0.4220
0.4229
0.4214
0.4217
0.4231
0.4332
0.4345
0.4224
0.4227
0.4226
0.4248
0.4219
0.4223
0.4211
0.4235
0.4228
0.4235
0.4238
0.4244
0.4233
0.4240
0.4251
0.4227
0.3989
0.3999
0.4272
0.4146
0.4195
0.4218
0.4234
0.4239
0.4264
0.4226
0.3987
0.4028
0.4223
0.4224
0.4258
0.4213
0.4209
0.4210
0.4224
0.4289
0.4273
0.4234
0.4200
0.4258
0.4420
0.4330
0.4251
0.6354
0.4029
0.5833
0.4232
0.4217
0.4254
0.4215
0.6281
0.4373
0.6277
0.3944
0.4033
0.6216
0.6236
0.6330
0.3986
0.5894
0.4241
0.4231
0.4237
0.6304
0.6399
0.4292
0.4231
0.4195
0.4227
0.6272
0.4016
0.4156
0.4217
0.6422
0.4019
0.6264
0.4271
0.6414
0.4467
0.4302
0.4320
0.4285
0.4271
0.4244
0.4225
0.4252
0.4234
0.4273
0.4262
0.4239
0.4236
0.4245
0.4259
0.4298
0.4038
0.3428
0.3558
0.6198
0.4271
0.6308
0.4261
0.6386
0.6294
0.4240
0.6330
0.4245
0.6211
0.4254
0.4230
0.4229
0.4065
0.3964
0.4230
0.4246
0.3980
0.4073
0.4232
0.4235
0.4213
0.4204
0.4215
0.4236
0.4201
0.4215
0.4244
0.4195
0.4431
0.4254
0.4213
0.4235
0.4413
0.4277
0.4240
0.4232
0.6243
0.4302
0.4307
0.6224
0.6010
0.3982
0.4242
0.4137
0.4033
0.4079
0.4229
0.4221
0.4282
0.4234
0.4234
0.6337
0.6291
0.6367
0.6324
0.4238
0.4222
0.4229
0.4239
0.4068
0.3959
0.4099
0.6411
0.4220
0.4222
0.4220
0.4109
0.3990
0.4172
0.4378
0.4282
0.4235
0.4210
0.4211
0.4221
0.4225
0.4210
0.4720
0.4204
0.4203
0.4396
0.4299
0.4236
0.4236
0.4247
0.4234
0.4086
0.3968
0.4118
0.4176
0.4245
0.4234
0.4249
0.4258
0.4239
0.4240
0.4294
0.4233
0.4225
0.4226
0.4281
0.4224
0.4136
0.3993
0.4079
0.4255
0.4238
0.4230
0.4311
0.4245
0.4223
0.4249
0.4231
0.4245
0.4271
0.4249
0.4267
0.4039
0.4068
0.4258
0.4243
0.4266
0.4285
0.4242
0.4260
0.4249
0.4257
0.4241
0.4248
0.4247
0.4319
0.4419
0.4287
0.4248
0.4267
0.4252
0.4245
0.4255
0.4235
0.4238
0.4231
0.4252
0.3993
0.4061
0.4224
0.4229
0.4238
0.4254
0.4117
0.3990
0.4070
0.4235
0.4260
0.4222
0.4424
0.4383
0.4260
0.4264
0.4260
0.4239
0.4249
0.4258
0.4254
0.4259
0.4267
0.4266
0.4272
0.4247
0.4244
0.4227
0.4263
0.4248
0.4270
0.4259
0.4303
0.4315
0.4038
0.4004
0.4110
0.3984
0.4111
0.4243
0.4241
0.4237
0.4261
0.4245
0.4257
0.4230
0.4239
0.4238
0.4235
0.4239
0.4250
0.4230
0.4395
0.4376
0.4241
0.4258
0.4234
0.4246
0.4235
0.4247
0.4242
0.4299
0.4251
0.4255
0.4246
0.4252
0.4254
0.4255
0.4242
0.4146
0.3991
0.4129
0.4294
0.4083
0.3997
0.4213
0.4249
0.4242
0.4272
0.4224
0.4254
0.4230
0.4233
0.4226
0.4231
0.4262
0.4238
0.4386
0.4365
0.4253
0.4257
0.4256
0.4266
0.4277
0.4254
0.4226
0.4233
0.4291
0.4291
0.4265
0.3976
0.4020
0.4256
0.4249
0.4245
0.4261
0.4227
0.4244
0.4244
0.4049
0.3991
0.4198
0.4246
0.4433
0.4289
0.4252
0.4273
0.4251
0.4237
0.4255
0.4254
0.4294
0.4256
0.4248
0.4254
0.4238
0.4252
0.4267
0.4256
0.4275
0.4108
0.4014
0.4186
0.4231
0.4275
0.4242
0.4252
0.4254
0.4255
0.4233
0.4258
0.4242
0.4296
0.4246
0.4265
0.4296
0.4273
0.4192
0.3988
0.4051
0.4238
0.4258
0.4248
0.4240
0.4236
0.4238
0.4241
0.4235
0.4248
0.4231
0.4202
0.4034
0.4259
0.4240
0.4257
0.4264
0.4222
0.4240
0.4231
0.4254
0.4231
0.4260
0.4223
0.4244
0.4224
0.4346
0.4421
0.4227
0.4286
0.4236
0.4266
0.4225
0.4250
0.4235
0.3947
0.3948
0.4195
0.4211
0.4221
0.4246
0.4222
0.4232
0.4225
0.4072
0.3957
0.4007
0.4241
0.4243
0.4232
0.4252
0.4231
0.4262
0.4279
0.4229
0.4232
0.4242
0.4230
0.4223
0.4222
0.4253
0.4222
0.4267
0.4232
0.4218
0.4220
0.4232
0.4221
0.4215
0.4225
0.4213