0.01119852066040039
0.010857343673706055
0.01098012924194336
0.01094198226928711
0.010977506637573242
0.01103830337524414
0.01104736328125
0.010889053344726562
0.011050939559936523
0.010983943939208984
0.010956287384033203
0.010946273803710938
0.010954618453979492
0.011017322540283203
0.011181831359863281
0.010930538177490234
0.010967493057250977
0.011083364486694336
0.010995149612426758
0.010911703109741211
0.011331319808959961
0.01122426986694336
0.011118412017822266
0.011197805404663086
0.011107206344604492
0.011116504669189453
0.0111083984375
0.011124849319458008
0.011296749114990234
0.011012077331542969
0.010967254638671875
0.010957717895507812
0.011015176773071289
0.010991096496582031
0.011038541793823242
0.09721684455871582
0.011211633682250977
0.011103153228759766
0.011131763458251953
0.011530637741088867
0.01099848747253418
0.011074066162109375
0.011036157608032227
0.011068105697631836
0.011042118072509766
0.010928153991699219
0.011083126068115234
0.01099848747253418
0.011003732681274414
0.010965347290039062
0.011166810989379883
0.010989189147949219
0.010947704315185547
0.010988235473632812
0.010956764221191406
0.011005401611328125
0.011076211929321289
0.011051416397094727
0.011086702346801758
0.011028289794921875
0.011139869689941406
0.011067867279052734
0.011049509048461914
0.011071443557739258
0.011038064956665039
0.010955810546875
0.011026620864868164
0.011008262634277344
0.011055946350097656
0.011027336120605469
0.010880231857299805
0.010925054550170898
0.010877370834350586
0.010936975479125977
0.010936260223388672
0.010861396789550781
0.010851383209228516
0.01092529296875
0.010935544967651367
0.010879278182983398
0.010887384414672852
0.010854005813598633
0.010845184326171875
0.010882139205932617
0.01095438003540039
0.010961294174194336
0.010970354080200195
0.010924816131591797
0.010891914367675781
0.01098775863647461
0.010901212692260742
0.010842561721801758
0.010839223861694336
0.010895490646362305
0.010953426361083984
0.010942459106445312
0.010932207107543945
0.01093292236328125
0.010942697525024414
0.010902166366577148
0.010969877243041992
0.010992765426635742
0.010941267013549805
0.010878324508666992
0.010942935943603516
0.010893821716308594
0.010917901992797852
0.010929584503173828
0.010994195938110352
0.010954856872558594
0.011005878448486328
0.010994911193847656
0.010949373245239258
0.01098179817199707
0.01093602180480957
0.01091623306274414
0.010938167572021484
0.010931968688964844
0.011029243469238281
0.011172771453857422
0.01081991195678711
0.0109100341796875
0.010917901992797852
0.01097869873046875
0.010918140411376953
0.01215672492980957
0.011281490325927734
0.010966062545776367
0.01094365119934082
0.010938167572021484
0.010982751846313477
0.010944843292236328
0.010916471481323242
0.010926008224487305
0.01091623306274414
0.010865211486816406
0.01094365119934082
0.010898828506469727
0.010862588882446289
0.010998010635375977
0.010929346084594727
0.010879278182983398
0.010957479476928711
0.010996103286743164
0.010924339294433594
0.010872125625610352
0.010858297348022461
0.01084280014038086
0.010889291763305664
0.010923385620117188
0.010955572128295898
0.011067390441894531
0.010941028594970703
0.010931730270385742
0.010931015014648438
0.01084589958190918
0.01081085205078125
0.010888338088989258
0.010935306549072266
0.01095724105834961
0.01085972785949707
0.010941505432128906
0.010912179946899414
0.010953426361083984
0.010986804962158203
0.010978937149047852
0.01097559928894043
0.01094365119934082
0.010893583297729492
0.010964393615722656
0.0109100341796875