0.05007672309875488
0.05502200126647949
0.04943656921386719
0.05723905563354492
0.048862457275390625
0.055577993392944336
0.048563241958618164
0.055258989334106445
0.048653602600097656
0.05467724800109863
0.04933929443359375
0.05526280403137207
0.05047869682312012
0.05440711975097656
0.05148959159851074
0.052437543869018555
0.13387250900268555
0.05493593215942383
0.04930996894836426
0.05446004867553711
0.05043172836303711
0.05380558967590332
0.051703453063964844
0.053183555603027344
0.053246259689331055
0.052024126052856445
0.05674409866333008
0.04869985580444336
0.055023908615112305
0.04851222038269043
0.0548555850982666
0.04940152168273926
0.05565524101257324
0.048967599868774414
0.0543973445892334
0.04937887191772461
0.05455970764160156
0.04908251762390137
0.05460643768310547
0.04907965660095215
0.05514836311340332
0.049514055252075195
0.05345940589904785
0.13119006156921387
0.0544283390045166
0.04952716827392578
0.05530405044555664
0.04870963096618652
0.055486440658569336
0.04923415184020996
0.05443310737609863
0.04975152015686035
0.053286075592041016
0.05091977119445801
0.055507659912109375
0.054168701171875
0.05164980888366699
0.05728030204772949
0.0489959716796875
0.0550689697265625
0.04898786544799805
0.054823875427246094
0.049382925033569336
0.05453610420227051
0.04943585395812988
0.05505061149597168
0.048789262771606445
0.05585885047912598
0.0488741397857666
0.05508017539978027
0.1345362663269043
0.055814504623413086
0.04877281188964844
0.055113792419433594
0.0492403507232666
0.05484819412231445
0.049165964126586914
0.05501985549926758
0.051386117935180664
0.054978370666503906
0.05228281021118164
0.05368828773498535
0.05484437942504883
0.05119800567626953
0.05557131767272949
0.04966282844543457
0.05551576614379883
0.04958200454711914
0.05484366416931152
0.04981875419616699
0.05500650405883789
0.04953479766845703
0.055063724517822266
0.051874637603759766
0.05498957633972168
0.14544034004211426
0.05486798286437988
0.05095958709716797
0.05401134490966797
0.05289793014526367
0.05224013328552246
0.0541081428527832
0.05118560791015625
0.0543370246887207
0.050649404525756836
0.05528521537780762
0.0530548095703125
0.05627894401550293
0.049978017807006836
0.05493330955505371
0.04970431327819824
0.05524110794067383
0.05005788803100586
0.054935455322265625
0.05114483833312988
0.05405282974243164
0.05278325080871582
0.05240440368652344
0.05381941795349121
0.051023006439208984
0.055292606353759766
0.050110578536987305
0.055576324462890625
0.14162135124206543
0.05540633201599121
0.049733638763427734
0.05525922775268555
0.049567461013793945
0.05542397499084473
0.04881429672241211
0.0554962158203125
0.049428462982177734