0.021264314651489258
0.02045273780822754
0.020444393157958984
0.020821094512939453
0.020400524139404297
0.020359277725219727
0.02148270606994629
0.02304983139038086
0.021008968353271484
0.020589351654052734
0.020273923873901367
0.020325183868408203
0.020259380340576172
0.020244121551513672
0.020340442657470703
0.020291805267333984
0.020351409912109375
0.020259618759155273
0.020272254943847656
0.020327329635620117
0.02023792266845703
0.02030205726623535
0.020406484603881836
0.020427703857421875
0.020228147506713867
0.02038431167602539
0.0203402042388916
0.020294904708862305
0.02043604850769043
0.0204317569732666
0.02026844024658203
0.020279407501220703
0.02039623260498047
0.020383596420288086
0.02040576934814453
0.10188865661621094
0.020778179168701172
0.02053666114807129
0.02044677734375
0.02030014991760254
0.02030801773071289
0.020326852798461914
0.02025771141052246
0.02039480209350586
0.020318984985351562
0.020322561264038086
0.02032923698425293
0.020253419876098633
0.020275354385375977
0.020326852798461914
0.020309925079345703
0.02021503448486328
0.020409584045410156
0.020443201065063477
0.020346879959106445
0.020337343215942383
0.02041459083557129
0.020563125610351562
0.020367145538330078
0.02031397819519043
0.020422935485839844
0.02037954330444336
0.020312070846557617
0.020258426666259766
0.020262479782104492
0.020165443420410156
0.020349740982055664
0.020352602005004883
0.02137136459350586
0.0212552547454834
0.02038407325744629
0.020287752151489258
0.020301342010498047
0.020312786102294922
0.020251750946044922
0.02026820182800293
0.020395994186401367
0.02036261558532715
0.02062368392944336
0.02045297622680664
0.020382165908813477
0.02046966552734375
0.02074122428894043
0.021625757217407227
0.02228856086730957
0.02027416229248047
0.02026963233947754
0.020368099212646484
0.020347118377685547
0.020224809646606445
0.020302772521972656