0.03108668327331543
0.03670549392700195
0.02986741065979004
0.030025005340576172
0.036511898040771484
0.030260562896728516
0.030009031295776367
0.03772735595703125
0.031110048294067383
0.030458450317382812
0.03665804862976074
0.030324935913085938
0.029999256134033203
0.0353999137878418
0.03150129318237305
0.03032231330871582
0.034883975982666016
0.031758785247802734
0.030009984970092773
0.11602449417114258
0.04187750816345215
0.030241966247558594
0.03217577934265137
0.042397499084472656
0.03027033805847168
0.03730034828186035
0.03803682327270508
0.03000497817993164
0.04113316535949707
0.03318214416503906
0.030111074447631836
0.043625831604003906
0.03082275390625
0.030615806579589844
0.045156002044677734
0.0301055908203125
0.030276060104370117
0.04451918601989746
0.03044295310974121
0.03216218948364258
0.0424807071685791
0.030108213424682617
0.037923336029052734
0.03722882270812988
0.030154943466186523
0.04155158996582031
0.03285026550292969
0.0300445556640625
0.043550968170166016
0.030791759490966797
0.030202627182006836
0.04375934600830078
0.030575990676879883
0.030157804489135742
0.04440474510192871
0.030427217483520508
0.031008481979370117
0.04367542266845703
0.03037714958190918
0.03487253189086914
0.1357274055480957
0.03141927719116211
0.037633657455444336
0.03758096694946289
0.030353307723999023
0.04263901710510254
0.03211545944213867
0.03022599220275879
0.043425559997558594
0.030849456787109375
0.030236482620239258
0.04407787322998047
0.03054022789001465
0.03043842315673828
0.044303178787231445
0.0302884578704834
0.03290557861328125
0.0422360897064209
0.030263662338256836
0.03774738311767578
0.03731226921081543
0.030306577682495117
0.042240142822265625
0.03267788887023926
0.030203819274902344
0.04372596740722656
0.0308377742767334
0.030423641204833984
0.04436326026916504
0.030602455139160156
0.0300600528717041
0.044130563735961914
0.03032398223876953
0.03332209587097168
0.04132342338562012
0.030340909957885742
0.037171125411987305
0.03753328323364258
0.030084848403930664
0.03413271903991699
0.03464150428771973
0.030927181243896484
0.12958669662475586
0.035501718521118164
0.031156301498413086
0.03339862823486328
0.03528118133544922
0.030785560607910156
0.033365726470947266
0.0358273983001709
0.030739545822143555
0.033182621002197266
0.035608768463134766
0.030701398849487305
0.033236026763916016
0.035684823989868164
0.03066706657409668
0.033103227615356445
0.035747528076171875
0.03074789047241211
0.03263235092163086
0.03580164909362793
0.03069329261779785
0.032766103744506836
0.03566884994506836
0.030848979949951172
0.03235149383544922
0.036875009536743164
0.030284404754638672
0.0339970588684082
0.03626203536987305
0.030698776245117188
0.032059431076049805