0.2339
0.2274
0.2343
0.1586
0.1576
0.1576
0.1578
0.1568
0.1567
0.1610
0.1565
0.2292
0.2271
0.2234
0.2399
0.2277
0.2271
0.2299
0.2319
0.2295
0.2254
0.2306
0.2316
0.2252
0.2293
0.2330
0.2270
0.2231
0.2319
0.2287
0.2258
0.2365
0.2288
0.2299
0.2243
0.2297
0.2291
0.2265
0.2281
0.2316
0.2287
0.2243
0.2283
0.2288
0.2263
0.2305
0.2335
0.2306
0.2278
0.2307
0.2278
0.2235
0.2283
0.2297
0.2275
0.2263
0.2287
0.2299
0.2300
0.2279
0.2297
0.2285
0.2279
0.2282
0.2278
0.2253
0.2267
0.2278
0.2282
0.2231
0.2283
0.2294
0.2276
0.2232
0.2323
0.2298
0.2255
0.2264
0.2287
0.2283
0.2232
0.2295
0.2271
0.1585
0.2305
0.2318
0.2227
0.2312
0.2308
0.2266
0.2280
0.2312
0.2287
0.2225
0.2284
0.2310
0.2276
0.2269
0.2290
0.2298
0.2240
0.2326
0.2301
0.2282
0.2262
0.2275
0.2276
0.2247
0.2297
0.2285
0.2288
0.2230
0.2279
0.2291
0.2270
0.2267
0.2292
0.1575
0.2337
0.2283
0.2261
0.2242
0.1573
0.1576
0.2292
0.2277
0.2227
0.2277
0.2268
0.2257
0.2256
0.2283
0.2408
0.3957
0.2250
0.2283
0.2370
0.2391
0.2291
0.2274
0.2269
0.1626
0.2268
0.2234
0.2292
0.2288
0.2280
0.1678
0.2344
0.2352
0.1590
0.2284
0.2285
0.2280
0.2246
0.2316
0.2349
0.2301
0.2383
0.2331
0.2261
0.2251
0.2299
0.2280
0.2234
0.2349
0.2306
0.1583
0.1577
0.2254
0.2297
0.2289
0.2267
0.2266
0.2285
0.2300
0.2252
0.2305
0.2287
0.2299
0.1617
0.2298
0.2229
0.1578
0.2283
0.2252
0.1579
0.2258
0.2327
0.2323
0.2264
0.2243
0.2287
0.1569
0.2309
0.2324
0.2285
0.2285
0.1576
0.1572
0.2281
0.2284
0.2259
0.2287
0.1572
0.2332
0.1576
0.1591
0.1566
0.1570
0.1567
0.1573
0.1565
0.1568
0.1604
0.1568
0.1568
0.1571
0.1574
0.1571
0.1566
0.1587
0.1568
0.1567
0.1564
0.1572
0.1572
0.1576
0.1607
0.1577
0.1573
0.1573
0.1574
0.1613
0.2323
0.1575
0.1568
0.1587
0.1570
0.1570
0.1579
0.1577
0.1567
0.2327
0.1573
0.1571
0.1618
0.2337
0.2230
0.2281
0.2280
0.1573
0.1575
0.1565
0.2299
0.1570
0.1575
0.1566
0.1574
0.1624
0.1572
0.1580
0.1569
0.1576
0.1569
0.1565
0.1613
0.1573
0.1571
0.1569
0.2325
0.1571
0.1580
0.1568
0.1573
0.1636
0.2290
0.2294
0.1584
0.2247
0.2354
0.2281
0.1572
0.1578
0.1572
0.1572
0.1593
0.1567
0.1582
0.1569
0.1570
0.1566
0.1579
0.1615
0.1567
0.1572
0.1566
0.2337
0.1574
0.1574
0.2234
0.1620
0.2281
0.1598
0.2295
0.2227
0.2314
0.2286
0.2273
0.1575
0.1567
0.1580
0.1574
0.1574
0.1567
0.1570
0.2272
0.2290
0.1567
0.1587
0.1565
0.1568
0.1567
0.2304
0.2268
0.2225
0.1568
0.1571
0.1576
0.1565
0.1568
0.2292
0.2279
0.2277
0.1573
0.2381
0.2237
0.2301
0.2296
0.1569
0.1567
0.1573
0.1573
0.1573
0.1571
0.2314
0.1583
0.1629
0.1569
0.1574
0.2275
0.1612
0.1574
0.1569
0.1569
0.1576
0.1568
0.1566
0.1584
0.1568
0.1575
0.1569
0.1576
0.1570
0.1567
0.1607
0.1569
0.2321
0.1578
0.2327
0.2287
0.1570
0.1573
0.1569
0.1567
0.2275
0.1577
0.1567
0.2283
0.2254
0.1596
0.2280
0.2219
0.1590
0.1567
0.2303
0.2290
0.2228
0.1599
0.2286
0.1583
0.2290
0.1568
0.1567
0.1571
0.1571
0.1593
0.1569
0.1575
0.1570
0.2316
0.1576
0.1581
0.1567
0.1568
0.1614
0.1578
0.2300
0.1566
0.1601
0.1565
0.2301
0.1569
0.2276
0.1576
0.1606
0.1568
0.1588
0.1570
0.2304
0.1570
0.2293
0.1569
0.1584
0.1572
0.1567
0.1567
0.1572
0.1566
0.1566
0.2306
0.2329
0.1578
0.1575
0.1573
0.1570
0.2265
0.1574
0.1569
0.1575
0.2242
0.2291
0.1574
0.1640
0.1562
0.1571
0.2241
0.1593
0.2281
0.1569
0.1573
0.1607
0.2286
0.1609
0.1569
0.1573
0.2306
0.2342
0.1581
0.1640
0.1569
0.1572
0.1568
0.1572
0.2234
0.1582
0.1568
0.1573
0.1566
0.2288
0.1569
0.2302
0.1572
0.1594
0.2307
0.2269
0.1580
0.2565
0.2302
0.1589
0.2296
0.1571
0.2309
0.1570
0.1606
0.1567
0.2288
0.1569
0.2305
0.2312
0.2316
0.1669
0.2352
0.2394
0.1628
0.1635
0.2378
0.1650
0.2339
0.1652
0.2354
0.2417
0.1624
0.1627
0.2330
0.1658
0.2357
0.1644
0.2636
0.1636
0.1651
0.1621
0.1613
0.1610
0.1615
0.1618
0.1611
0.1623
0.1705
0.2350
0.1650
0.1612
0.1656
0.1708
0.1613
0.1622
0.1611
0.1615
0.1628
0.1618
0.1618
0.1647
0.1610
0.1616
0.1611
0.1613
0.1654
0.1613
0.1614
0.1654
0.1612
0.1629
0.1608
0.1610
0.2410
0.2363
0.1621
0.1609
0.1635
0.1619
0.1622
0.1636
0.1607
0.1618
0.1613
0.1611
0.1665
0.1613
0.1618
0.1640
0.1610
0.1614
0.1613
0.2408
0.2323
0.1623
0.1612
0.1625
0.1658
0.1614
0.1622
0.1618
0.1612
0.1630
0.1614
0.2393
0.2345
0.1657
0.2323
0.1640
0.1615
0.1632
0.1678
0.1614
0.1617
0.1612
0.1611
0.1633
0.1619
0.1619
0.1640
0.1614
0.1616
0.1612
0.1613
0.1645
0.1613
0.1618
0.1677
0.1616
0.1620
0.1614
0.1611
0.1642
0.1615
0.1630
0.1752
0.1662
0.1677
0.1665
0.1621
0.1621
0.1673
0.1613
0.1629
0.2372
0.1632
0.1644
0.1612
0.1629
0.1626
0.1632
0.1742
0.1616
0.2390
0.1623
0.1612
0.1696
0.1633
0.1632
0.1669
0.2414
0.1648
0.2351
0.1668
0.1616
0.1650
0.1640
0.1615
0.1635
0.1652
0.1642
0.1624
0.1636
0.1623
0.1645
0.1616
0.1626
0.1673
0.1612
0.1627
0.1624
0.1779
0.1795
0.1821
0.1824
0.1612
0.1620
0.1656
0.1621
0.2435
0.1621
0.1620
0.2323
0.1628
0.1614
0.1611
0.1628
0.1608
0.1626
0.1636
0.1609
0.1617
0.1614
0.1618
0.1675
0.1611
0.1632
0.1639
0.1614
0.1619
0.1616
0.1614
0.1661
0.1617
0.1696
0.1637
0.1612
0.1678
0.1674
0.1612
0.1645
0.1621
0.1617
0.1621
0.1620
0.1630
0.1673
0.1612
0.1625
0.1610
0.1615
0.1621
0.1615
0.1622
0.1651
0.1638
0.1644
0.1633
0.1634
0.1625
0.1635
0.1611
0.1650
0.1617
0.1621
0.1636
0.2379
0.1704
0.1615
0.1658
0.2323
0.1642
0.1612
0.1613
0.1616
0.1613
0.1622
0.1686
0.1613
0.1618
0.1612
0.1615
0.1631
0.1610
0.1627
0.1694
0.1615
0.1621
0.1610
0.1611
0.1616
0.1610
0.1616
0.1677
0.2384
0.1666
0.1620
0.1617
0.1637
0.2369
0.1694
0.1612
0.2426
0.1645
0.1636
0.1639
0.1611
0.1612
0.1613
0.1618
0.1648
0.1612
0.1623
0.1645
0.1609
0.1617
0.1614
0.1613
0.1641
0.1613
0.1617
0.1613
0.1622
0.1619
0.1614
0.1617
0.1647
0.1614
0.1642
0.1618
0.1629
0.1615
0.1615
0.1619
0.1665
0.1619
0.1640
0.1616
0.1611
0.1611
0.1615
0.1619
0.1676
0.1620
0.1640
0.1624
0.1615
0.1615
0.1616
0.1619
0.1663
0.1614
0.1621
0.1619
0.1617
0.1623
0.1615
0.1627
0.1640
0.1620
0.1662
0.2410
0.1627
0.1656
0.1617
0.1618
0.1611
0.1611
0.1647
0.1614
0.1632
0.1627
0.1614
0.1617
0.1611
0.1614
0.2420
0.1624
0.2420
0.1625
0.1621
0.1618
0.1618
0.1643
0.1615
0.1622
0.2328
0.1627
0.1615
0.1618
0.1667
0.1615
0.1636
0.1647
0.1611
0.1644
0.1616
0.1613
0.1634
0.1620
0.1622
0.1668
0.1623
0.1624
0.1615
0.1619
0.1627
0.1613
0.1618
0.1683
0.1610
0.1620
0.1693
0.1614
0.1611
0.2334
0.1628
0.1618
0.1623
0.1651
0.1620
0.1621
0.1674
0.1610
0.1619
0.1623
0.1846
0.1842
0.1910
0.1907
0.1868
0.1767
0.1636
0.1618
0.1613
0.2387
0.1618
0.1616
0.1630
0.1615
0.1641
0.1637
0.2365
0.1690
0.1615
0.1624
0.1627
0.1625
0.1620
0.1620
0.1617
0.1640
0.1613
0.1622
0.1614
0.1655
0.1687
0.1855
0.1746
0.1645
0.1649
0.1607
0.1615
0.1676
0.1605
0.1654
0.1603
0.1604
0.1625
0.2372
0.1628
0.1616
0.1619
0.1659
0.1612
0.2341
0.1590
0.2360
0.2332
0.1611
0.1593
0.1632
0.1598
0.1602
0.1603
0.2366
0.2310
0.1604
0.1594
0.1617
0.2361
0.1620
0.1674
0.1593
0.1649
0.1580
0.1573
0.2451
0.1574
0.1612
0.1567
0.1613
0.2246
0.2367
0.1586
0.1620
0.1568
0.1584
0.1570
0.1582
0.1595
0.1571
0.1573
0.1569
0.1575
0.1567
0.1573
0.1619
0.1574
0.1570
0.1571
0.1579
0.2279
0.1575
0.1567
0.1576
0.1571
0.1568
0.1590
0.1566
0.1566
0.1567
0.1573
0.1569
0.1580
0.1611
0.1568
0.1578
0.1570
0.1576
0.1641
0.1572
0.1568
0.1572
0.1579
0.1568
0.1570
0.2338
0.1577
0.2285
0.1578
0.1573
0.1573
0.2266
0.1571
0.1569
0.1581
0.1578
0.1572
0.1611
0.2287
0.1615
0.1570
0.1567
0.1577
0.1578
0.1573
0.1568
0.2301
0.1570
0.1562
0.2269
0.1565
0.1568
0.1564
0.1566
0.1665
0.1568
0.1570
0.1567
0.1572
0.1579
0.1569
0.1579
0.1584
0.1576
0.1585
0.1615
0.1603
0.1571
0.1571
0.1568
0.1593
0.1611
0.1571
0.1591
0.1572
0.1584
0.1577
0.1573
0.1588
0.1569
0.1575
0.1565
0.1575
0.1568
0.1568
0.1602
0.1568
0.1567
0.1566
0.1581
0.1566
0.1573
0.1588
0.1569
0.1570
0.1579
0.1576
0.1568
0.1573
0.1599
0.1566
0.1570
0.1572
0.1573
0.1593
0.1574
0.1600
0.1569
0.1575
0.1567
0.1570
0.1600
0.1576
0.1572
0.1570
0.1580
0.1570
0.1573
0.1599
0.1566
0.1569
0.2310
0.1588
0.1567
0.2287
0.1568
0.1578
0.1575
0.1575
0.1568
0.2325
0.1576
0.1611
0.1572
0.1574
0.1617
0.1570
0.1575
0.1571
0.1583
0.1605
0.1572
0.1571
0.1577
0.1601
0.1570
0.1569
0.1649
0.1571
0.1581
0.1569
0.1579
0.1630
0.1583
0.1573
0.1574
0.1583
0.1570
0.1575
0.1608
0.1569
0.1581
0.1570
0.1571
0.2328
0.1584
0.1571
0.1567
0.1628
0.1569
0.1570
0.1569
0.1578
0.1569
0.1566
0.1612
0.1570
0.1582
0.1572
0.1577
0.1620
0.1571
0.1573
0.1572
0.1587
0.1566
0.1566
0.1586
0.1579
0.1569
0.1567
0.1578
0.1572
0.1574
0.1615
0.1575
0.1581
0.1571
0.1570
0.1613
0.1569
0.1570
0.1579
0.1573
0.1572
0.1572
0.1583
0.1573
0.1566
0.1567
0.1574
0.1572
0.1571
0.1615
0.1569
0.1568
0.1568
0.1579
0.1575
0.1575
0.1618
0.1572
0.1580
0.1575
0.1590
0.1592
0.1567
0.1570
0.1598
0.1578
0.1569
0.1574
0.1615
0.1583
0.1592
0.1570
0.1577
0.1601
0.1568
0.1584
0.1571
0.1575
0.1570
0.1571
0.1585
0.1568
0.1579
0.1570
0.1576
0.1567
0.1570
0.1590
0.1569
0.1566
0.1568
0.1585
0.1567
0.1566
0.1659
0.1575
0.1579
0.1571
0.1571
0.1615