0.5408
0.3766
0.3746
0.3760
0.3746
0.3760
0.3766
0.3757
0.3761
0.3759
0.3753
0.3753
0.3755
0.3761
0.3738
0.3742
0.3749
0.3748
0.3746
0.3743
0.3754
0.3849
0.3806
0.3799
0.3797
0.3782
0.3800
0.3781
0.3771
0.3758
0.3747
0.3804
0.3786
0.3756
0.3746
0.3749
0.3757
0.3760
0.3752
0.3748
0.3748
0.3754
0.3760
0.3758
0.3742
0.3747
0.3753
0.3751
0.3760
0.3752
0.3767
0.3761
0.3761
0.3766
0.3844
0.3812
0.3775
0.3766
0.3753
0.3757
0.3753
0.3779
0.3765
0.3763
0.3758
0.3789
0.3783
0.3765
0.3752
0.3759
0.3760
0.3755
0.3757
0.3751
0.3751
0.3758
0.3758
0.3759
0.3752
0.3758
0.3754
0.3751
0.3777
0.3767
0.3754
0.3759
0.3761
0.3755
0.3759
0.3756
0.3747
0.3766
0.3748
0.3765
0.3757
0.3757
0.3754
0.3753
0.3772
0.3747
0.3751
0.3755
0.3756
0.3753
0.3754
0.3743
0.3745
0.3776
0.3746
0.3770
0.3753
0.3754
0.3755
0.3743
0.3766
0.3763
0.3756
0.3746
0.3758
0.3748
0.3747
0.3743
0.3756
0.3762
0.3749
0.3744
0.3751
0.3754
0.3747
0.3739
0.3086
0.3756
0.3740
0.3755
0.3748
0.3087
0.3768
0.3758
0.3084
0.3748
0.3756
0.3747
0.3752
0.3746
0.3086
0.3771
0.3083
0.3085
0.3084
0.3766
0.3778
0.3088
0.3761
0.3747
0.3754
0.3753
0.3085
0.3755
0.3088
0.3763
0.3780
0.3755
0.5046
0.3790
0.3775
0.3774
0.3769
0.3769
0.3759
0.3763
0.3769
0.3769
0.3747
0.3083
0.3087
0.3768
0.3760
0.3084
0.3746
0.3760
0.3771
0.3774
0.3760
0.3763
0.3084
0.3081
0.3763
0.3760
0.3759
0.3083
0.3751
0.3085
0.3760
0.3088
0.3083
0.3082
0.3754
0.3765
0.3096
0.3087
0.3772
0.3748
0.3755
0.3796
0.3782
0.3777
0.3092
0.3766
0.3756
0.3762
0.3747
0.3758
0.3757
0.3781
0.3086
0.3082
0.3752
0.3091
0.3751
0.3097
0.3766
0.3764
0.3761
0.3755
0.3088
0.3748
0.3746
0.3757
0.3754
0.3760
0.3089
0.3768
0.3757
0.3086
0.3757
0.3752
0.3087
0.3083
0.3754
0.3086
0.3752
0.3740
0.3758
0.3085
0.3750
0.3084
0.3082
0.3081
0.3086
0.3086
0.3084
0.3776
0.3756
0.3085
0.3758
0.3084
0.3081
0.3083
0.3760
0.3086
0.3083
0.3083
0.3081
0.3763
0.3761
0.3087
0.3085
0.3084
0.3771
0.3093
0.3086
0.3759
0.3086
0.3081
0.3756
0.3089
0.3759
0.3083
0.3088
0.3087
0.3083
0.3081
0.3085
0.3084
0.3081
0.3082
0.3766
0.3083
0.3758
0.3756
0.3084
0.3088
0.3747
0.3084
0.3773
0.3743
0.3761
0.3087
0.3082
0.3764
0.3088
0.3086
0.3082
0.3084
0.3084
0.3082
0.3085
0.3084
0.3082
0.3089
0.3763
0.3087
0.3086
0.3086
0.3753
0.3088
0.3083
0.3083
0.3085
0.3084
0.3081
0.3771
0.3086
0.3083
0.3782
0.3097
0.3087
0.3082
0.3083
0.3083
0.3083
0.3083
0.3084
0.3757
0.3771
0.3756
0.3747
0.3088
0.3760
0.3761
0.3092
0.3086
0.3082
0.3087
0.3083
0.3083
0.3086
0.3105
0.3798
0.3116
0.3111
0.3106
0.3095
0.3085
0.3779
0.3772
0.3112
0.3788
0.3113
0.3779
0.3090
0.3089
0.3788
0.3090
0.3084
0.3761
0.3742
0.3760
0.3760
0.3774
0.3097
0.3085
0.3760
0.3088
0.3085
0.3763
0.3085
0.3082
0.3084
0.3082
0.3084
0.3753
0.3774
0.3085
0.3755
0.3751
0.3085
0.3085
0.3084
0.3747
0.3086
0.3085
0.3083
0.3083
0.3086
0.3082
0.3082
0.3083
0.3759
0.3879
0.3100
0.3764
0.3086
0.3083
0.3084
0.3081
0.3080
0.3083
0.3081
0.3768
0.3773
0.3756
0.3088
0.5317
0.3091
0.3761
0.3761
0.3760
0.3083
0.3759
0.3085
0.3081
0.3081
0.3083
0.3080
0.3081
0.3765
0.3760
0.3082
0.3085
0.3084
0.3080
0.3770
0.3081
0.3081
0.3083
0.3082
0.3080
0.3080
0.3089
0.3079
0.3080
0.3079
0.3084
0.3080
0.3080
0.3079
0.3080
0.3080
0.3081
0.3078
0.3083
0.3080
0.3083
0.3082
0.3764
0.3084
0.3077
0.3756
0.3081
0.3081
0.3762
0.3088
0.3082
0.3760
0.3082
0.3081
0.3749
0.3746
0.3758
0.3085
0.3079
0.3082
0.3084
0.3079
0.3768
0.3761
0.3083
0.3083
0.3082
0.3766
0.3749
0.3758
0.3747
0.3757
0.3086
0.3753
0.3083
0.3758
0.3083
0.3088
0.3087
0.3082
0.3084
0.3084
0.3083
0.3082
0.3083
0.3778
0.3082
0.3088
0.3083
0.3080
0.3085
0.3082
0.3086
0.3082
0.3081
0.3081
0.3084
0.3081
0.3081
0.3083
0.3084
0.3080
0.3081
0.3085
0.3792
0.3082
0.3083
0.3761
0.3089
0.3090
0.3087
0.3087
0.3083
0.3081
0.3777
0.3761
0.3764
0.3760
0.3084
0.3080
0.3080
0.3085
0.3086
0.3083
0.3082
0.3081
0.3774
0.3084
0.3083
0.3081
0.3082
0.3084
0.3081
0.3082
0.3088
0.3085
0.3082
0.3082
0.3084
0.3080
0.3084
0.3084
0.3082
0.3080
0.3083
0.3080
0.3081
0.3080
0.3082
0.3773
0.3761
0.3754
0.3084
0.3082
0.3764
0.3083
0.3085
0.3080
0.3081
0.3080
0.3081
0.3086
0.3086
0.3082
0.3081
0.3086
0.3081
0.3779
0.3758
0.3083
0.3080
0.3091
0.3091
0.3083
0.3080
0.3081
0.3081
0.3081
0.3081
0.3082
0.3082
0.3080
0.3081
0.3081
0.3086
0.3080
0.3080
0.3081
0.3086
0.3080
0.3079
0.3079
0.3081
0.3081
0.3084
0.3084
0.3083
0.3080
0.3080
0.3081
0.3080
0.3086
0.3083
0.3773
0.3091
0.3761
0.3085
0.3763
0.3084
0.3079
0.3083
0.3081
0.3080
0.3082
0.3083
0.3081
0.3771
0.3084
0.3082
0.3085
0.3084
0.3083
0.3083
0.3082
0.3082
0.3082
0.3080
0.3082
0.3081
0.3083
0.3086
0.3092
0.3088
0.3085
0.3086
0.3086
0.3093
0.3085
0.3088
0.3087
0.3083
0.3082
0.3085
0.3083
0.3084
0.3085
0.3088
0.3083
0.3082
0.3771
0.3085
0.3087
0.3088
0.3083
0.3082
0.3083
0.3081
0.3082
0.3084
0.3083
0.3081
0.3082
0.3769
0.3085
0.3086
0.3083
0.3082
0.3086
0.3092
0.3087
0.3083
0.3082
0.3767
0.3083
0.3082
0.3751
0.3081
0.3083
0.3754
0.3081
0.3083
0.3082
0.3083
0.3085
0.3082
0.3769
0.3084
0.3084
0.3751
0.3087
0.3085
0.3085
0.3080
0.3083
0.3082
0.3084
0.3086
0.3080
0.3082
0.3084
0.3081
0.3080
0.3084
0.3081
0.3084
0.3082
0.3081
0.3081
0.3080
0.3082
0.3081
0.3083
0.3082
0.3080
0.3081
0.3103
0.3090
0.3082
0.3085
0.3082
0.3083
0.3082
0.3083
0.3083
0.3082
0.3083
0.3083
0.3080
0.3089
0.3083
0.3088
0.3084
0.3082
0.3080
0.3084
0.3082
0.3080
0.3083
0.3088
0.3080
0.3080
0.3767
0.3765
0.3081
0.3084
0.3760
0.3782
0.3093
0.3085
0.3083
0.3086
0.3082
0.3082
0.3085
0.3781
0.3083
0.3082
0.3761
0.3083
0.3085
0.3084
0.3089
0.3102
0.3091
0.3086
0.3083
0.3086
0.3083
0.3083
0.3085
0.3083
0.3080
0.3083
0.3084
0.3786
0.3091
0.3084
0.3083
0.3085
0.5387
0.3103
0.3087
0.3754
0.3085
0.3086
0.3085
0.3084
0.3083
0.3083
0.3768
0.3085
0.3081
0.3085
0.3084
0.3086
0.3080
0.3083
0.3084
0.3083
0.3081
0.3085
0.3080
0.3080
0.3080
0.3080
0.3086
0.3085
0.3082
0.3081
0.3081
0.3083
0.3082
0.3081
0.3081
0.3081
0.3079
0.3080
0.3085
0.3083
0.3083
0.3081
0.3081
0.3081
0.3086
0.3092
0.3087
0.3095
0.3088
0.3082
0.3083
0.3083
0.3082
0.3081
0.3081
0.3082
0.3081
0.3081
0.3086
0.3088
0.3084
0.3080
0.3085
0.3082
0.3085
0.3084
0.3082
0.3081
0.3080
0.3080
0.3083
0.3083
0.3081
0.3084
0.3081
0.3082
0.3082
0.3082
0.3085
0.3087
0.3087
0.3084
0.3079
0.3081
0.3080
0.3079
0.3762
0.3081
0.3080
0.3083
0.3087
0.3082
0.3083
0.3765
0.3083
0.3085
0.3799
0.3085
0.3084
0.3082
0.3079
0.3081
0.3082
0.3084
0.3084
0.3083
0.3081
0.3083
0.3083
0.3087
0.3081
0.3086
0.3083
0.3088
0.3084
0.3084
0.3080
0.3087
0.3083
0.3083
0.3081
0.3083
0.3088
0.3080
0.3079
0.3082
0.3081
0.3082
0.3084
0.3086
0.3084
0.3084
0.3079
0.3082
0.3081
0.3083
0.3081
0.3083
0.3081
0.3081
0.3081
0.3082
0.3085
0.3113
0.3098
0.3085
0.3082
0.3087
0.3081
0.3082
0.3084
0.3082
0.3083
0.3083
0.3081
0.3084
0.3085
0.3084
0.3084
0.3085
0.3085
0.3083
0.3082
0.3085
0.3083
0.3083
0.3081
0.3086
0.3081
0.3089
0.3084
0.3080
0.3080
0.3082
0.3079
0.3116
0.3106
0.3089
0.3085
0.3085
0.3090
0.3095
0.3086
0.3085
0.3084
0.3082
0.3082
0.3082
0.3084
0.3088
0.3082
0.3083
0.3083
0.3085
0.3083
0.3083