0.3492
0.2805
0.2795
0.2799
0.2784
0.2796
0.2790
0.2793
0.3609
0.3484
0.3468
0.3476
0.3474
0.3483
0.3468
0.3472
0.3474
0.3471
0.3461
0.3480
0.3464
0.3461
0.3454
0.3455
0.3477
0.3466
0.3476
0.3476
0.3467
0.3474
0.3467
0.3472
0.3482
0.3473
0.3465
0.3461
0.3460
0.3484
0.3481
0.3477
0.3480
0.3479
0.3472
0.3477
0.3476
0.3472
0.3477
0.3472
0.3448
0.3454
0.3459
0.3465
0.3476
0.3470
0.3465
0.3472
0.3469
0.3466
0.3464
0.3466
0.3472
0.3472
0.3470
0.3478
0.3470
0.3467
0.3478
0.3472
0.3467
0.3478
0.3469
0.3465
0.3462
0.3471
0.3466
0.3471
0.3466
0.3462
0.3467
0.3477
0.3460
0.3470
0.3474
0.3466
0.3466
0.3465
0.3470
0.3467
0.3465
0.3474
0.3465
0.3467
0.3470
0.3471
0.3465
0.3480
0.3474
0.3473
0.3474
0.3479
0.3462
0.3490
0.3485
0.3472
0.3473
0.3474
0.3465
0.3471
0.3483
0.3487
0.3473
0.3472
0.3473
0.3469
0.3470
0.3476
0.3465
0.3464
0.3469
0.3472
0.3467
0.3463
0.3478
0.3488
0.3487
0.3476
0.3457
0.3474
0.3463
0.3475
0.3476
0.3470
0.3476
0.5011
0.3474
0.3473
0.3466
0.3471
0.3480
0.3477
0.3472
0.3465
0.3467
0.3473
0.3473
0.3466
0.3467
0.3461
0.2793
0.3470
0.2791
0.3468
0.3454
0.3466
0.3460
0.3469
0.2794
0.2790
0.3478
0.3479
0.2792
0.3473
0.2807
0.3479
0.3465
0.3473
0.3474
0.3466
0.3471
0.3456
0.3462
0.3466
0.3462
0.2788
0.3480
0.3470
0.3497
0.3471
0.3478
0.3474
0.3475
0.3466
0.3501
0.3484
0.3457
0.3483
0.3466
0.3467
0.3473
0.3535
0.3487
0.3484
0.3483
0.3470
0.3472
0.3468
0.3462
0.3479
0.3465
0.3462
0.3463
0.3478
0.3467
0.3477
0.2791
0.3472
0.3476
0.3464
0.2794
0.2802
0.3485
0.3470
0.3480
0.3467
0.3467
0.3478
0.3468
0.2787
0.3475
0.2795
0.3469
0.3473
0.2797
0.3462
0.3468
0.3466
0.3460
0.3481
0.3477
0.3469
0.2802
0.3466
0.3464
0.2799
0.3495
0.3466
0.3457
0.3465
0.2790
0.2796
0.3489
0.2792
0.2797
0.3484
0.3465
0.2800
0.2794
0.2792
0.3462
0.3458
0.3470
0.3474
0.3467
0.2793
0.3475
0.3459
0.2786
0.2790
0.3458
0.3476
0.2795
0.3476
0.2794
0.2793
0.3468
0.2796
0.3456
0.2794
0.3465
0.2791
0.3458
0.3468
0.3462
0.2794
0.2801
0.2795
0.2790
0.2795
0.3485
0.3456
0.2795
0.3484
0.3472
0.3480
0.3456
0.2792
0.3460
0.2792
0.2786
0.2794
0.2798
0.3486
0.3454
0.2790
0.2788
0.2793
0.2794
0.2798
0.2793
0.3474
0.2792
0.3466
0.2794
0.2797
0.2791
0.4203
0.2797
0.2792
0.2781
0.2785
0.2793
0.3492
0.2787
0.2791
0.2787
0.3462
0.3457
0.3485
0.3467
0.2798
0.3459
0.2787
0.2787
0.3479
0.2794
0.3476
0.2794
0.3464
0.3456
0.2786
0.2788
0.2786
0.2791
0.2791
0.3474
0.2787
0.3459
0.3449
0.3458
0.3461
0.2789
0.3460
0.2796
0.2794
0.2791
0.3486
0.3458
0.2788
0.2796
0.2794
0.2788
0.2795
0.2790
0.2782
0.2785
0.3488
0.3467
0.2787
0.2792
0.2806
0.2794
0.2787
0.2786
0.2787
0.2785
0.2789
0.2791
0.2790
0.2785
0.2791
0.2791
0.2783
0.2789
0.2813
0.2790
0.2786
0.2789
0.2797
0.2791
0.2787
0.2792
0.2790
0.2791
0.2793
0.3491
0.2794
0.2792
0.2791
0.2786
0.2786
0.3463
0.3469
0.3456
0.2786
0.3461
0.2792
0.2787
0.3460
0.2793
0.3459
0.3465
0.2790
0.2784
0.3462
0.2784
0.2788
0.2791
0.3485
0.2780
0.3456
0.2792
0.3476
0.3444
0.2792
0.2789
0.2787
0.3480
0.2794
0.3455
0.2785
0.2804
0.2788
0.2785
0.2790
0.2783
0.3478
0.3471
0.2790
0.3466
0.3500
0.3461
0.2785
0.2788
0.3473
0.2788
0.2787
0.3465
0.3471
0.2786
0.2787
0.2784
0.3470
0.3459
0.3454
0.3447
0.2788
0.2786
0.3462
0.3454
0.2786
0.2786
0.3465
0.2796
0.2794
0.2789
0.2790
0.2786
0.2783
0.3473
0.2801
0.3465
0.2787
0.3461
0.2788
0.2789
0.2789
0.2786
0.2787
0.2787
0.2788
0.2790
0.2790
0.2789
0.2795
0.3485
0.2786
0.2789
0.2793
0.2786
0.2784
0.3489
0.2794
0.2792
0.2793
0.2788
0.2791
0.2797
0.2799
0.2790
0.2783
0.2791
0.2792
0.2797
0.2789
0.2796
0.3479
0.2787
0.2796
0.2794
0.2792
0.3485
0.3479
0.2792
0.2791
0.2799
0.2793
0.2793
0.2796
0.2802
0.2795
0.2794
0.2800
0.2792
0.2794
0.2796
0.3500
0.2796
0.2794
0.3490
0.3472
0.2789
0.2792
0.2792
0.2793
0.2797
0.2792
0.3491
0.2797
0.2798
0.2794
0.2793
0.2797
0.2793
0.2793
0.2793
0.2805
0.2790
0.2791
0.2794
0.2796
0.2795
0.2791
0.3494
0.3469
0.2794
0.2796
0.2794
0.2791
0.2787
0.2792
0.2794
0.2799
0.2794
0.2795
0.2790
0.2790
0.2793
0.2793
0.2793
0.3493
0.2794
0.2791
0.2790
0.2792
0.2788
0.3481
0.2800
0.2798
0.2791
0.2793
0.2794
0.2789
0.2793
0.2798
0.2798
0.2794
0.2823
0.2809
0.3479
0.2801
0.2798
0.2793
0.2791
0.3483
0.2794
0.2793
0.2795
0.3483
0.3480
0.3464
0.2802
0.3484
0.2807
0.3492
0.2799
0.2792
0.3474
0.2798
0.2791
0.2794
0.2799
0.2801
0.4444
0.2799
0.2788
0.2789
0.3504
0.3473
0.3474
0.3490
0.3478
0.2792
0.2803
0.2795
0.2784
0.2785
0.2791
0.3497
0.2793
0.2796
0.2789
0.3484
0.2788
0.3491
0.2790
0.2791
0.2791
0.2785
0.2785
0.2789
0.2795
0.2788
0.2787
0.3472
0.3483
0.3469
0.2791
0.2790
0.3457
0.2791
0.2785
0.3459
0.2789
0.2791
0.2781
0.2786
0.2798
0.2789
0.3466
0.2793
0.2790
0.2791
0.2788
0.2791
0.2788
0.2787
0.2786
0.2787
0.2780
0.2795
0.2792
0.2787
0.2783
0.2792
0.2793
0.2782
0.2782
0.2791
0.2790
0.2787
0.2785
0.2793
0.2785
0.2783
0.2786
0.2792
0.2793
0.2787
0.2791
0.2787
0.2785
0.2789
0.2790
0.2785
0.2785
0.2790
0.2785
0.2792
0.2792
0.2787
0.2788
0.2785
0.2786
0.2792
0.2788
0.2786
0.2800
0.2796
0.2788
0.2787
0.2795
0.2792
0.2783
0.2790
0.2792
0.2790
0.2789
0.2786
0.2783
0.2788
0.2795
0.2793
0.2787
0.3515
0.2801
0.2790
0.2786
0.2786
0.2785
0.2791
0.2783
0.2791
0.2784
0.2788
0.2786
0.2790
0.2788
0.2786
0.2789
0.2784
0.2786
0.2786
0.2790
0.2788
0.2792
0.2790
0.2785
0.2788
0.2789
0.3492
0.2789
0.3460
0.3464
0.2785
0.2782
0.2788
0.2790
0.2795
0.2792
0.3495
0.2790
0.3470
0.3462
0.2791
0.2785
0.2791
0.2786
0.3471
0.2791
0.2789
0.3477
0.2790
0.2795
0.2796
0.2787
0.2784
0.3477
0.2790
0.3466
0.2797
0.3470
0.2791
0.2792
0.2793
0.2795
0.2792
0.2800
0.2792
0.2787
0.2798
0.2791
0.2795
0.2805
0.2803
0.2792
0.2790
0.2790
0.2792
0.2798
0.2796
0.2796
0.2796
0.2802
0.2800
0.2795
0.2794
0.2795
0.3509
0.2794
0.3472
0.2799
0.3513
0.2807
0.2797
0.2799
0.3483
0.2787
0.2795
0.2787
0.2790
0.2793
0.2791
0.2788
0.2787
0.2789
0.2790
0.2795
0.2798
0.2802
0.2793
0.2787
0.2799
0.2795
0.2790
0.2798
0.2798
0.2792
0.2793
0.2796
0.2796
0.3499
0.2796
0.2790
0.2787
0.2788
0.3477
0.3468
0.2791
0.2793
0.2785
0.2789
0.3469
0.2795
0.2788
0.2791
0.2792
0.3474
0.2785
0.2785
0.2791
0.2789
0.2806
0.2795
0.2791
0.2786
0.2785
0.3511
0.3516
0.2795
0.2797
0.2793
0.2790
0.3492
0.3471
0.2790
0.2792
0.2793
0.2790
0.2788
0.2792
0.2792
0.2788
0.2792
0.2794
0.2788
0.2789
0.2791
0.2786
0.2781
0.3483
0.2796
0.2787
0.2785
0.2789
0.2790
0.2788
0.2789
0.2793
0.2787
0.3478
0.3472
0.2791
0.2786
0.2794
0.3488
0.2792
0.2789
0.2790
0.3470
0.2785
0.2795
0.3473
0.2787
0.3458
0.2788
0.2793
0.2795
0.2803
0.2791
0.2792
0.2793
0.3502
0.2792
0.2791
0.2793
0.2784
0.2786
0.2791
0.2786
0.2789
0.2787
0.3477
0.2793
0.2785
0.2792
0.2788
0.3474
0.2792
0.2794
0.2797
0.2792
0.2794
0.2792
0.2788
0.2792
0.2797
0.2791
0.3468
0.2789
0.2787
0.2788
0.2787
0.2795
0.2788
0.2792
0.2789
0.2785
0.2786
0.3460
0.2793
0.4392
0.2789
0.2788
0.2782
0.2790
0.3477
0.3454
0.2781
0.2781
0.2782
0.2782
0.2783
0.2783
0.2783
0.2779
0.2787
0.2781
0.2777
0.2779
0.3469
0.2784
0.2784
0.2783
0.2784
0.2784
0.2779
0.2787
0.2796
0.2791
0.2781
0.3466
0.2784
0.2786
0.2782
0.2777
0.3459
0.3461
0.2784
0.2788
0.3484
0.2796
0.2791
0.2790
0.2790
0.2785
0.2788
0.2787
0.2789
0.2788
0.2783