0.055389404296875
0.048487186431884766
0.054788827896118164
0.04835033416748047
0.05496525764465332
0.0484623908996582
0.05493807792663574
0.048609256744384766
0.05467057228088379
0.049180030822753906
0.05360674858093262
0.05009102821350098
0.05299186706542969
0.05133461952209473
0.05154252052307129
0.05143547058105469
0.14760851860046387
0.05202221870422363
0.05141901969909668
0.05261659622192383
0.05045342445373535
0.053479671478271484
0.04958176612854004
0.05478954315185547
0.04950904846191406
0.05464482307434082
0.047890424728393555
0.05470132827758789
0.04768943786621094
0.055846214294433594
0.04837679862976074
0.05490922927856445
0.048029184341430664
0.05496978759765625
0.04864358901977539
0.055251359939575195
0.047742605209350586
0.05424380302429199
0.047481536865234375
0.05462145805358887
0.04837512969970703
0.055155038833618164
0.049784183502197266
0.14441704750061035
0.04765033721923828
0.05442404747009277
0.04751729965209961
0.05463099479675293
0.04882168769836426
0.05420851707458496
0.04975247383117676
0.0532526969909668
0.05041050910949707
0.05225348472595215
0.051720380783081055
0.05163311958312988
0.05311393737792969
0.051517486572265625
0.05469918251037598
0.049042701721191406
0.05476546287536621
0.047852277755737305
0.05541086196899414
0.04823756217956543
0.056507110595703125
0.04773306846618652
0.055606842041015625
0.047513723373413086
0.05547046661376953
0.04800891876220703
0.14336943626403809
0.04989790916442871
0.05738115310668945
0.04780983924865723
0.05535411834716797
0.04723858833312988
0.055403947830200195
0.04848456382751465
0.05535078048706055
0.04750323295593262
0.05494880676269531
0.04796409606933594
0.05475759506225586
0.050559043884277344
0.053619384765625
0.05118846893310547
0.0523226261138916
0.05260443687438965
0.05088376998901367
0.053621768951416016
0.04939913749694824
0.05411124229431152
0.04847836494445801
0.055065155029296875
0.04886674880981445
0.1423945426940918
0.05060863494873047
0.055292367935180664
0.049483537673950195
0.05656027793884277
0.04808545112609863
0.05407977104187012
0.0483705997467041
0.054920196533203125
0.04848766326904297
0.05442667007446289
0.04844498634338379
0.05449366569519043
0.047922611236572266
0.054282426834106445
0.04779481887817383
0.05481839179992676
0.04778885841369629
0.05564475059509277
0.04939770698547363
0.05611062049865723
0.050327301025390625
0.05333375930786133
0.05124926567077637
0.052269697189331055
0.052054643630981445
0.15968847274780273
0.055190086364746094
0.048363685607910156
0.05562925338745117
0.048296451568603516
0.05566978454589844
0.04928994178771973
0.05579543113708496
0.047528743743896484
0.0564420223236084
0.04833340644836426
0.056618690490722656
0.04863166809082031
0.05588579177856445
0.050101518630981445
0.05447506904602051
0.05222773551940918
0.05271625518798828
0.054174184799194336
0.05040121078491211
0.05521273612976074
0.048712730407714844
0.05545401573181152
0.049022674560546875
0.05635666847229004
0.04783439636230469
0.05658078193664551
0.1377265453338623
0.055484771728515625
0.04824352264404297
0.05615639686584473
0.05203390121459961
0.05574798583984375
0.04791426658630371
0.055573225021362305
0.04832601547241211
0.05568695068359375
0.048914194107055664
0.054936885833740234
0.050249338150024414
0.05373406410217285
0.05157947540283203
0.05207252502441406
0.05237317085266113
0.05101513862609863
0.05373191833496094
0.04974532127380371
0.054506778717041016
0.04879403114318848
0.05530047416687012
0.048261165618896484
0.055466651916503906
0.04838085174560547
0.05571413040161133
0.14485478401184082
0.0559391975402832
0.048090457916259766
0.055513620376586914
0.04798626899719238
0.05585360527038574
0.04783797264099121
0.05593991279602051
0.04784989356994629
0.055516958236694336
0.049011945724487305
0.054808855056762695
0.04981875419616699
0.05374741554260254
0.05142664909362793
0.05221676826477051
0.05217409133911133
0.05109810829162598
0.05373811721801758
0.04972958564758301
0.05430436134338379
0.04901003837585449
0.0555729866027832
0.04821491241455078
0.055475711822509766
0.15795516967773438
0.05707287788391113
0.048316240310668945
0.055725812911987305
0.05049395561218262