0.020946264266967773
0.020058155059814453
0.019992828369140625
0.02880692481994629
0.0253143310546875
0.020102262496948242
0.020030498504638672
0.0237576961517334
0.030708789825439453
0.020186901092529297
0.020033597946166992
0.020157814025878906
0.033429861068725586
0.020502567291259766
0.01982593536376953
0.01989889144897461
0.03118133544921875
0.023081541061401367
0.13516569137573242
0.02204608917236328
0.031945228576660156
0.020340681076049805
0.02002573013305664
0.020109891891479492
0.033173561096191406
0.02065730094909668
0.020023584365844727
0.01999688148498535
0.02337789535522461
0.024660348892211914
0.019935131072998047
0.019833087921142578
0.02001023292541504
0.026535511016845703
0.0214383602142334
0.020138025283813477
0.020115375518798828
0.021657943725585938
0.0260312557220459
0.020097017288208008
0.020278453826904297
0.020101070404052734
0.02433633804321289
0.02232074737548828
0.019823551177978516
0.01983022689819336
0.01973700523376465
0.025836706161499023
0.02094745635986328
0.01983928680419922
0.019749164581298828
0.022047758102416992
0.025075197219848633
0.01994490623474121
0.019889116287231445
0.019885540008544922
0.02456808090209961
0.02270984649658203
0.019833087921142578
0.019771814346313477
0.01992511749267578
0.026691436767578125
0.020735740661621094
0.01991868019104004
0.019763469696044922
0.02306509017944336
0.025060653686523438
0.020375490188598633
0.019877910614013672
0.019948244094848633
0.02479267120361328
0.021955013275146484
0.01990675926208496
0.019777536392211914
0.0203094482421875
0.02763843536376953
0.02011728286743164
0.01981639862060547
0.01977992057800293
0.022687435150146484
0.023714065551757812
0.019899845123291016
0.01984381675720215
0.019837617874145508
0.024491071701049805
0.02189350128173828
0.019809246063232422
0.019829511642456055
0.020154714584350586
0.02651834487915039
0.02017998695373535
0.020339012145996094
0.02012038230895996
0.0246124267578125
0.108978271484375
0.02180647850036621
0.020246028900146484
0.019867420196533203
0.022171735763549805
0.025384902954101562
0.020751237869262695
0.020305871963500977
0.020012617111206055
0.025301218032836914
0.022980690002441406
0.019767284393310547
0.019777774810791016
0.020008087158203125
0.02601337432861328
0.020347118377685547
0.019886493682861328
0.019762754440307617
0.02196955680847168
0.024670124053955078
0.019822120666503906
0.019902944564819336
0.0198209285736084
0.023936748504638672
0.02270817756652832
0.019823074340820312
0.019815683364868164
0.019847631454467773
0.02579355239868164
0.021164417266845703
0.020708084106445312
0.019800662994384766
0.021857500076293945
0.024715423583984375
0.01977396011352539
0.019780397415161133
0.019784212112426758
0.0237882137298584
0.02534770965576172
0.020630359649658203
0.02023482322692871
0.021058082580566406
0.0266873836517334
0.02086329460144043
0.020281314849853516
0.02002573013305664
0.030815839767456055
0.023115158081054688
0.020024538040161133
0.020025968551635742
0.025217771530151367
0.029028654098510742
0.02005171775817871
0.02003002166748047
0.020064830780029297
0.12170982360839844
0.02353978157043457
0.02017807960510254
0.020004749298095703
0.025171279907226562
0.0294039249420166
0.02012181282043457
0.020169973373413086
0.02045583724975586
0.03392529487609863
0.020046472549438477
0.01996898651123047
0.0199892520904541
0.033338308334350586
0.0205233097076416
0.020064592361450195
0.02003169059753418
0.028136730194091797
0.02547907829284668
0.019867897033691406
0.02013850212097168
0.022308349609375
0.03103494644165039
0.019869089126586914
0.020123958587646484
0.020018815994262695
0.033034324645996094
0.020097970962524414
0.019833087921142578
0.019817352294921875
0.02775859832763672
0.025939464569091797
0.020056962966918945
0.01998281478881836
0.022663116455078125
0.031065702438354492
0.020111799240112305
0.020030736923217773
0.019858121871948242
0.024295806884765625
0.022052526473999023
0.01979517936706543
0.02042245864868164
0.02070021629333496
0.02585577964782715
0.02043008804321289
0.01987767219543457
0.020200729370117188
0.02274608612060547
0.023958444595336914
0.019902467727661133
0.020255565643310547
0.019808530807495117
0.02527308464050293
0.021463871002197266
0.019805192947387695
0.020450830459594727
0.021325111389160156
0.02535080909729004
0.020401477813720703
0.020971298217773438
0.02041339874267578
0.023087501525878906
0.02271270751953125
0.019844770431518555
0.01975846290588379
0.019789457321166992
0.024410247802734375
0.02151656150817871
0.01975393295288086
0.019845962524414062
0.020488739013671875
0.025348663330078125
0.020137786865234375
0.01974964141845703
0.019768238067626953
0.022032737731933594
0.024058103561401367
0.019715547561645508
0.019801855087280273
0.01984715461730957
0.023551464080810547
0.022324085235595703
0.019791603088378906
0.019777536392211914
0.019923686981201172
0.024964570999145508
0.020817041397094727
0.020085811614990234
0.019899368286132812
0.021436691284179688
0.025110721588134766
0.020034074783325195
0.020377635955810547
0.019803762435913086
0.10427474975585938
0.028952598571777344
0.021167755126953125
0.021677732467651367
0.019850730895996094
0.021938562393188477
0.024341821670532227
0.020039796829223633
0.01979994773864746
0.01976919174194336
0.0236666202545166
0.022792339324951172
0.019816160202026367
0.019786357879638672