0.03136086463928223
0.029264211654663086
0.029131650924682617
0.03136253356933594
0.030029296875
0.030386686325073242
0.03368520736694336
0.031801700592041016
0.03088212013244629
0.03157949447631836
0.03316950798034668
0.030534744262695312
0.03015756607055664
0.03171658515930176
0.029344558715820312
0.029244661331176758
0.030300378799438477
0.02931952476501465
0.02962946891784668
0.12476897239685059
0.03110647201538086
0.029854536056518555
0.029469013214111328
0.03175163269042969
0.0292050838470459
0.029206275939941406
0.030589818954467773
0.03010845184326172
0.029172897338867188
0.029790163040161133
0.029500246047973633
0.0291292667388916
0.0292208194732666
0.03254508972167969
0.029656410217285156
0.029186725616455078
0.02910923957824707
0.029980897903442383
0.02995586395263672
0.02971625328063965
0.03026413917541504
0.029218435287475586
0.029965877532958984
0.032788991928100586
0.02958202362060547
0.02909994125366211
0.0305936336517334
0.02951669692993164
0.029450178146362305
0.02983236312866211
0.030297517776489258
0.029094457626342773
0.029083967208862305
0.030628204345703125
0.029840946197509766
0.029651641845703125
0.03058457374572754
0.030153274536132812
0.029161930084228516
0.029485702514648438
0.1111762523651123
0.030052900314331055
0.02912449836730957
0.029463529586791992
0.03292512893676758
0.029843807220458984
0.02922344207763672
0.0314638614654541
0.030297040939331055
0.029248476028442383
0.03055119514465332
0.030400514602661133
0.029320478439331055
0.029537200927734375
0.0306699275970459
0.029201269149780273
0.029346227645874023
0.03226161003112793
0.02928471565246582
0.029401063919067383
0.03055548667907715
0.029623746871948242
0.029103994369506836
0.029623746871948242
0.0294950008392334
0.0293121337890625
0.02916550636291504
0.029729366302490234
0.029659509658813477
0.029151201248168945
0.02989029884338379
0.029635906219482422
0.02915024757385254
0.029242992401123047
0.03030991554260254
0.02918076515197754
0.02905583381652832
0.031035184860229492
0.02957892417907715
0.029485464096069336
0.029537200927734375
0.030095577239990234
0.12378406524658203
0.029328107833862305
0.030971527099609375
0.0317533016204834
0.029482364654541016
0.030175209045410156
0.030424833297729492
0.029566526412963867
0.0299685001373291
0.03157162666320801
0.02931356430053711
0.029129505157470703
0.02991318702697754
0.02934551239013672
0.029310941696166992
0.030290603637695312
0.030620574951171875
0.029288291931152344
0.03125810623168945
0.03007984161376953
0.029109716415405273
0.029227018356323242
0.030097484588623047
0.029375076293945312
0.029143333435058594
0.030209064483642578
0.03112173080444336
0.029303789138793945
0.02917957305908203
0.030471324920654297
0.029358863830566406
0.029143333435058594
0.030439138412475586
0.030156850814819336
0.029108762741088867
0.02983999252319336
0.029978513717651367
0.02931523323059082
0.029082536697387695
0.02973031997680664
0.029091358184814453
0.11410760879516602
0.0296170711517334
0.030989408493041992
0.02962327003479004
0.029621601104736328
0.029988765716552734