0.01099395751953125
0.010760784149169922
0.010710716247558594
0.010929107666015625
0.010746240615844727
0.010700225830078125
0.01068258285522461
0.010693073272705078
0.010705232620239258
0.010670185089111328
0.010769128799438477
0.01070261001586914
0.010684013366699219
0.010776758193969727
0.010717630386352539
0.010660409927368164
0.010709762573242188
0.010788679122924805
0.010682106018066406
0.010694026947021484
0.010751008987426758
0.010704994201660156
0.010685443878173828
0.010779142379760742
0.010646820068359375
0.010679006576538086
0.010610818862915039
0.010663986206054688
0.010680913925170898
0.01076054573059082
0.01068878173828125
0.0927882194519043
0.010730981826782227
0.01068735122680664
0.01070094108581543
0.01065206527709961
0.01067495346069336
0.010691165924072266
0.010638952255249023
0.010679483413696289
0.010653495788574219
0.010663747787475586
0.010658502578735352
0.01067805290222168
0.010623693466186523
0.01067495346069336
0.010686159133911133
0.010675907135009766
0.010615110397338867
0.010651111602783203
0.010695695877075195
0.01075887680053711
0.010691165924072266
0.010622739791870117
0.010620832443237305
0.010656595230102539
0.010632991790771484
0.010692119598388672
0.010681629180908203
0.01068735122680664
0.01063227653503418
0.010638952255249023
0.010642528533935547
0.010619640350341797
0.010620355606079102
0.010617256164550781
0.010725736618041992
0.010657072067260742
0.010636329650878906
0.010683298110961914
0.01060938835144043
0.01062917709350586
0.010695457458496094
0.01066899299621582
0.010608911514282227
0.010735273361206055
0.010686635971069336
0.010642766952514648
0.010686874389648438
0.010689020156860352
0.010651350021362305
0.01066136360168457
0.01070094108581543
0.010711669921875
0.010735273361206055
0.010662317276000977
0.010608196258544922
0.010644912719726562
0.01071023941040039
0.010660409927368164
0.01064157485961914
0.010642766952514648
0.010636329650878906
0.010642766952514648
0.01183319091796875
0.01118779182434082
0.01068115234375
0.010730504989624023
0.010674476623535156
0.010718345642089844
0.012024641036987305
0.011419057846069336
0.010899543762207031
0.010755538940429688
0.010722875595092773
0.010766744613647461
0.010744333267211914
0.010753631591796875
0.010869026184082031
0.010710716247558594
0.010709524154663086
0.010664939880371094
0.010722160339355469
0.010771036148071289
0.010836362838745117
0.01069331169128418
0.010680437088012695
0.010696172714233398
0.010765790939331055
0.010895729064941406
0.010668039321899414
0.010693550109863281
0.0106201171875
0.010654926300048828
0.010699748992919922
0.010667800903320312
0.010723114013671875
0.010649919509887695
0.010615110397338867
0.010692358016967773
0.01067805290222168
0.010598182678222656
0.010677099227905273
0.010654926300048828
0.010741472244262695
0.010655641555786133
0.010670900344848633
0.010633468627929688
0.010661840438842773
0.010625600814819336
0.010623455047607422
0.010658740997314453
0.010621309280395508
0.010597467422485352
0.010642051696777344
0.010680437088012695
0.010657310485839844
0.011241912841796875
0.010766744613647461
0.010623931884765625
0.010608196258544922
0.010576486587524414
0.010698556900024414
0.010618209838867188
0.010653257369995117
0.010610818862915039
0.010698556900024414
0.010647058486938477
0.010637521743774414
0.010671138763427734
0.010694503784179688
0.010582923889160156
0.010574817657470703
0.010602235794067383
0.010631799697875977
0.010682106018066406
0.010624885559082031
0.010634660720825195
0.01064610481262207
0.01067972183227539
0.010739326477050781
0.010671615600585938
0.01071476936340332
0.010702133178710938
0.010645866394042969
0.010684490203857422
0.01060032844543457
0.010618925094604492
0.010671854019165039
0.010617494583129883
0.010691642761230469
0.010643482208251953
0.01063227653503418
0.010620594024658203
0.010684728622436523
0.01064753532409668
0.010632753372192383
0.010697364807128906
0.010625839233398438
0.010683059692382812
0.01063847541809082
0.01066446304321289
0.010669469833374023
0.010741472244262695
0.010700464248657227
0.010653495788574219
0.010683298110961914
0.010661602020263672
0.010631084442138672
0.01063227653503418
0.010678768157958984
0.010795831680297852
0.010666131973266602
0.01065206527709961
0.010703325271606445
0.010631799697875977
0.010643482208251953
0.010612964630126953
0.010660886764526367
0.01067972183227539
0.0106353759765625
0.01062631607055664
0.010982036590576172
0.010661125183105469
0.01065373420715332
0.010587692260742188