0.6262
0.2771
0.2782
0.2754
0.2777
0.2135
0.2131
0.2133
0.2131
0.2133
0.2132
0.2135
0.2159
0.2135
0.2131
0.2138
0.2133
0.2133
0.2135
0.2140
0.2140
0.2138
0.2151
0.2155
0.2159
0.2142
0.2141
0.2142
0.2130
0.2161
0.2148
0.2147
0.2147
0.2158
0.2160
0.2144
0.2143
0.2141
0.2135
0.2134
0.2815
0.2771
0.2785
0.2783
0.2816
0.2784
0.2773
0.2773
0.2787
0.2806
0.2843
0.2805
0.2757
0.2779
0.2795
0.2787
0.2763
0.2788
0.2823
0.2820
0.2780
0.2762
0.2772
0.2793
0.2794
0.2781
0.2789
0.2789
0.2803
0.2814
0.2788
0.2799
0.2814
0.2860
0.2847
0.2848
0.2813
0.2825
0.2868
0.2853
0.2827
0.2821
0.2871
0.2778
0.2791
0.2837
0.2826
0.2817
0.2800
0.2775
0.2827
0.2818
0.2796
0.2797
0.2791
0.2810
0.2809
0.2804
0.2783
0.2823
0.2813
0.2842
0.2817
0.2811
0.2785
0.2788
0.2838
0.2863
0.2811
0.2787
0.2160
0.2770
0.2799
0.2841
0.2825
0.2805
0.2802
0.2847
0.2839
0.2847
0.2833
0.2827
0.2872
0.2799
0.2839
0.2853
0.2851
0.2797
0.2159
0.2143
0.2825
0.2809
0.2789
0.2848
0.2848
0.2823
0.2826
0.2813
0.2158
0.2165
0.2819
0.2795
0.2885
0.2877
0.2855
0.2873
0.2844
0.2811
0.2165
0.2838
0.2827
0.2852
0.2859
0.2840
0.2865
0.2160
0.2846
0.2820
0.2801
0.2823
0.2840
0.2873
0.2150
0.2853
0.2151
0.2152
0.2144
0.2824
0.2825
0.2860
0.2852
0.2152
0.2878
0.2839
0.2149
0.2143
0.2829
0.2829
0.2801
0.2845
0.2169
0.2192
0.2855
0.2791
0.2849
0.2149
0.2142
0.2157
0.2159
0.2156
0.2141
0.2142
0.2142
0.2141
0.2155
0.2156
0.2148
0.2151
0.2143
0.2142
0.2147
0.2169
0.2158
0.2837
0.2802
0.2804
0.2145
0.2173
0.2800
0.2831
0.2146
0.2161
0.2163
0.2153
0.2865
0.2819
0.2785
0.2149
0.2147
0.2164
0.2869
0.2799
0.2832
0.2831
0.2842
0.2148
0.2853
0.2148
0.2835
0.2142
0.2153
0.2144
0.2823
0.2836
0.2149
0.2144
0.2140
0.2166
0.2151
0.2148
0.2140
0.2138
0.2136
0.2838
0.2836
0.2853
0.2780
0.2161
0.2144
0.2143
0.2140
0.2186
0.2169
0.2157
0.2148
0.2848
0.2157
0.2846
0.2148
0.2806
0.2157
0.2832
0.2149
0.2142
0.2162
0.2855
0.2869
0.2151
0.2863
0.2864
0.2156
0.2174
0.2150
0.2874
0.2149
0.2146
0.2912
0.2175
0.2163
0.2155
0.2140
0.2146
0.2147
0.2831
0.2160
0.2148
0.2164
0.2159
0.2151
0.2145
0.2152
0.2891
0.2883
0.2144
0.2143
0.2146
0.2179
0.2187
0.2165
0.2842
0.2169
0.2870
0.2165
0.2147
0.2149
0.2148
0.2183
0.2962
0.2206
0.2856
0.2861
0.2848
0.2898
0.2860
0.2869
0.2142
0.2868
0.2857
0.2834
0.2825
0.2862
0.2144
0.2170
0.2189
0.2138
0.2149
0.2136
0.2870
0.2151
0.2884
0.2151
0.2165
0.2192
0.2166
0.2148
0.2149
0.2139
0.2145
0.2869
0.2874
0.2865
0.2145
0.2150
0.2147
0.2196
0.2184
0.2142
0.2162
0.2171
0.2168
0.2195
0.2859
0.2157
0.2153
0.2137
0.2141
0.2835
0.2837
0.2140
0.2137
0.2144
0.2144
0.2145
0.2147
0.2148
0.2148
0.2141
0.2141
0.2151
0.2913
0.2865
0.2153
0.2154
0.2187
0.2182
0.2142
0.2151
0.2146
0.2146
0.2215
0.2175
0.2145
0.2144
0.2140
0.2141
0.2156
0.2155
0.2149
0.2154
0.2141
0.2870
0.2151
0.2162
0.2154
0.2153
0.2152
0.2152
0.2156
0.2142
0.2138
0.2150
0.2163
0.2154
0.2139
0.2144
0.2143
0.2142
0.2160
0.2153
0.2145
0.2147
0.2146
0.2141
0.2136
0.2155
0.2163
0.2151
0.2138
0.2140
0.2141
0.2140
0.2822
0.2140
0.2161
0.2158
0.2152
0.2135
0.2141
0.2140
0.2138
0.2155
0.2154
0.2153
0.2136
0.2825
0.2814
0.2158
0.2147
0.2851
0.2163
0.2144
0.2143
0.2143
0.2160
0.2836
0.2160
0.2157
0.2154
0.2136
0.2138
0.2144
0.2158
0.2170
0.2154
0.2849
0.2162
0.2153
0.2840
0.2154
0.2837
0.2159
0.2142
0.2137
0.2142
0.2149
0.2153
0.2153
0.2833
0.2155
0.2143
0.2138
0.2134
0.2136
0.2145
0.2157
0.2154
0.2140
0.2141
0.2143
0.2879
0.2145
0.2146
0.2173
0.2184
0.2151
0.2136
0.2133
0.2143
0.2139
0.2187
0.2151
0.2135
0.2140
0.2138
0.2134
0.2138
0.2147
0.2160
0.2141
0.2143
0.2137
0.2155
0.2155
0.2821
0.2833
0.2147
0.2145
0.2182
0.2156
0.2150
0.2142
0.2145
0.2140
0.2160
0.2174
0.2153
0.2138
0.2140
0.2134
0.2137
0.2157
0.2156
0.2145
0.2137
0.2143
0.2141
0.2165
0.2199
0.2174
0.2143
0.2146
0.2917
0.2149
0.2152
0.2166
0.2192
0.2156
0.2147
0.2148
0.2150
0.2838
0.2148
0.2154
0.2852
0.2838
0.2152
0.2150
0.2215
0.2166
0.2142
0.2138
0.2155
0.2849
0.2152
0.2143
0.2157
0.2160
0.2155
0.2152
0.2148
0.2142
0.2138
0.2153
0.2169
0.2147
0.2820
0.2772
0.2163
0.2145
0.2143
0.2142
0.2150
0.2164
0.2863
0.2807
0.2840
0.2830
0.2163
0.2141
0.2142
0.2888
0.2827
0.2146
0.2142
0.2143
0.2144
0.2156
0.2775
0.2815
0.2826
0.2147
0.2140
0.2146
0.2164
0.2157
0.2145
0.2143
0.2145
0.2144
0.2154
0.2157
0.2168
0.2826
0.2151
0.2814
0.2788
0.2819
0.2148
0.2158
0.2158
0.2805
0.2161
0.2151
0.2144
0.2160
0.2172
0.2149
0.2159
0.2155
0.2812
0.2155
0.2149
0.2137
0.2141
0.2142
0.2142
0.2160
0.2156
0.2151
0.2138
0.2140
0.2140
0.2144
0.2170
0.2151
0.2147
0.2141
0.2142
0.2838
0.2833
0.2809
0.2156
0.2139
0.2143
0.2142
0.2138
0.2160
0.2157
0.2146
0.2835
0.2813
0.2177
0.2155
0.2139
0.2144
0.2145
0.2139
0.2151
0.2168
0.2167
0.2150
0.2140
0.2140
0.2136
0.2159
0.2796
0.2153
0.2150
0.2148
0.2140
0.2136
0.2140
0.2137
0.2159
0.2153
0.2150
0.2137
0.2845
0.2810
0.2164
0.2146
0.2142
0.2143
0.2139
0.2148
0.2160
0.2145
0.2138
0.2138
0.2142
0.2137
0.2155
0.2155
0.2149
0.2136
0.2142
0.2137
0.2140
0.2150
0.2157
0.2163
0.2153
0.2134
0.2139
0.2170
0.2178
0.2154
0.2139
0.2135
0.2139
0.2137
0.2162
0.2151
0.2835
0.2159
0.2139
0.2136
0.2140
0.2139
0.2140
0.2154
0.2770
0.2145
0.2153
0.2157
0.2136
0.2138
0.2139
0.2139
0.2136
0.2159
0.2153
0.2148
0.2138
0.2134
0.2138
0.2184
0.2184
0.2174
0.2137
0.2135
0.2147
0.2158
0.2183
0.2183
0.2139
0.2147
0.2137
0.2139
0.2201
0.2212
0.2183
0.2152
0.2151
0.2162
0.2204
0.2183
0.2143
0.2148
0.2153
0.2167
0.2186
0.2172
0.2144
0.2149
0.2149
0.2153
0.2185
0.2202
0.2146
0.2150
0.2140
0.2146
0.2189
0.2196
0.2831
0.2173
0.2805
0.2158
0.2148
0.2139
0.2143
0.2155
0.2147
0.2160
0.2148
0.2148
0.2147
0.2144
0.2149
0.2156
0.2152
0.2146
0.2139
0.2137
0.2152
0.2176
0.2177
0.2177
0.2231
0.2178
0.2182
0.2252
0.2153
0.2136
0.2141
0.2155
0.2139
0.2168
0.2218
0.2169
0.2138
0.2150
0.2150
0.2178
0.2195
0.2154
0.2138
0.2140
0.2144
0.2155
0.2195
0.2164
0.2159
0.2156
0.2147
0.2148
0.2215
0.2183
0.2157
0.2153
0.2155
0.2149
0.2220
0.2176
0.2155
0.2153
0.2157
0.2159
0.2208
0.2174
0.2155
0.2175
0.2171
0.2193
0.2206
0.2156
0.2141
0.2152
0.2148
0.2189
0.2212
0.2141
0.2151
0.2159
0.2153
0.2168
0.2222
0.2154
0.2145
0.2148
0.2150
0.2158
0.2169
0.2179
0.2154
0.2154
0.2151
0.2148
0.2184
0.2186
0.2148
0.2151
0.2149
0.2154
0.2183
0.2205
0.2141
0.2145
0.2150
0.2151
0.2182
0.2206
0.2180
0.2152
0.2161
0.2149
0.2195
0.2230
0.2164
0.2151
0.2156
0.2163
0.2186
0.2193
0.2154
0.2155
0.2159
0.2198
0.2179
0.2195
0.2164
0.2141
0.2154
0.2199
0.2186
0.2166
0.2145
0.2146
0.2153
0.2196
0.2201
0.2171
0.2139
0.2154
0.2140
0.2162
0.2197
0.2179
0.2139
0.2140
0.2151
0.2190
0.2196
0.2159
0.2148
0.2147
0.2144
0.2144
0.2221
0.2180
0.2146
0.2147
0.2139
0.2170
0.2188
0.2201
0.2143
0.2144
0.2154
0.2153
0.2221
0.2165
0.2145
0.2156
0.2147
0.2136
0.2202
0.2178
0.2150
0.2142
0.2152
0.2140
0.2213
0.2192
0.2173
0.2143
0.2139
0.2150
0.2190
0.2181
0.2150
0.2149
0.2142
0.2150
0.2174
0.2208
0.2155
0.2136
0.2151
0.2145
0.2156
0.2197
0.2192
0.2144
0.2146
0.2150
0.2171
0.2203
0.2194
0.2144
0.2176
0.2157
0.2192
0.2209
0.2151
0.2138
0.2141
0.2140
0.2138
0.2167
0.2149
0.2141
0.2151
0.2140
0.2890
0.2146
0.2144
0.2157
0.2154
0.2157
0.2150
0.2143
0.2140
0.2142
0.2162
0.2155
0.2142
0.2143
0.3843
0.2155
0.2140
0.2143
0.2142
0.2153
0.2151
0.2150
0.2144
0.2144
0.2142
0.2143
0.2150
0.2159
0.2151
0.2138
0.2150
0.2159
0.2185
0.2163
0.2146
0.2136
0.2145
0.2142
0.2138
0.2162
0.2153
0.2147
0.2137
0.2140
0.2140
0.2147
0.2155
0.2156
0.2148
0.2137
0.2145
0.2143
0.2139
0.2143
0.2157
0.2153
0.2152
0.2137
0.2140
0.2154
0.2153
0.2151
0.2139
0.2214
0.2168
0.2189
0.2183
0.2151
0.2141
0.2147
0.2151
0.2164
0.2180
0.2204
0.2142
0.2156
0.2151
0.2172
0.2230
0.2173
0.2147
0.2146
0.2164
0.2181
0.2216
0.2189
0.2195
0.2171
0.2194
0.2231
0.2180
0.2159
0.2172
0.2170
0.2248
0.2203
0.2158
0.2166
0.2171
0.2196
0.2174
0.2154
0.2142
0.2140
0.2142
0.2140
0.2181
0.2158
0.2159
0.2139
0.2156
0.2141
0.2144
0.2169
0.2173
0.2167
0.2166
0.2173
0.2168
0.2177
0.2147
0.2137
0.2141
0.2155
0.2178
0.2183
0.2148
0.2147
0.2149
0.2142
0.2141
0.2147
0.2154
0.2158
0.2143
0.2140
0.2136
0.2142
0.2164
0.2158
0.2153
0.2145
0.2145
0.2146
0.2136
0.2155
0.2159
0.2151
0.2141
0.2143
0.2148
0.2162
0.2201
0.2168
0.2218
0.2146
0.2156
0.2159
0.2154
0.2151
0.2148
0.2146
0.2148
0.2140
0.2159
0.2163
0.2153
0.2136
0.2145
0.2145
0.2170
0.2155
0.2152
0.2151
0.2144
0.2143
0.2139
0.2154
0.2157
0.2152
0.2864
0.2159
0.2140
0.2143
0.2145
0.2146
0.2140
0.2146
0.2152
0.2141
0.2143
0.2843
0.2145
0.2145
0.2147
0.2162
0.2171
0.2144
0.2149
0.2861
0.2150
0.2141
0.2146
0.2142
0.2148
0.2160
0.2179
0.2141
0.2142
0.2140
0.2154
0.2158
0.2151
0.2136
0.2140
0.2302
0.2221
0.2156
0.2143
0.2145
0.2144
0.2140
0.2155
0.2162
0.2155
0.2869
0.2143
0.2137
0.2140
0.2145
0.2143
0.2150
0.2156
0.2775
0.2164
0.2152
0.2146
0.2140
0.2137
0.2143
0.2833
0.2141
0.2160
0.2157
0.2147
0.2144
0.2143
0.2144
0.2141
0.2159
0.2148
0.2145
0.2150
0.2139
0.2142
0.2140
0.2172
0.2154
0.2155
0.2140
0.2146
0.2165
0.2168
0.2158
0.2150
0.2146
0.2143
0.2141
0.2141
0.2161
0.2167
0.2146
0.2137
0.2140
0.2141
0.2140
0.2167
0.2168
0.2155
0.2142
0.2146
0.2143
0.2162
0.2145
0.2155
0.2144
0.2143
0.2140
0.2137
0.2159
0.2159
0.2156
0.2149
0.2143
0.2147
0.2145
0.2150
0.2150
0.2144
0.2146
0.2137
0.2139
0.2141
0.2156
0.2157
0.2149
0.2151
0.2166
0.2165
0.2198
0.2165
0.2152
0.2144
0.2141
0.2139
0.2156
0.2158
0.2158
0.2141
0.2140
0.2144
0.2138
0.2162
0.2152
0.2149
0.2151
0.2144
0.2144
0.2139
0.2156
0.2155
0.2151
0.2141
0.2141
0.2142
0.2138
0.2156
0.2158
0.2142
0.2137
0.2149
0.2842
0.2145
0.2139
0.2142
0.2149
0.2152
0.2806
0.2156
0.2151
0.2139
0.2141
0.2142
0.2149
0.2179
0.2174
0.2157
0.2150
0.2148
0.2148
0.2164
0.2167
0.2154
0.2146
0.2146
0.2143
0.2143
0.2159
0.2159
0.2140
0.2152
0.2143
0.2147
0.2156
0.2159
0.2158
0.2141
0.2143
0.2145
0.2142
0.2159
0.2157
0.2155
0.2142
0.2144
0.2141
0.2145
0.2158
0.2156
0.2152
0.2139
0.2141
0.2142
0.2149
0.2163
0.2145
0.2151
0.2141
0.2141
0.2144
0.2183
0.2161
0.2151
0.2139
0.2141
0.2148
0.2159
0.2161
0.2156
0.2151
0.2145
0.2144
0.2142
0.2147
0.2159
0.2146
0.2157
0.2137
0.2135
0.2137
0.2148
0.2150
0.2143
0.2131
0.2136
0.2134
0.2135
0.2133
0.2152
0.2147
0.2148
0.2133
0.2135
0.2132
0.2135
0.2156
0.2144
0.2140
0.2138
0.2132
0.2136
0.2141
0.2159
0.2142
0.2142
0.2131
0.2141
0.2157
0.2150
0.2149
0.2148
0.2158
0.2147
0.2137
0.2145
0.2168
0.2183
0.2148
0.2141
0.2145
0.2147
0.2163
0.2204
0.2172
0.2151
0.2150
0.2151
0.2162
0.2185
0.2149
0.2152
0.2139
0.2149
0.2147
0.2185
0.2183
0.2173
0.2136
0.2153
0.2153
0.2167
0.2175
0.2195
0.2149
0.2153
0.2149
0.2200
0.2228
0.2157
0.2140
0.2154
0.2154
0.2185
0.2219
0.2155
0.2142
0.2150
0.2140
0.2188
0.2201
0.2166
0.2141
0.2144
0.2158
0.2217
0.2184
0.2161
0.2143
0.2149
0.2143
0.2937
0.2180
0.2205
0.2148
0.2144
0.2145
0.2153
0.2143
0.2204
0.2189
0.2160
0.2156
0.2154
0.2151
0.2214
0.2184
0.2152
0.2150
0.2149
0.2143
0.2191
0.2164
0.2151
0.2143
0.2147
0.2145
0.2210
0.2186
0.2157
0.2166
0.2146
0.2141
0.2192
0.2195
0.2143
0.2157
0.2154
0.2151
0.2177
0.2211
0.2163
0.2138
0.2145
0.2156
0.2176
0.2202
0.2178
0.2140
0.2152
0.2145
0.2173
0.2190
0.2170
0.2145
0.2153
0.2147
0.2184
0.2187
0.2167
0.2138
0.2154
0.2154
0.2167
0.2201
0.2148
0.2160
0.2151
0.2141
0.2149
0.2189
0.2184
0.2148
0.2139
0.2142
0.2152
0.2210
0.2215
0.2147
0.2152
0.2148
0.2150
0.2203
0.2204
0.2155
0.2155
0.2143
0.2149
0.2239
0.2176
0.2155
0.2150
0.2146
0.2156
0.2190
0.2186
0.2170
0.2164
0.2154
0.2157
0.2217
0.2180
0.2150
0.2151
0.2153
0.2147
0.2201
0.2181
0.2171
0.2149
0.2141
0.2139
0.2159
0.2153
0.2150
0.2136
0.2137
0.2140
0.2139
0.2155
0.2157
0.2251
0.2263
0.2152
0.2180
0.2165
0.2159
0.2148
0.2140
0.2138
0.2137
0.2161
0.2159
0.2143
0.2141
0.2141
0.2147
0.2148
0.2159
0.2146
0.2150
0.2151
0.2140
0.2142
0.2152
0.2152
0.2143
0.2156
0.2146
0.2140
0.2140
0.2160
0.2153
0.2144
0.2144
0.2144
0.2134
0.2137
0.2150
0.2157
0.2156
0.2141
0.2136
0.2139
0.2139
0.2154
0.2152
0.2143
0.2296
0.2200
0.2167
0.2155
0.2155
0.2143
0.2139
0.2141
0.2136
0.2148
0.2152
0.2152
0.2138
0.2143
0.2142
0.2143
0.2150
0.2151
0.2149
0.2144
0.2148
0.2147
0.2146
0.2155
0.2155
0.2141
0.2139
0.2145
0.2146
0.2178
0.2156
0.2142
0.2141
0.2150
0.2150
0.2139
0.2215
0.2174
0.2141
0.2147
0.2145
0.2147
0.2169
0.2183
0.2177
0.2145
0.2144
0.2175
0.2237
0.2191
0.2140
0.2145
0.2155
0.2140
0.2177
0.2211
0.2150
0.2152
0.2144
0.2147
0.2176
0.2193
0.2150
0.2139
0.2135
0.2146
0.2183
0.2230
0.2169
0.2137
0.2165
0.2151
0.2150
0.2217
0.2157
0.2140
0.2138
0.2146
0.2178
0.2195
0.2164
0.2146
0.2146
0.2147
0.2162
0.2195
0.2179
0.2138
0.2138
0.2141
0.2138
0.2212
0.2216
0.2175
0.2173
0.2157
0.2162
0.2199
0.2201
0.2143
0.2149
0.2148
0.2176
0.2186
0.2149
0.2148
0.2146
0.2139
0.2144
0.2197
0.2168
0.2137
0.2138
0.2151
0.2145
0.2181
0.2195
0.2156
0.2142
0.2146
0.2136
0.2165
0.2196
0.2187
0.2136
0.2146
0.2153
0.2142
0.2232
0.2187
0.2138
0.2141
0.2146
0.2149
0.2208
0.2180
0.2135
0.2152
0.2141
0.2162
0.2222
0.2175
0.2157
0.2160
0.2136
0.2149
0.2182
0.2185
0.2142
0.2143
0.2144
0.2140
0.2171
0.2198
0.2193
0.2871
0.2171
0.2144
0.2153
0.2149
0.2226
0.2193
0.2142
0.2146
0.2149
0.2143
0.2180
0.2189
0.2144
0.2138
0.2146
0.2147
0.2160
0.2189
0.2175
0.2144
0.2140
0.2144
0.2147
0.2180
0.2181
0.2158
0.2150
0.2148
0.2146
0.2220
0.2858
0.2185
0.2166
0.2136
0.2145
0.2148
0.2139
0.2188
0.2194
0.2198
0.2162
0.2147
0.2148
0.2180
0.2204
0.2152
0.2145
0.2149
0.2147
0.2205
0.2187
0.2159
0.2146
0.2147
0.2150
0.2165
0.2179
0.2149
0.2136
0.2152
0.2139
0.2213
0.2189
0.2185
0.2137
0.2139
0.2147
0.2152
0.2193
0.2180
0.2141
0.2153
0.2143
0.2173
0.2182
0.2183
0.2168
0.2156
0.2141
0.2160
0.2182
0.2183
0.2146
0.2150
0.2140
0.2145
0.2211
0.2192
0.2147
0.2151
0.2151
0.2138
0.2208
0.2176
0.2163
0.2146
0.2140
0.2153
0.2206
0.2836
0.2172
0.2203
0.2157
0.2158
0.2148
0.2138
0.2847
0.2151
0.2202
0.2196
0.2146
0.2141
0.2140
0.2151
0.2194
0.2214
0.2810
0.2187
0.2148
0.2141
0.2150
0.2866
0.2177
0.2154
0.2199
0.2174
0.2157
0.2149
0.2146
0.2138
0.2201
0.2182
0.2154
0.2139
0.2144
0.2147
0.2177
0.2183
0.2149
0.2145
0.2151
0.2148
0.2146
0.2183
0.2185
0.2148
0.2148
0.2143
0.2139
0.2185
0.2177
0.2140
0.2138
0.2147
0.2140
0.2188
0.2187
0.2146
0.2138
0.2146
0.2147
0.2154
0.2171
0.2192
0.2155
0.2153
0.2157
0.2171
0.2204
0.2165
0.2159
0.2150
0.2150
0.2154
0.2214
0.2175
0.2155
0.2152
0.2145
0.2144
0.2182
0.2205
0.2135
0.2139
0.2147
0.2148
0.2167
0.2186
0.2153
0.2137
0.2906
0.2143
0.2837
0.2143
0.2145
0.2149
0.2151
0.2185
0.2187
0.2140
0.2147
0.2144
0.2848
0.2143
0.2148
0.2227
0.2190
0.2143
0.2138
0.2144
0.2135
0.2189
0.2214
0.2146
0.2139
0.2140
0.2140
0.2161
0.2194
0.2163
0.2134
0.2165
0.2139
0.2178
0.2186
0.2184
0.2144
0.2148
0.2148
0.2137
0.2203
0.2162
0.2157
0.2161
0.2148
0.2146
0.2207
0.2182
0.2146
0.2143
0.2149
0.2143
0.2211
0.2191
0.2160
0.2146
0.2144
0.2136
0.2152
0.2196
0.2144
0.2142
0.2148
0.2143
0.2165
0.2166
0.2197
0.2161
0.2157
0.2166
0.2164
0.2180
0.2172
0.2147
0.2145
0.2163
0.2143
0.2218
0.2179
0.2151
0.2147
0.2146
0.2143
0.2205
0.2173
0.2149
0.2139
0.2149
0.2149
0.2186
0.2175
0.2177
0.2139
0.2141
0.2148
0.2178
0.2181
0.2155
0.2136
0.2149
0.2150
0.2143
0.2202
0.2183
0.2144
0.2153
0.2153
0.2139
0.2191
0.2164
0.2166
0.2142
0.2142
0.2152
0.2182
0.2208
0.2142
0.2146
0.2147
0.2140
0.2146
0.2190
0.2186
0.2153
0.2155
0.2153
0.2163
0.2186
0.2166
0.2149
0.2150
0.2150
0.2152
0.2214
0.2204
0.2141
0.2148
0.2143
0.2153
0.2226
0.2156
0.2147
0.2150
0.2157
0.2150
0.2211
0.2195
0.2171
0.2152
0.2151
0.2172
0.2210
0.2162
0.2160
0.2147
0.2142
0.2168
0.2215
0.2178
0.2144
0.2162
0.2181
0.2170
0.2213
0.2162
0.2146
0.2848
0.2142
0.2142
0.2144
0.2148
0.2160
0.2148
0.2141
0.2139
0.2144
0.2140
0.2135
0.2145
0.2156
0.2158
0.2139
0.2144
0.2145
0.2141
0.2190
0.2183
0.2145
0.2150
0.2150
0.2159
0.2170
0.2157
0.2142
0.2138
0.2141
0.2137
0.2167
0.2202
0.2173
0.2135
0.2149
0.2144
0.2166
0.2185
0.2177
0.2150
0.2174
0.2158
0.2182
0.2170
0.2882
0.2194
0.2181
0.2143
0.2145
0.2151
0.2219
0.2216
0.2164
0.2148
0.2147
0.2145
0.2164
0.2204
0.2151
0.2147
0.2148
0.2142
0.2203
0.2183
0.2138
0.2142
0.2146
0.2146
0.2165
0.2186
0.2178
0.2155
0.2153
0.2152
0.2171
0.2181
0.2161
0.2142
0.2146
0.2150
0.2149
0.2246
0.2190
0.2140
0.2148
0.2164
0.2188
0.2204
0.2174
0.2139
0.2141
0.2851
0.2844
0.2152
0.2152
0.2142
0.2149
0.2211
0.2173
0.2149
0.2163
0.2141
0.2150
0.2184
0.2172
0.2160
0.2146
0.2143
0.2155
0.2190
0.2196
0.2160
0.2142
0.2142
0.2147
0.2205
0.2201
0.2185
0.2151
0.2148
0.2142
0.2193
0.2188
0.2187
0.2168
0.2170
0.2206
0.2241
0.2161
0.2166
0.2177
0.2189
0.2231
0.2182
0.2157
0.2152
0.2158
0.2159
0.2212
0.2174
0.2147
0.2154
0.2156
0.2175
0.2200
0.2172
0.2148
0.2142
0.2144
0.2176
0.2211
0.2178
0.2157
0.2153
0.2149
0.2186
0.2195
0.2162
0.2171
0.2161
0.2151
0.2173
0.2186
0.2865
0.2796
0.2219
0.2220
0.2144
0.2153
0.2157
0.2141
0.2194
0.2199
0.2143
0.2869
0.2816
0.2191
0.2150
0.2142
0.2142
0.2138
0.2153
0.2155
0.2147
0.2138
0.2143
0.2139
0.2140
0.2153
0.2149
0.2147
0.2147
0.2140
0.2144
0.2143
0.2164
0.2158
0.2164
0.2144
0.2143
0.2146
0.2145
0.2154
0.2160
0.2155
0.2144
0.2147
0.2151
0.2168
0.2158
0.2151
0.2143
0.2144
0.2143
0.2145
0.2174
0.2169
0.2148
0.2139
0.2143
0.2138
0.2152
0.2172
0.2160
0.2147
0.2141
0.2144
0.2146
0.2167
0.2161
0.2141
0.2135
0.2147
0.2139
0.2137
0.2149
0.2160
0.2154
0.2137
0.2141
0.2145
0.2161
0.2157
0.2158
0.2152
0.2153
0.2143
0.2141
0.2163
0.2151
0.2147
0.2149
0.2150
0.2147
0.2160
0.2182
0.2179
0.2160
0.2149
0.2162
0.2826
0.2156
0.2150
0.2172
0.2160
0.2155
0.2158
0.2145
0.2164
0.2192
0.2165
0.2249
0.2162
0.2155
0.2156
0.2167
0.2169
0.2150
0.2156
0.2147
0.2151
0.2160
0.2166
0.2161
0.2148
0.2149
0.2155
0.2161
0.2157
0.2155
0.2152
0.2148
0.2146
0.2147
0.2175
0.2162
0.2151
0.2156
0.2144
0.2143
0.2159
0.2167
0.2162
0.2143
0.2151
0.2148
0.2154
0.2173
0.2156
0.2165
0.2149
0.2150
0.2151
0.2158
0.2167
0.2178
0.2176
0.2152
0.2145
0.2150
0.2165
0.2150
0.2153
0.2147
0.2151
0.2148
0.2170
0.2159
0.2150
0.2150
0.2145
0.2143
0.2147
0.2169
0.2156
0.2147
0.2157
0.2146
0.2147
0.2163
0.2164
0.2163
0.2146
0.2148
0.2151
0.2154
0.2170
0.2156
0.2157
0.2148
0.2154
0.2147
0.2164
0.2170
0.2161
0.2142
0.2149
0.2149
0.2157
0.2163
0.2166
0.2160
0.2165
0.2151
0.2151
0.2161
0.2180
0.2155
0.2145
0.2144
0.2148
0.2172
0.2159
0.2145
0.2153
0.2146
0.2150
0.2151
0.2157
0.2157
0.2161
0.2147
0.2141
0.2148
0.2163
0.2166
0.2163
0.2153
0.2147
0.2146
0.2152
0.2165
0.2162
0.2145
0.2154
0.2152
0.2152
0.2159
0.2161
0.2163
0.2142
0.2148
0.2149
0.2159
0.2801
0.2145
0.2173
0.2178
0.2177
0.2146
0.2145
0.2151
0.2159
0.2151
0.2155
0.2142
0.2161
0.2153
0.2149
0.2150
0.2158
0.2154
0.2154
0.2145
0.2142
0.2158
0.2161
0.2152
0.2140
0.2143
0.2145
0.2143
0.2155
0.2142
0.2163
0.2138
0.2140
0.2142
0.2821
0.2823
0.2162
0.2145
0.2140
0.2162
0.2146
0.2163
0.2147
0.2149
0.2145
0.2145
0.2155
0.2151
0.2154
0.2153
0.2162
0.2149
0.2160
0.2148
0.2154
0.2147
0.2141
0.2146
0.2142
0.2163
0.2159
0.2156
0.2161
0.2144
0.2144
0.2151
0.2154
0.2153
0.2156
0.2148
0.2142
0.2145
0.2160
0.2152
0.2151
0.2137
0.2138
0.2142
0.2826
0.2150
0.2144
0.2143
0.2146
0.2152
0.2138
0.2140
0.2143
0.2148
0.2157
0.2156
0.2153
0.2144
0.2145
0.2144
0.2144
0.2179
0.2175
0.2148
0.2147
0.2143
0.2145
0.2145
0.2156
0.2159
0.2151
0.2150
0.2145
0.2146
0.2143
0.2171
0.2793
0.2775
0.2153
0.2165
0.2158
0.2152
0.2146
0.2143
0.2143
0.2163
0.2163
0.2153
0.2150
0.2146
0.2145
0.2152
0.2168
0.2199
0.2158
0.2149
0.2145
0.2139
0.2210
0.2187
0.2151
0.2157
0.2148
0.2153
0.2233
0.2166
0.2153
0.2168
0.2181
0.2175
0.2227
0.2153
0.2144
0.2145
0.2162
0.2164
0.2199
0.2184
0.2138
0.2146
0.2139
0.2169
0.2222
0.2190
0.2139
0.2150
0.2151
0.2190
0.2216
0.2162
0.2156
0.2152
0.2150
0.2153
0.2221
0.2161
0.2143
0.2149
0.2153
0.2185
0.2193
0.2154
0.2145
0.2149
0.2151
0.2156
0.2151
0.2174
0.2158
0.2147
0.2152
0.2152
0.2182
0.2205
0.2155
0.2141
0.2154
0.2150
0.2184
0.2214
0.2150
0.2137
0.2143
0.2146
0.2171
0.2181
0.2166
0.2143
0.2147
0.2151
0.2163
0.2183
0.2178
0.2158
0.2147
0.2159
0.2149
0.2208
0.2182
0.2149
0.2153
0.2149
0.2140
0.2193
0.2206
0.2139
0.2140
0.2150
0.2148
0.2220
0.2186
0.2148
0.2149
0.2133
0.2147
0.2200
0.2202
0.2143
0.2146
0.2158
0.2181
0.2194
0.2179
0.2135
0.2146
0.2148
0.2146
0.2173
0.2174
0.2160
0.2143
0.2846
0.2142
0.2223
0.2151
0.2817
0.2144
0.2137
0.2169
0.2154
0.2151
0.2808
0.2147
0.2137
0.2140
0.2139
0.2139
0.2181
0.2165
0.2153
0.2216
0.2160
0.2144
0.2173
0.2158
0.3932
0.2153
0.2141
0.2144
0.2144
0.2154
0.2154
0.2155
0.2150
0.2244
0.2172
0.2150
0.2149
0.2158
0.2153
0.2144
0.2142
0.2140
0.2153
0.2168
0.2151
0.2136
0.2141
0.2200
0.2140
0.2154
0.2144
0.2144
0.2139
0.2142
0.2140
0.2141
0.2224
0.2180
0.2164
0.2182
0.2160
0.2184
0.2201
0.2178
0.2176
0.2176
0.2195
0.2211
0.2207
0.2167
0.2243
0.2189
0.2192
0.2180
0.2168
0.2179
0.2225
0.2176
0.2188
0.2278
0.2187
0.2157
0.2168
0.2187
0.2154
0.2152
0.2158
0.2172
0.2236
0.2219
0.2167
0.2172
0.2172
0.2187
0.2180
0.2166
0.2166
0.2178
0.2188
0.2191
0.2187
0.2173
0.2251
0.2170
0.2197
0.2197
0.2164
0.2178
0.2177
0.2189
0.2185
0.2261
0.2189
0.2174
0.2179
0.2184
0.2177
0.2180
0.2166
0.2167
0.2195
0.2207
0.2181
0.2175
0.2177
0.2204
0.2198
0.2189
0.2171
0.2176
0.2186
0.2189
0.2176
0.2839
0.2172
0.2179
0.2168
0.2163
0.2169
0.2181
0.2180
0.2188
0.2165
0.2172
0.2207
0.2185
0.2170
0.2173
0.2173
0.2181
0.2184
0.2174
0.2166
0.2174
0.2172
0.2189
0.2316
0.2185
0.2162
0.2161
0.2180
0.2180
0.2183
0.2161
0.2161
0.2174