0.1245
0.1130
0.0956
0.0926
0.1414
0.1581
0.1379
0.1038
0.1007
0.1069
0.1124
0.1021
0.1408
0.1524
0.1024
0.1375
0.1382
0.1482
0.0950
0.0953
0.0966
0.0973
0.0979
0.1044
0.0995
0.0970
0.0993
0.1010
0.0973
0.1030
0.1027
0.1012
0.1000
0.0981
0.1086
0.0992
0.1001
0.0984
0.1041
0.0982
0.0995
0.0984
0.0990
0.1023
0.0994
0.1007
0.0974
0.0989
0.1000
0.0998
0.0990
0.1444
0.1531
0.1238
0.1153
0.1185
0.1364
0.1234
0.1684
0.1647
0.1744
0.1569
0.1538
0.0975
0.0984
0.1383
0.1080
0.1418
0.0973
0.0991
0.0973
0.0986
0.0981
0.0974
0.1363
0.1014
0.1508
0.1013
0.1383
0.1386
0.1116
0.1109
0.1411
0.0973
0.1511
0.1115
0.0993
0.1031
0.1373
0.1191
0.1027
0.0963
0.1053
0.0990
0.0980
0.0955
0.0973
0.0939
0.0918
0.1556
0.1063
0.1029
0.1007
0.1396
0.1015
0.1068
0.1097
0.1687
0.1440
0.1123
0.1465
0.1022
0.0996
0.0994
0.1008
0.1008
0.1572
0.1504
0.1534
0.1504
0.1091
0.1121
0.1664
0.0993
0.1433
0.1538
0.1481
0.1082
0.1927
0.1594
0.1148
0.0951
0.1279
0.0936
0.1351
0.1552
0.1729
0.0992
0.1705
0.1057
0.1026
0.1013
0.1017
0.1338
0.1516
0.1395
0.0992
0.1537
0.1037
0.1038
0.1022
0.1421
0.1056
0.1647
0.0994
0.0987
0.1364
0.1120
0.1480
0.1082
0.0988
0.1412
0.1211
0.1123
0.1412
0.0972
0.0864
0.1181
0.1149
0.0928
0.1193
0.1044
0.1376
0.0946
0.0890
0.1027
0.0935
0.1092
0.1060
0.1091
0.1489
0.1157
0.1534
0.1427
0.1115
0.1582
0.1026
0.1044
0.1018
0.1041
0.1084
0.1082
0.1103
0.1109
0.1084
0.1055
0.1023
0.1010
0.1049
0.0997
0.0998
0.0999
0.1007
0.1007
0.1018
0.1011
0.1015
0.1014
0.1018
0.1440
0.1625
0.1025
0.1038
0.1044
0.1012
0.1508
0.1068
0.1046
0.1035
0.1019
0.1486
0.0956
0.1351
0.0883
0.0973
0.0946
0.0930
0.1010
0.1671
0.0981
0.0972
0.0992
0.1747
0.1052
0.1012
0.1032
0.1181
0.0995
0.1016
0.0998
0.1009
0.0965
0.0991
0.1370
0.1031
0.1093
0.1435
0.1007
0.1027
0.0995
0.0967
0.1336
0.0997
0.1489
0.1415
0.0988
0.0977
0.0987
0.0990
0.0996
0.0976
0.0985
0.0989
0.0987
0.0979
0.0988
0.0989
0.1044
0.1068
0.0991
0.0984
0.0976
0.0972
0.0874
0.1231
0.1149
0.0905
0.0857
0.0862
0.0898
0.0918
0.0928
0.0961
0.1148
0.1063
0.1047
0.1040
0.0973
0.0992
0.1001
0.0994
0.1386
0.1542
0.1045
0.1022
0.1012
0.1001
0.0986
0.1019
0.0994
0.1007
0.1005
0.0982
0.1033
0.1005
0.0979
0.0996
0.0996
0.0991
0.1006
0.0989
0.1005
0.0987
0.1013
0.1030
0.1021
0.1011
0.0989
0.0979
0.0984
0.0989
0.1230
0.1260
0.1118
0.1208
0.1035
0.1026
0.1458
0.0991
0.0991
0.1461
0.1061
0.1028
0.1022
0.1027
0.1195
0.1615
0.1314
0.0894
0.0934
0.1011
0.0953
0.0977
0.1061
0.1047
0.1050
0.1035
0.1011
0.1041
0.0997
0.0978
0.0971
0.0994
0.0989
0.1008
0.0996
0.0985
0.1034
0.1027
0.1534
0.1153
0.1114
0.1029
0.1064
0.1036
0.0982
0.1023
0.1028
0.1027
0.0993
0.0993
0.0963
0.1012
0.1030
0.0987
0.1029
0.0997
0.0988
0.1005
0.0985
0.0981
0.0974
0.0999
0.0995
0.1029
0.0977
0.0950
0.1081
0.0989
0.0993
0.1042
0.0992
0.1011
0.0985
0.1002
0.0992
0.0977
0.0994
0.1035
0.1031
0.0994
0.0990
0.0915
0.0927
0.1011
0.0975
0.0928
0.0957
0.0953
0.0953
0.0987
0.0992
0.0987
0.0999
0.1147
0.1087
0.1009
0.1042
0.1121
0.1267
0.1256
0.1066
0.1075
0.1089
0.1062
0.1042
0.1049
0.1016
0.1001
0.0999
0.1115
0.1163
0.0970
0.1382
0.1114
0.1055
0.1096
0.1092
0.1010
0.1047
0.0999
0.1043
0.1022
0.0977
0.0965
0.0974
0.1002
0.1031
0.1006
0.1003
0.0994
0.1002
0.1016
0.1016
0.0994
0.0986
0.1058
0.0983
0.0962
0.0980
0.1000
0.1004
0.1017
0.1015
0.1011
0.0984
0.1400
0.1028
0.1021
0.1011
0.1063
0.1414
0.0918
0.0955
0.0905
0.0900
0.0921
0.0944
0.0947
0.1153
0.1107
0.1150
0.1029
0.1009
0.1026
0.0996
0.1003
0.1004
0.1007
0.1018
0.1031
0.1026
0.1035
0.1469
0.1089
0.1143
0.1121
0.1059
0.1027
0.1412
0.1010
0.1479
0.1041
0.1033
0.1047
0.1010
0.0987
0.0989
0.0987
0.1005
0.1052
0.1003
0.1024
0.0993
0.0991
0.1130
0.1355
0.1406
0.1185
0.1203
0.1112
0.1179
0.1230
0.1363
0.1227
0.0949
0.0869
0.0858
0.0884
0.0920
0.0937
0.1291
0.0891
0.0889
0.0998
0.1292
0.1828
0.1124
0.1112
0.1092
0.1113
0.1070
0.1074
0.1118
0.1204
0.1045
0.1020
0.1038
0.1000
0.0999
0.1014
0.0978
0.0987
0.1001
0.1043
0.0989
0.0983
0.0980
0.0995
0.1003
0.1000
0.0991
0.1005
0.1002
0.0996
0.1028
0.1014
0.0996
0.0995
0.1009
0.1010
0.0998
0.1007
0.1083
0.0996
0.0990
0.1003
0.0983
0.0984
0.0983
0.1060
0.1060
0.0981
0.0987
0.0998
0.0980
0.0991
0.0986
0.0989
0.0984
0.0968
0.0981
0.0994
0.0972
0.0936
0.0935
0.0864
0.1081
0.0990
0.0917
0.0962
0.1174
0.1036
0.1021
0.1034
0.1042
0.1013
0.1109
0.1292
0.1051
0.1056
0.1088
0.1099
0.1215
0.1052
0.1097
0.0985
0.0986
0.0991
0.0991
0.0971
0.1107
0.0975
0.0981
0.0994
0.0979
0.0998
0.1006
0.0983
0.0999
0.1004
0.0996
0.0981
0.0994
0.1007
0.1011
0.1021
0.1010
0.1008
0.0981
0.0990
0.0998
0.0986
0.0998
0.1135
0.1298
0.1330
0.1331
0.0985
0.0996
0.0974
0.0989
0.1118
0.1190
0.1247
0.1253
0.0933
0.0915
0.0915
0.0957
0.0944
0.0930
0.0955
0.0927
0.0858
0.0966
0.0985
0.0981
0.0978
0.0982
0.0994
0.0977
0.0973
0.0957
0.1058
0.0996
0.0992
0.0982
0.0978
0.1034
0.0993
0.1001
0.1019
0.0999
0.1001
0.0985
0.0986
0.0984
0.1003
0.1018
0.0981
0.1020
0.0998
0.0986
0.0991
0.1014
0.1055
0.0977
0.1003
0.0992
0.0995
0.0972
0.0996
0.1012
0.0948
0.1123
0.1008
0.0958
0.1036
0.0979
0.0986
0.0976
0.0989
0.1005
0.1025
0.1042
0.1035
0.0995
0.1022
0.0966
0.0968
0.0984
0.1022
0.0985
0.0982
0.0985
0.1000
0.1012
0.1010
0.1016
0.0988
0.1025
0.0982
0.3278
0.0879
0.0862
0.0842
0.0957
0.1002
0.1218
0.1408
0.1321
0.1111
0.1034
0.1024
0.0992
0.0989
0.1010
0.0986
0.1112
0.1080
0.1104
0.1140
0.1015
0.0970
0.0995
0.1075
0.1120
0.1078
0.1084
0.1028
0.1135
0.1087
0.0997
0.1008
0.0988
0.1008
0.1005
0.0996
0.0983
0.0985
0.0998
0.1014
0.0993
0.0995
0.1015
0.1027
0.0991
0.1000
0.1014
0.1063
0.0976
0.0983
0.0987
0.0984
0.1012
0.0987
0.1005
0.0976
0.1011
0.1009
0.1007
0.1007
0.0991
0.0978
0.0975
0.0960
0.0930
0.0966
0.0933
0.0951
0.0925
0.0976
0.0944
0.0948
0.0969
0.1014
0.1040
0.1095
0.1056
0.1098
0.1103
0.1045
0.1045
0.1007
0.1078
0.0993
0.0999
0.0971
0.0989
0.0986
0.1013
0.1011
0.0988
0.0989
0.0986
0.1013
0.1147
0.0989
0.0957
0.0975
0.0964
0.0979
0.1038
0.0974
0.0998