0.6958
0.4259
0.3824
0.3834
0.3839
0.3853
0.4300
0.3839
0.3816
0.3830
0.3817
0.3821
0.3820
0.3818
0.3836
0.3847
0.4300
0.4312
0.4239
0.4250
0.3823
0.4251
0.4288
0.3831
0.3814
0.3819
0.3816
0.3839
0.4283
0.4260
0.4282
0.3826
0.4287
0.3823
0.4312
0.4240
0.4229
0.4270
0.4272
0.4252
0.4252
0.4310
0.4279
0.4234
0.4236
0.4281
0.4253
0.4221
0.4233
0.4306
0.4260
0.4253
0.4282
0.3841
0.4314
0.4254
0.4218
0.4235
0.4296
0.3824
0.3820
0.4279
0.4276
0.4255
0.4254
0.4310
0.4268
0.4232
0.3818
0.4222
0.4235
0.4281
0.3820
0.4282
0.4233
0.4241
0.4295
0.4286
0.4244
0.4222
0.3816
0.4250
0.4294
0.4263
0.4228
0.4234
0.3816
0.4262
0.3836
0.4300
0.4278
0.4242
0.4226
0.3821
0.4246
0.4282
0.3821
0.4265
0.4267
0.4227
0.4297
0.4286
0.4252
0.4291
0.3822
0.4282
0.4292
0.3834
0.3819
0.3815
0.3819
0.3815
0.3838
0.3846
0.3845
0.4305
0.3828
0.3815
0.3817
0.3812
0.4238
0.3813
0.3809
0.4227
0.3826
0.6073
0.4246
0.4298
0.4265
0.3814
0.4256
0.3821
0.4237
0.4222
0.4226
0.3816
0.4262
0.3843
0.3838
0.3837
0.3836
0.4228
0.4234
0.4274
0.4279
0.4221
0.3811
0.3828
0.3831
0.3839
0.4318
0.3854
0.4291
0.3829
0.4263
0.3825
0.3827
0.3831
0.3814
0.3808
0.4226
0.4275
0.4298
0.4251
0.3835
0.4225
0.3810
0.3828
0.3827
0.3830
0.3815
0.4269
0.4291
0.3827
0.3844
0.3843
0.3831
0.4285
0.3820
0.4262
0.3820
0.4289
0.3829
0.3816
0.3810
0.4239
0.4288
0.3844
0.4322
0.4259
0.3818
0.3812
0.3830
0.3822
0.4283
0.4249
0.4220
0.4221
0.4281
0.4287
0.4246
0.3839
0.3834
0.3821
0.4261
0.3821
0.4252
0.3819
0.3823
0.4260
0.3822
0.4253
0.3838
0.4262
0.3844
0.4243
0.3818
0.3816
0.3819
0.3841
0.3817
0.3809
0.4234
0.3815
0.3832
0.3834
0.3847
0.4281
0.4242
0.3823
0.3821
0.4237
0.3823
0.4227
0.4231
0.3818
0.3821
0.4258
0.3841
0.3841
0.3833
0.4239
0.3822
0.3826
0.3831
0.3823
0.3821
0.3823
0.3821
0.4272
0.3838
0.3850
0.3847
0.3818
0.4327
0.3844
0.3821
0.3827
0.3823
0.4268
0.3823
0.3824
0.4256
0.3844
0.3837
0.3843
0.4279
0.3819
0.3818
0.3817
0.4289
0.4245
0.4228
0.4244
0.3837
0.4282
0.4300
0.3848
0.3822
0.3812
0.3882
0.3828
0.4236
0.3817
0.3815
0.3837
0.3861
0.3899
0.4425
0.4257
0.4317
0.3850
0.4402
0.4298
0.3823
0.3846
0.3870
0.3837
0.3859
0.3829
0.3837
0.3841
0.3883
0.4263
0.4226
0.3827
0.4231
0.4268
0.3815
0.3810
0.4220
0.3813
0.4252
0.4308
0.3846
0.3835
0.3815
0.4233
0.3817
0.3813
0.3822
0.4230
0.4235
0.3825
0.3830
0.3835
0.3842
0.3843
0.3824
0.3811
0.4251
0.3823
0.4253
0.4296
0.3822
0.3824
0.4290
0.4266
0.3833
0.4255
0.4245
0.3816
0.3811
0.3820
0.3820
0.3833
0.3817
0.3813
0.3820
0.4229
0.3836
0.4253
0.4260
0.3829
0.3814
0.4222
0.3816
0.3820
0.3818
0.3817
0.3811
0.3817
0.3832
0.3838
0.3844
0.3845
0.3821
0.3816
0.4269
0.4283
0.3839
0.3814
0.3813
0.4246
0.5242
0.3846
0.4291
0.4251
0.3833
0.3814
0.4233
0.3821
0.3833
0.3822
0.4277
0.4235
0.3812
0.3843
0.3842
0.4318
0.3847
0.3818
0.3818
0.3821
0.3827
0.3829
0.3821
0.3814
0.3821
0.4237
0.3839
0.3838
0.3833
0.3841
0.4243
0.3811
0.3822
0.3823
0.3819
0.3814
0.4236
0.3827
0.3827
0.3827
0.3841
0.3841
0.3837
0.3834
0.4234
0.4292
0.4255
0.4231
0.3816
0.3818
0.3826
0.3820
0.3842
0.4348
0.4316
0.4243
0.3818
0.3829
0.4245
0.4225
0.3823
0.3814
0.3822
0.3857
0.3841
0.3841
0.3836
0.3839
0.3836
0.3847
0.3844
0.3817
0.3835
0.3819
0.3813
0.3846
0.3839
0.3825
0.3834
0.3836
0.3838
0.3863
0.3845
0.3831
0.3828
0.3818
0.3830
0.3831
0.3845
0.3819
0.3820
0.3828
0.3837
0.4272
0.3835
0.3827
0.3862
0.4309
0.3841
0.3850
0.4300
0.3821
0.3840
0.3841
0.3842
0.3829
0.3837
0.3837
0.3867
0.3853
0.3820
0.3822
0.3820
0.4228
0.3816
0.3818
0.3847
0.3871
0.4349
0.3846
0.3873
0.3836
0.3824
0.3811
0.3824
0.3833
0.3841
0.3837
0.3823
0.3825
0.3836
0.3851
0.3875
0.3871
0.3826
0.3818
0.3822
0.3833
0.3830
0.3827
0.3818
0.3821
0.3824
0.3841
0.4276
0.3843
0.3843
0.3827
0.3821
0.3823
0.3829
0.4232
0.4269
0.3818
0.3823
0.3832
0.3842
0.3849
0.3849
0.3840
0.3858
0.3821
0.4235
0.3826
0.3826
0.3846
0.3825
0.3824
0.4299
0.3857
0.3844
0.3843
0.3839
0.3823
0.3818
0.3841
0.3826
0.3825
0.3825
0.3822
0.3825
0.3830
0.3843
0.3842
0.3834
0.3839
0.3829
0.3829
0.4288
0.3835
0.3827
0.3830
0.3816
0.3820
0.3825
0.3852
0.3851
0.3850
0.3844
0.3827
0.3812
0.3852
0.3843
0.3826
0.3822
0.4250
0.3818
0.3818
0.3832
0.3844
0.3848
0.3848
0.3859
0.3821
0.3823
0.3822
0.4257
0.3829
0.4223
0.3818
0.3823
0.3852
0.3846
0.3840
0.3835
0.3839
0.3824
0.3857
0.3824
0.3817
0.3825
0.3815
0.3817
0.3831
0.3816
0.3841
0.3833
0.3839
0.3843
0.3827
0.3815
0.3826
0.3822
0.3829
0.3826
0.3823
0.3818
0.3818
0.3838
0.3839
0.3847
0.3848
0.3819
0.3819
0.3823
0.3816
0.3831
0.4286
0.3826
0.3829
0.3819
0.3844
0.4282
0.3842
0.3834
0.5316
0.3828
0.3819
0.3818
0.3818
0.3823
0.3824
0.4295
0.3850
0.3836
0.3840
0.3845
0.3837
0.3826
0.3830
0.3824
0.3818
0.3819
0.4231
0.3824
0.3829
0.4258
0.3840
0.3842
0.4255
0.4241
0.3823
0.3825
0.3822
0.3835
0.3826
0.3819
0.4276
0.3818
0.3842
0.3839
0.3842
0.3840
0.3849
0.3858
0.3826
0.4329
0.3842
0.3822
0.4314
0.3842
0.3825
0.3836
0.3841
0.3839
0.3872
0.3849
0.3832
0.3820
0.4258
0.3828
0.3818
0.3826
0.3836
0.3845
0.3855
0.3850
0.3843
0.3838
0.3827
0.3839
0.3841
0.3831
0.3820
0.3821
0.3818
0.4244
0.3827
0.4266
0.3839
0.3844
0.3850
0.3836
0.3825
0.3815
0.3819
0.3823
0.3823
0.3823
0.3818
0.3815
0.3843
0.3845
0.3854
0.3838
0.3830
0.3826
0.3827
0.3839
0.3839
0.3820
0.3833
0.3814
0.3821
0.3831
0.3852
0.3857
0.3842
0.3837
0.3833
0.3827
0.3829
0.3820
0.3825
0.3826
0.3821
0.4005
0.3838
0.3867
0.3844
0.3839
0.3835
0.3826
0.3822
0.3840
0.3831
0.3824
0.3822
0.3817
0.4250
0.3823
0.4254
0.3840
0.3836
0.3842
0.3828
0.3818
0.3813
0.3814
0.3818
0.3838
0.3827
0.3825
0.3822
0.3833
0.3845
0.3853
0.3903
0.3868
0.3866
0.3811
0.3818
0.3829
0.3875
0.3849
0.3851
0.3814
0.3827
0.4259
0.3837
0.3840
0.3840
0.3827
0.3814
0.3817
0.3825
0.3825
0.3839
0.3835
0.3822
0.3810
0.3837
0.3836
0.3866
0.3849
0.3819
0.3816
0.3819
0.3820
0.3836
0.3824
0.3815
0.3815
0.3832
0.3840
0.3850
0.3849
0.3839
0.3815
0.3816
0.4239
0.3825
0.3829
0.4232
0.3817
0.3827
0.3824
0.3842
0.3839
0.3841
0.3840
0.3826
0.3822
0.3820
0.3821
0.3821
0.3812
0.3840
0.3841
0.3828
0.3836
0.3836
0.3838
0.3865
0.3841
0.3817
0.3818
0.3817
0.3823
0.3832
0.3829
0.3823
0.3811
0.3838
0.3837
0.3867
0.3870
0.3824
0.3811
0.3818
0.3818
0.3856
0.3837
0.3819
0.3819
0.3818
0.3822
0.3867
0.3863
0.3844
0.3833
0.3817
0.3819
0.3838
0.3848
0.3961
0.3822
0.3814
0.3809
0.3829
0.3867
0.3852
0.3842
0.3834
0.3813
0.3816
0.3842
0.3839
0.3820
0.3813
0.3820
0.3835
0.3851
0.3850
0.3842
0.3837
0.3838
0.3820
0.3837
0.3822
0.3827
0.3816
0.3868
0.3823
0.3843
0.3823
0.3843
0.3835
0.3837
0.3834
0.3838
0.3827
0.3827
0.3827
0.3821
0.3817
0.3826
0.3813
0.3817
0.3838
0.3841
0.3847
0.3851
0.3822
0.3821
0.3821
0.3821
0.3828
0.3821
0.3823
0.3822
0.3830
0.3832
0.3851
0.3852
0.3840
0.3835
0.3819
0.3817
0.3827
0.3820
0.3817
0.3815
0.3813
0.3821
0.3840
0.3845
0.3845
0.3839
0.3831
0.3818
0.3823
0.3815
0.3821
0.3819
0.3824
0.3823
0.3821
0.3815
0.3835
0.3841
0.3839
0.3844
0.3826
0.3816
0.3810
0.3813
0.3817
0.3833
0.3816
0.3830
0.3822
0.3836
0.3843
0.3845
0.3838
0.3820
0.3813
0.5396
0.3816
0.3814
0.3819
0.3821
0.3822
0.3819
0.3836
0.3837
0.3839
0.3846
0.3828
0.3818
0.3824
0.3813
0.3816
0.3824
0.3817
0.3817
0.3821
0.3822
0.3842
0.3849
0.3847
0.3835
0.3818
0.3825
0.3822
0.3844
0.3830
0.3817
0.3812
0.3817
0.3835
0.3869
0.3850
0.3841
0.3830
0.3823
0.3825
0.3839
0.3822
0.3829
0.3818
0.3823
0.3846
0.3842
0.3833
0.3840
0.3834
0.3835
0.3843
0.3841
0.3824
0.3822
0.3822
0.3819
0.3834
0.3838
0.3822
0.3843
0.3834
0.3836
0.3853
0.3866
0.3835
0.3821
0.3812
0.3821
0.3835
0.3846
0.3822
0.3823
0.3826
0.3820
0.3863
0.3869
0.3852
0.3842
0.3821
0.3820
0.3827
0.3837
0.3824
0.3819
0.3814
0.3835
0.3829
0.3864
0.3847
0.3840
0.3828
0.3821
0.3823
0.3852
0.3826
0.3819
0.3817
0.3817
0.3834
0.3845
0.3831
0.3843
0.3833
0.3835
0.3845
0.3839
0.3823
0.3818
0.3815
0.3816
0.3838
0.3863
0.3821
0.3824
0.3832
0.3833
0.3854
0.3866
0.3823
0.3824
0.3814
0.3820
0.3844
0.3837
0.3824
0.3822
0.3822
0.3833
0.3860
0.3862
0.3841
0.3818
0.3818
0.3813
0.3836
0.3839
0.3817
0.3828
0.3821
0.3817
0.3864
0.3862
0.3841
0.3839