0.3072
0.3046
0.3021
0.2066
0.2052
0.3049
0.3031
0.2059
0.3053
0.2063
0.3076
0.3036
0.3047
0.3059
0.2053
0.2044
0.3056
0.3022
0.3039
0.3033
0.3027
0.3057
0.3059
0.3053
0.3043
0.3049
0.3048
0.3034
0.3043
0.3038
0.3090
0.3047
0.3047
0.3025
0.3063
0.3006
0.3039
0.3064
0.3030
0.3048
0.3045
0.3027
0.3061
0.3027
0.3033
0.3047
0.3072
0.3132
0.3044
0.3059
0.3075
0.3045
0.3046
0.3059
0.3062
0.3036
0.3018
0.3025
0.3043
0.3017
0.3063
0.3063
0.3023
0.3036
0.3061
0.3069
0.3052
0.3094
0.3036
0.3110
0.3081
0.3049
0.3073
0.3061
0.3080
0.3040
0.3092
0.3121
0.3104
0.3071
0.3058
0.3044
0.3177
0.3064
0.3040
0.3035
0.3041
0.3040
0.3043
0.3086
0.3091
0.3036
0.3037
0.3057
0.3087
0.3054
0.3067
0.3050
0.3020
0.3062
0.3055
0.3040
0.3079
0.3039
0.3021
0.3068
0.3079
0.3027
0.3022
0.3075
0.3031
0.2997
0.3043
0.3016
0.3024
0.3215
0.3071
0.3074
0.3046
0.3083
0.3016
0.3040
0.3006
0.3041
0.3050
0.3032
0.3008
0.3014
0.3056
0.3049
0.3032
0.3031
0.3020
0.3027
0.3056
0.3064
0.3019
0.3036
0.2996
0.3056
0.3024
0.3027
0.3021
0.2988
0.2980
0.3013
0.3052
0.3020
0.2994
0.3037
0.3033
0.2047
0.3078
0.3029
0.2997
0.2994
0.3072
0.3030
0.3036
0.3023
0.3005
0.2995
0.3014
0.2999
0.2979
0.2994
0.3047
0.3011
0.2993
0.2999
0.2986
0.2017
0.2019
0.3017
0.2992
0.3006
0.3001
0.3010
0.3001
0.3171
0.2039
0.3017
0.2992
0.3003
0.2995
0.3030
0.3007
0.2023
0.2017
0.3006
0.3008
0.3005
0.2027
0.3058
0.3093
0.3036
0.2028
0.3029
0.3004
0.2031
0.3036
0.3055
0.3005
0.3015
0.3064
0.3089
0.3089
0.3111
0.3087
0.3025
0.3018
0.3017
0.3046
0.2044
0.3038
0.3035
0.3042
0.2044
0.3075
0.3046
0.3061
0.3049
0.3011
0.3020
0.3047
0.3076
0.3011
0.2027
0.2027
0.3027
0.3002
0.2032
0.2023
0.2031
0.2022
0.3044
0.3003
0.2990
0.2995
0.3012
0.3010
0.2991
0.2026
0.2031
0.3016
0.2023
0.3023
0.3000
0.2036
0.3018
0.2023
0.3006
0.3023
0.3065
0.3068
0.3028
0.2026
0.2019
0.2021
0.3021
0.2024
0.3127
0.3007
0.3005
0.2028
0.3008
0.2039
0.3029
0.3064
0.3011
0.2022
0.3009
0.2027
0.2024
0.3017
0.3000
0.2995
0.2988
0.3009
0.2982
0.2980
0.2024
0.2038
0.2022
0.2032
0.2029
0.2020
0.2017
0.3037
0.3020
0.3018
0.2025
0.2024
0.2076
0.2035
0.2035
0.3079
0.3017
0.3026
0.2028
0.2019
0.3076
0.3055
0.3026
0.3017
0.2037
0.2029
0.2019
0.2019
0.3014
0.2986
0.2996
0.2029
0.2991
0.2019
0.3025
0.2997
0.2029
0.2032
0.2028
0.3037
0.3026
0.3026
0.3007
0.2025
0.2022
0.3009
0.3008
0.2996
0.2021
0.2016
0.2016
0.2028
0.2017
0.3040
0.3030
0.2034
0.2028
0.3008
0.3004
0.3002
0.2030
0.2036
0.3027
0.3011
0.2042
0.3026
0.3037
0.3134
0.3086
0.2030
0.3007
0.2022
0.3018
0.3073
0.3012
0.3048
0.3022
0.3014
0.2029
0.2019
0.3017
0.2024
0.3024
0.3021
0.2021
0.3004
0.3023
0.3007
0.3091
0.3036
0.2061
0.3015
0.2031
0.2020
0.2023
0.2017
0.2027
0.3072
0.2041
0.2022
0.2023
0.3059
0.3024
0.3056
0.3012
0.3001
0.2030
0.2022
0.2076
0.2024
0.2022
0.2023
0.2025
0.2024
0.2025
0.2018
0.2025
0.3061
0.2028
0.2031
0.3028
0.3543
0.2023
0.2016
0.2029
0.2031
0.3041
0.2021
0.2029
0.3033
0.2029
0.2019
0.2022
0.2031
0.2023
0.2018
0.2027
0.3027
0.3016
0.3050
0.3017
0.2045
0.3049
0.2997
0.2045
0.2029
0.3017
0.2029
0.2029
0.3049
0.2029
0.2036
0.2017
0.2021
0.2021
0.2018
0.2017
0.2014
0.2021
0.2020
0.2015
0.2014
0.2023
0.2052
0.2033
0.2020
0.2022
0.2037
0.2023
0.2025
0.2017
0.2018
0.2016
0.2022
0.2018
0.2019
0.2022
0.2032
0.2039
0.2039
0.2025
0.2029
0.2019
0.2016
0.2014
0.2014
0.2019
0.2025
0.2062
0.2027
0.2044
0.3058
0.3041
0.3004
0.2019
0.3003
0.3000
0.3036
0.3042
0.2028
0.3040
0.2029
0.2026
0.2024
0.2025
0.2022
0.2027
0.3009
0.2027
0.2015
0.3000
0.2017
0.3006
0.2027
0.2990
0.3011
0.3018
0.2020
0.2015
0.2999
0.2985
0.2022
0.2021
0.2044
0.3023
0.3059
0.3006
0.3006
0.2024
0.2024
0.2016
0.2018
0.2029
0.3000
0.2999
0.2018
0.2019
0.2031
0.2021
0.2053
0.2019
0.3028
0.2998
0.2022
0.2993
0.2020
0.2016
0.3035
0.2017
0.2987
0.2029
0.2021
0.2023
0.3019
0.2020
0.3006
0.2977
0.2989
0.2987
0.2015
0.3009
0.2021
0.2024
0.2031
0.2025
0.2024
0.2023
0.2984
0.2026
0.3026
0.2979
0.2026
0.2017
0.2024
0.2031
0.3018
0.2024
0.3003
0.2024
0.3004
0.3010
0.3005
0.2037
0.2061
0.2081
0.2019
0.2026
0.3027
0.3010
0.3011
0.3001
0.3024
0.3014
0.2036
0.2032
0.3006
0.2045
0.3072
0.2021
0.2982
0.2982
0.3038
0.2034
0.2027
0.2021
0.3043
0.2028
0.2023
0.2021
0.2030
0.2039
0.2027
0.2022
0.3022
0.2038
0.3024
0.2027
0.3026
0.3031
0.2032
0.2040
0.2026
0.2021
0.3047
0.2997
0.2994
0.2025
0.2022
0.3008
0.3016
0.2026
0.2021
0.2022
0.2025
0.2048
0.2053
0.2026
0.2018
0.2018
0.2017
0.2020
0.2020
0.3023
0.2988
0.2991
0.2989
0.2996
0.2979
0.2020
0.2992
0.2018
0.2013
0.2017
0.2012
0.2010
0.2012
0.2026
0.2031
0.2025
0.2028
0.2025
0.2054
0.2031
0.2019
0.2032
0.2036
0.2027
0.2024
0.2023
0.2033
0.2029
0.2049
0.2080
0.2023
0.2021
0.2017
0.2016
0.2031
0.2018
0.3039
0.2036
0.2035
0.2054
0.2023
0.2017
0.2014
0.2021
0.2022
0.2019
0.2020
0.3042
0.2036
0.3063
0.3093
0.2046
0.2027
0.3018
0.2024
0.3003
0.2029
0.3009
0.2022
0.2037
0.2079
0.2029
0.2020
0.3046
0.3009
0.2022
0.2017
0.2014
0.2016
0.3025
0.2060
0.2039
0.2023
0.2029
0.2016
0.2022
0.2018
0.3020
0.2032
0.2017
0.2028
0.2031
0.2055
0.3034
0.3055
0.2046
0.3031
0.2025
0.2029
0.2017
0.2020
0.2029
0.2034
0.2033
0.2025
0.2031
0.2040
0.2019
0.2023
0.2021
0.2017
0.2021
0.2028
0.2032
0.2056
0.2053
0.2037
0.2022
0.2018
0.2016
0.3050
0.2995
0.2994
0.2019
0.3010
0.3006
0.2023
0.2023
0.3002
0.2041
0.2043
0.2043
0.2043
0.2037
0.2032
0.2028
0.2055
0.2021
0.2016
0.2026
0.2031
0.2049
0.2056
0.2026
0.3056
0.2020
0.2015
0.3032
0.2041
0.2054
0.2022
0.2028
0.3012
0.3032
0.2023
0.2022
0.2017
0.2015
0.2017
0.2032
0.3075
0.2030
0.2043
0.2024
0.2018
0.2015
0.2016
0.2017
0.3032
0.3011
0.2017
0.2026
0.2018
0.2016
0.2024
0.2035
0.2031
0.2036
0.3050
0.3015
0.2025
0.3011
0.2024
0.2018
0.3040
0.3028
0.3038
0.3010
0.3012
0.2035
0.2023
0.2021
0.2018
0.2021
0.2022
0.2023
0.2024
0.2022
0.2016
0.2023
0.2016
0.2021
0.2025
0.3097
0.2044
0.2027
0.3030
0.2022
0.2024
0.2015
0.3010
0.3012
0.2026
0.2024
0.2065
0.2028
0.2035
0.2062
0.2040
0.2109
0.2075
0.2046
0.2049
0.2029
0.2025
0.2021
0.2032
0.2024
0.2054
0.2027
0.2031
0.2031
0.2029
0.2027
0.2021
0.2027
0.2037
0.2037
0.2026
0.2047
0.2066
0.2031
0.2035
0.2027
0.2023
0.2024
0.2020
0.2022
0.2018
0.2022
0.2038
0.3061
0.2030
0.2020
0.2020
0.2042
0.2043
0.2026
0.2019
0.2021
0.2092
0.3056
0.2029
0.2020
0.2024
0.3031
0.2023
0.2992
0.2019
0.3011
0.2030
0.2019
0.2033
0.2033
0.2044
0.2029
0.2056
0.2017
0.2024
0.2018
0.2020
0.2015
0.2041
0.2044
0.2030
0.2025
0.2022
0.2037
0.2026
0.2024
0.2021
0.2018
0.2020
0.2028
0.2037
0.2047
0.2024
0.2041
0.2040
0.2020
0.2020
0.2016
0.2021
0.2032
0.2021
0.2019
0.2019
0.2019
0.2037
0.2034
0.2032
0.2029
0.3061
0.2030
0.2024
0.2024
0.2019
0.2041
0.2027
0.2041
0.2054
0.2022
0.2031
0.2030
0.2015
0.2015
0.2014
0.2023
0.2016
0.2020
0.2035
0.2022
0.2030
0.2030
0.2032
0.2023
0.2032
0.2024
0.2032
0.2019
0.2018
0.2021
0.2034
0.2043
0.2062
0.2052
0.2035
0.2028
0.2016
0.2029
0.2016
0.2027
0.2027
0.2030
0.2047
0.2023
0.2023
0.2020
0.2014
0.2016
0.2016
0.3041
0.2033
0.2022
0.2021
0.2024
0.2030
0.2026
0.2021
0.2022
0.2023
0.2029
0.2019
0.2018
0.3030
0.2027
0.2017
0.3003
0.2016
0.2016
0.2023
0.2020
0.3043
0.3024
0.3018
0.3053
0.2055
0.2024
0.2019
0.2019
0.2019
0.2053
0.2049
0.2061
0.2025
0.2025
0.2021
0.2023
0.2027
0.2018
0.2015
0.2017
0.3047
0.2035
0.2023
0.2024
0.2032
0.2024
0.2023
0.2022
0.2019
0.2015
0.2016
0.2015
0.3004
0.2018
0.3007
0.2020
0.2016
0.2015
0.2015
0.2027
0.3100
0.2037
0.2025
0.2025
0.2016
0.2018
0.2018
0.3049
0.2034
0.3039
0.2061
0.3000
0.2030
0.2016
0.2017
0.2040
0.2037
0.2022
0.2017
0.2018
0.2025
0.2025
0.2024
0.2025
0.2023
0.2023
0.2024
0.2024
0.3052
0.2025
0.2020
0.2021
0.3015
0.2040
0.2065
0.3026
0.2036
0.2054
0.2020
0.2015
0.2016
0.3030
0.2981
0.2013
0.2014
0.2016
0.2025
0.2026
0.3029
0.2030
0.2022
0.2023
0.2996
0.2026
0.2987
0.3023
0.2018
0.2023
0.2029
0.3050
0.2040
0.2028
0.2039
0.2031
0.2029
0.2022
0.3016
0.2023
0.2018
0.2029
0.2017
0.2016
0.2013
0.2019
0.2015
0.2017
0.3021
0.2041
0.3027
0.2038
0.2022
0.2056
0.2016
0.2017
0.2014
0.2019
0.2017
0.2016
0.2023
0.2031
0.2036
0.2020
0.2024
0.2062
0.2029
0.2019
0.2014
0.2017
0.2015
0.2015
0.2013
0.2020
0.2019
0.2014
0.2022
0.2024
0.2030
0.2025
0.2037
0.2031
0.2020
0.2018
0.2026
0.2014
0.2016
0.2017
0.2015
0.2014
0.2015
0.2036
0.2043
0.2072
0.2043
0.2025
0.2023
0.2017
0.2020
0.2022
0.2024
0.2032
0.2024
0.2048
0.2026
0.2032
0.2033
0.3064
0.2032
0.2033
0.2061
0.2047
0.2050
0.2046
0.2029
0.2023
0.2020
0.2018
0.2025
0.2024
0.2019
0.2026
0.3047
0.3029
0.2051
0.2034
0.2023
0.2024
0.2031
0.2020
0.2017
0.2041
0.3039
0.3025
0.2024
0.3044
0.2017
0.2017
0.2017
0.2026
0.2016
0.2019
0.3019
0.2978
0.2992
0.3018
0.2022
0.2016
0.2019
0.2019
0.2030
0.2035
0.2021
0.2023
0.2022
0.2034
0.2015
0.2015
0.2018
0.2019
0.2020
0.2018
0.2018
0.2017
0.3027
0.2021
0.2046
0.2055
0.2056
0.2023
0.2021
0.2019
0.2017
0.2037
0.3030
0.2028
0.2035
0.2033
0.2021
0.2026
0.2018
0.3011
0.2019
0.2986
0.2018
0.2013
0.2998
0.2016
0.2013
0.2975
0.2015
0.2017
0.2015
0.2013
0.2011
0.2012
0.2014
0.2013
0.2013
0.2029
0.2023
0.2023
0.2024
0.2982
0.2979
0.2028
0.2026
0.2026
0.2034
0.2023
0.3008
0.2986
0.2023
0.2014
0.2014
0.2019
0.2014
0.2996
0.2033
0.2997
0.2991
0.2017
0.2016
0.2019
0.3008
0.3010
0.2995
0.3001
0.2030
0.2065
0.2052
0.2022
0.2018
0.2016
0.2015
0.2017
0.2023
0.2018
0.2056
0.3053
0.2030
0.3066
0.3023
0.3004
0.2031
0.2020
0.2018
0.2020
0.3022
0.2024
0.2035
0.2028
0.3013
0.2043
0.2027
0.2055
0.2019
0.2031
0.2022
0.2017
0.2018
0.2027
0.2034
0.2067
0.2030
0.2049
0.2021
0.2034
0.2020
0.2019
0.2018
0.2022
0.3078
0.2025
0.3002
0.3007
0.2977
0.2027
0.2023
0.2030
0.3015
0.2027
0.2022
0.2026
0.2021
0.2022
0.2017
0.2996
0.3014
0.3018
0.2027
0.3024
0.3015
0.2041
0.2075
0.3053
0.2029
0.2029
0.2021
0.3012
0.2018
0.2019
0.2081
0.2033
0.2037
0.2039
0.2036
0.2026
0.2026
0.2056
0.2028
0.3078
0.2030
0.2018
0.2020
0.2017
0.3020
0.2020
0.2017
0.2026
0.3015
0.2019
0.2021
0.2042
0.2034
0.2043
0.2035
0.2026
0.2021
0.2026
0.2018
0.2030
0.3024
0.2023
0.2022
0.2028
0.2026
0.3269
0.2045
0.2039
0.2034
0.2029
0.2034
0.2021
0.2019
0.2015
0.2014
0.2022
0.2016
0.2019
0.2015
0.2031
0.2040
0.2034
0.2028
0.2027
0.2026
0.2038
0.2030
0.2018
0.2021
0.2017
0.2025
0.2022
0.2079
0.2055
0.2043
0.2033
0.2020
0.2024
0.2023
0.2076
0.2036
0.2023
0.2021
0.2031
0.2018
0.2023
0.2019
0.2014
0.2019
0.2018
0.2021
0.2021
0.2016
0.2018
0.2025
0.2040
0.2039
0.2026
0.2025
0.2020
0.2018
0.2013
0.2022
0.2021
0.2014
0.2024
0.2018
0.2035
0.2064
0.2086
0.2029
0.2019
0.2023
0.2014
0.2015
0.2023
0.2017
0.2042
0.2027
0.2052
0.2022
0.2016
0.2026
0.2013
0.2011
0.2012
0.2013
0.2013
0.2023
0.2021
0.2020
0.2015
0.2018
0.2020
0.2027
0.2039
0.2023
0.2026
0.2024
0.2025
0.2019
0.2020
0.2016
0.2015