0.18761181831359863
0.030454158782958984
0.030482769012451172
0.030386686325073242
0.03036355972290039
0.03034186363220215
0.030144214630126953
0.03061819076538086
0.03176140785217285
0.030909299850463867
0.03019571304321289
0.030251741409301758
0.03029346466064453
0.03004622459411621
0.030277490615844727
0.14928388595581055
0.030498981475830078
0.030576467514038086
0.03085160255432129
0.03118443489074707
0.03425741195678711
0.03054022789001465
0.030399322509765625
0.030344009399414062
0.030872106552124023
0.03058171272277832
0.03060317039489746
0.03037881851196289
0.030582666397094727
0.03081989288330078
0.030266761779785156
0.03046584129333496
0.0306549072265625
0.030482053756713867
0.030528783798217773
0.030336380004882812
0.030507326126098633
0.030257225036621094
0.03040790557861328
0.03030681610107422
0.030468463897705078
0.03051590919494629
0.030600547790527344
0.030190467834472656
0.030030488967895508
0.029935836791992188
0.03018975257873535
0.03070831298828125
0.03015875816345215
0.030186891555786133
0.030315637588500977
0.030224084854125977
0.030091524124145508
0.02986454963684082
0.03033447265625
0.030087709426879883
0.12682628631591797
0.03146553039550781
0.030071020126342773
0.029963254928588867
0.02980184555053711
0.03011012077331543
0.03054952621459961
0.030448198318481445
0.033345937728881836
0.030207395553588867
0.030149221420288086
0.03025531768798828
0.030098676681518555
0.030164718627929688
0.0301516056060791
0.03029036521911621
0.03021407127380371
0.03026437759399414
0.030132770538330078
0.03040146827697754
0.03012561798095703
0.030140161514282227
0.03014397621154785
0.030234098434448242
0.030196666717529297
0.0302884578704834
0.03002309799194336
0.030124187469482422
0.03011155128479004
0.030243635177612305
0.030289173126220703
0.030375003814697266
0.030146360397338867
0.03026556968688965
0.030256271362304688
0.030146360397338867
0.03017115592956543
0.03322434425354004
0.030385971069335938
0.030532121658325195
0.030515670776367188
0.12192726135253906
0.03138256072998047
0.03058910369873047
0.030355453491210938
0.030920743942260742
0.030946969985961914
0.0303952693939209
0.030522823333740234
0.03096151351928711
0.030551910400390625
0.030758380889892578
0.030407428741455078
0.030316591262817383
0.03040933609008789
0.030243635177612305
0.03041386604309082
0.0303347110748291
0.030300140380859375
0.030350685119628906
0.030426740646362305
0.030399799346923828
0.030088424682617188
0.029872655868530273
0.03151893615722656
0.029910802841186523
0.03025984764099121
0.030015230178833008
0.02995777130126953
0.029914140701293945
0.030090808868408203
0.029979228973388672
0.02988886833190918
0.029949426651000977
0.030045747756958008
0.030063152313232422
0.03009319305419922
0.03001856803894043
0.030057668685913086
0.030074119567871094
0.03015923500061035
0.029984712600708008
0.03014540672302246
0.11886930465698242
0.030382394790649414
0.030245304107666016
0.030360937118530273
0.03024005889892578
0.03060126304626465
0.030177831649780273
0.030345678329467773
0.030249595642089844
0.030524015426635742
0.030403614044189453
0.03064560890197754
0.0302886962890625
0.030400991439819336
0.030269384384155273
0.030424118041992188
0.030409812927246094
0.03063178062438965
0.030225038528442383
0.030643701553344727
0.030632972717285156
0.030434846878051758
0.03031182289123535
0.030343294143676758
0.03020167350769043
0.030453920364379883
0.03012561798095703