0.0257112979888916
0.0214693546295166
0.022852659225463867
0.03223705291748047
0.02124476432800293
0.022434234619140625
0.023988008499145508
0.03383588790893555
0.024348735809326172
0.024322032928466797
0.02878856658935547
0.031029701232910156
0.024276256561279297
0.023228883743286133
0.031137704849243164
0.026381969451904297
0.023092985153198242
0.02292919158935547
0.03052973747253418
0.025589942932128906
0.02277970314025879
0.021799564361572266
0.027890682220458984
0.026430368423461914
0.022135496139526367
0.0233767032623291
0.03211855888366699
0.02357339859008789
0.022208690643310547
0.022414684295654297
0.03256344795227051
0.02385401725769043
0.02469015121459961
0.024418115615844727
0.03321027755737305
0.02391195297241211
0.023868799209594727
0.025891542434692383
0.029689788818359375
0.022839784622192383
0.02264118194580078
0.11516618728637695
0.03109431266784668
0.02781534194946289
0.02576422691345215
0.02972245216369629
0.0307919979095459
0.024053573608398438
0.022406816482543945
0.031018495559692383
0.02651238441467285
0.02448296546936035
0.023841142654418945
0.032553911209106445
0.024244070053100586
0.02365589141845703
0.024724245071411133
0.032682180404663086
0.022956132888793945
0.023000240325927734
0.02583026885986328
0.03139686584472656
0.022081851959228516
0.02348637580871582
0.02581930160522461
0.02739405632019043
0.024187803268432617
0.022129535675048828
0.024930477142333984
0.030581951141357422
0.02325916290283203
0.02275681495666504
0.026118040084838867
0.030484914779663086
0.02312302589416504
0.02341771125793457
0.02840113639831543
0.029215574264526367
0.023038864135742188
0.023279905319213867
0.03182172775268555
0.026578903198242188
0.022992610931396484
0.022167682647705078
0.030834436416625977
0.024272680282592773
0.022521018981933594
0.022069931030273438
0.031070470809936523
0.024443626403808594
0.02278876304626465
0.023197650909423828
0.03346061706542969
0.02463555335998535
0.024889230728149414
0.024300336837768555
0.0321650505065918
0.02361011505126953
0.02373480796813965
0.026701927185058594
0.03144359588623047
0.02468585968017578
0.024335622787475586
0.0323488712310791
0.02814650535583496
0.024208545684814453
0.02443695068359375
0.034158945083618164
0.024770021438598633
0.024492263793945312
0.02602076530456543
0.031722307205200195
0.023852109909057617
0.022284507751464844
0.023245811462402344
0.03010725975036621
0.02307581901550293
0.13517189025878906
0.026667356491088867
0.023789167404174805
0.0232388973236084
0.02308201789855957
0.025902748107910156
0.02303171157836914
0.02385258674621582
0.02338266372680664
0.024460554122924805
0.023044586181640625
0.02312326431274414
0.0229799747467041
0.023941993713378906
0.023781299591064453
0.021239519119262695
0.022652149200439453
0.02158522605895996
0.0233151912689209
0.02553081512451172
0.02369093894958496
0.02315211296081543
0.024972200393676758
0.02433609962463379
0.02445387840270996
0.023314714431762695
0.024290800094604492
0.024610280990600586
0.022613048553466797
0.02271890640258789
0.02268195152282715
0.023738861083984375
0.02261972427368164
0.022541284561157227
0.023954153060913086
0.026641368865966797
0.024274587631225586
0.0242464542388916
0.02506089210510254
0.02747321128845215
0.02336740493774414
0.02280426025390625
0.024439573287963867
0.023319005966186523
0.02502274513244629
0.021900415420532227
0.022919178009033203
0.02410602569580078
0.02348041534423828
0.0248105525970459
0.024036884307861328
0.024204015731811523
0.024692058563232422
0.022472620010375977
0.021632671356201172
0.10814118385314941
0.02684617042541504
0.025131702423095703
0.024473905563354492
0.022536754608154297
0.02333688735961914
0.02336883544921875
0.021884679794311523
0.02300262451171875
0.0240631103515625
0.02605438232421875
0.022447824478149414
0.022055625915527344
0.02160787582397461
0.024250507354736328
0.023063182830810547
0.022106170654296875
0.02265000343322754
0.022777557373046875
0.024327516555786133
0.022098779678344727
0.021988868713378906
0.0223696231842041
0.026743173599243164
0.023545265197753906
0.02390766143798828
0.02479100227355957
0.027660369873046875
0.025447368621826172
0.023237228393554688
0.023295879364013672
0.02522587776184082
0.02463841438293457
0.0227813720703125
0.022255420684814453
0.022693157196044922
0.02503490447998047
0.022424936294555664
0.02330803871154785
0.02393317222595215
0.0237882137298584
0.022339344024658203
0.022594690322875977
0.02352738380432129
0.025644540786743164
0.022980451583862305
0.0222930908203125