0.057272911071777344
0.05054473876953125
0.17063522338867188
0.04780077934265137
0.05721473693847656
0.05226492881774902
0.048865318298339844
0.05645489692687988
0.04892325401306152
0.051962852478027344
0.05057859420776367
0.051167964935302734
0.0491786003112793
0.05580759048461914
0.053124189376831055
0.04942917823791504
0.04706096649169922
0.05610346794128418
0.05485057830810547
0.049478769302368164
0.057314395904541016
0.04746747016906738
0.051439762115478516
0.049451351165771484
0.05921483039855957
0.04796457290649414
0.04924654960632324
0.05298900604248047
0.05507922172546387
0.15558743476867676
0.0538640022277832
0.04748988151550293
0.05577492713928223
0.04999566078186035
0.05208301544189453
0.05112719535827637
0.05174064636230469
0.04964637756347656
0.055130958557128906
0.05272936820983887
0.04937171936035156
0.04732632637023926
0.0571131706237793
0.04969334602355957
0.05184435844421387
0.058371543884277344
0.047493696212768555
0.049835920333862305
0.05263972282409668
0.05491900444030762
0.04778575897216797
0.049813032150268555
0.05439472198486328
0.05405783653259277
0.04758262634277344
0.05666851997375488
0.15015435218811035
0.058722496032714844
0.04913067817687988
0.05600118637084961
0.054108381271362305
0.05081009864807129
0.05089092254638672
0.057183027267456055
0.055118560791015625
0.04770255088806152
0.0509188175201416
0.05511045455932617
0.05142021179199219
0.05245780944824219
0.0561528205871582
0.04820394515991211
0.05401325225830078
0.05081915855407715
0.05538535118103027
0.04802584648132324
0.05768275260925293
0.05164074897766113
0.051621437072753906
0.056366920471191406
0.050467491149902344
0.05041790008544922
0.05216574668884277
0.17110800743103027
0.057398319244384766
0.05469632148742676
0.04789543151855469
0.05653953552246094
0.05272078514099121
0.04954671859741211
0.047048330307006836
0.05975151062011719
0.05088162422180176
0.05224037170410156
0.057897090911865234
0.04821515083312988
0.05156874656677246
0.05422210693359375
0.05693340301513672
0.05087161064147949
0.05713176727294922
0.0561676025390625
0.05453658103942871
0.048119306564331055
0.05836915969848633
0.05222201347351074
0.049971818923950195
0.057932376861572266
0.1584470272064209
0.06037259101867676
0.04722929000854492
0.051177024841308594
0.051796674728393555
0.05969357490539551
0.048337459564208984
0.05388951301574707
0.049324750900268555
0.05339193344116211
0.04858255386352539
0.05773162841796875
0.05457425117492676
0.04843258857727051
0.04737281799316406
0.0608060359954834
0.05083775520324707
0.05406832695007324
0.0574183464050293
0.047749996185302734
0.05145454406738281
0.05336308479309082
0.056146860122680664
0.049904584884643555
0.0577695369720459
0.05008673667907715
0.05326986312866211
0.053954362869262695
0.14600348472595215
0.054099082946777344
0.05054020881652832
0.047864675521850586
0.05983138084411621
0.05248618125915527
0.052095890045166016
0.057080984115600586
0.047698259353637695
0.04953598976135254
0.05562758445739746
0.05663299560546875
0.0476839542388916
0.052168846130371094
0.05336427688598633
0.055616140365600586
0.051642656326293945
0.058139801025390625
0.05080127716064453
0.05237579345703125
0.05348014831542969
0.049909353256225586