0.17708563804626465
0.019219398498535156
0.019144058227539062
0.01900315284729004
0.019048690795898438
0.01927042007446289
0.019016504287719727
0.0191342830657959
0.019142627716064453
0.01909637451171875
0.018870115280151367
0.01892542839050293
0.018995046615600586
0.01908254623413086
0.019208669662475586
0.01909470558166504
0.018973827362060547
0.018987178802490234
0.018978357315063477
0.020241975784301758
0.018816232681274414
0.018952608108520508
0.018784284591674805
0.018802165985107422
0.018981218338012695
0.01894998550415039
0.0189511775970459
0.018822669982910156
0.018819332122802734
0.01873302459716797
0.018793821334838867
0.018832921981811523
0.018686294555664062
0.018871784210205078
0.018925189971923828
0.01878952980041504
0.018918275833129883
0.018952369689941406
0.019587278366088867
0.018532514572143555
0.01853179931640625
0.018956899642944336
0.0193479061126709
0.018556833267211914
0.018665313720703125
0.019454240798950195
0.019095420837402344
0.018788576126098633
0.018805503845214844
0.018825769424438477
0.020413637161254883
0.018573284149169922
0.018676280975341797
0.01871633529663086
0.018666982650756836
0.01875019073486328
0.018642902374267578
0.018593311309814453
0.018749237060546875
0.018553495407104492
0.018628358840942383
0.01876068115234375
0.018635034561157227
0.01867079734802246
0.018799543380737305
0.018549442291259766
0.018609285354614258
0.01879572868347168
0.018586158752441406
0.018617868423461914
0.018790006637573242
0.01856827735900879
0.018642663955688477
0.0187685489654541
0.01859760284423828
0.0187530517578125
0.019667863845825195
0.01909351348876953
0.01899886131286621
0.01881575584411621
0.018892288208007812
0.018895387649536133
0.01893329620361328
0.01897120475769043
0.018924236297607422
0.019006013870239258
0.022667407989501953
0.019327640533447266
0.01981830596923828
0.019016027450561523
0.01900935173034668
0.01908731460571289
0.019012451171875
0.018994808197021484
0.019060850143432617
0.019239187240600586
0.019038677215576172
0.019322872161865234
0.020007610321044922
0.01914525032043457
0.01929783821105957
0.019736766815185547
0.018970489501953125
0.019200801849365234
0.01901698112487793
0.019083261489868164
0.019095897674560547
0.01958298683166504
0.019708633422851562
0.01939845085144043
0.01932525634765625
0.020292043685913086
0.01921868324279785
0.019372940063476562
0.019349336624145508
0.019000530242919922
0.01915717124938965
0.01930379867553711
0.019127368927001953
0.019176483154296875
0.018657445907592773
0.01865220069885254
0.018748760223388672
0.018706560134887695
0.019800424575805664
0.018776655197143555
0.01851201057434082
0.018544673919677734
0.018622398376464844
0.018568038940429688
0.018514394760131836
0.018643617630004883
0.018587827682495117
0.01875472068786621
0.018729209899902344
0.018625497817993164
0.018592119216918945
0.0185549259185791
0.018537521362304688
0.018639326095581055
0.018683910369873047
0.018559694290161133
0.018791675567626953
0.018668651580810547
0.018648624420166016
0.018599271774291992
0.018742799758911133
0.018712282180786133
0.01868915557861328
0.01920342445373535
0.018985748291015625
0.01891016960144043
0.019100666046142578
0.019119739532470703
0.019080638885498047
0.019029855728149414
0.018922090530395508
0.01897454261779785
0.01891040802001953
0.019095659255981445
0.018826961517333984
0.019215822219848633
0.01889944076538086
0.019054651260375977
0.01910257339477539
0.019165515899658203
0.01909923553466797
0.01907658576965332
0.019060611724853516
0.018944740295410156
0.018881559371948242
0.01870441436767578
0.018544912338256836
0.01893329620361328
0.018716812133789062
0.018793344497680664
0.01886153221130371
0.01853013038635254
0.018717288970947266
0.01854419708251953
0.0187070369720459
0.01891803741455078
0.018544673919677734
0.01861572265625
0.018609285354614258
0.018495798110961914
0.01858210563659668
0.018623828887939453
0.01863574981689453
0.018584728240966797
0.018544435501098633
0.018607139587402344
0.018551111221313477
0.018596172332763672
0.01860976219177246
0.018599271774291992
0.018564224243164062
0.01917886734008789
0.020349740982055664
0.019015073776245117
0.01910114288330078
0.019139528274536133
0.018958330154418945
0.018975496292114258
0.019301414489746094
0.01886606216430664
0.019313573837280273
0.019101381301879883
0.019161462783813477
0.01910877227783203
0.019228458404541016
0.019451379776000977
0.019159555435180664
0.01910567283630371
0.01904916763305664
0.0192263126373291
0.01900482177734375
0.019101381301879883
0.01910257339477539
0.019098520278930664
0.01901102066040039
0.019105911254882812
0.01912856101989746
0.01909923553466797
0.019058704376220703
0.019044160842895508
0.01909780502319336
0.019004106521606445
0.018928050994873047
0.018907546997070312
0.02045273780822754
0.01859450340270996
0.018776416778564453
0.018575668334960938
0.01856088638305664
0.018599748611450195
0.018602848052978516
0.01857590675354004
0.01870441436767578
0.01871323585510254
0.018800020217895508
0.019103050231933594
0.018945932388305664
0.019471168518066406
0.018920183181762695
0.018947362899780273
0.021811962127685547
0.019043445587158203
0.01876044273376465
0.018606901168823242
0.0186617374420166
0.018677234649658203
0.018614768981933594
0.018561124801635742
0.01858687400817871
0.0185699462890625
0.01856827735900879
0.01876091957092285
0.01856255531311035
0.018596410751342773
0.018654584884643555
0.018596649169921875
0.018495798110961914
0.018756866455078125
0.01870274543762207
0.01860642433166504
0.0186612606048584
0.018558502197265625
0.018561840057373047
0.018723249435424805
0.018805980682373047
0.018741846084594727
0.018820524215698242
0.01919388771057129
0.018743276596069336
0.019315004348754883
0.019136905670166016
0.0190584659576416
0.019003868103027344
0.018761873245239258
0.018715381622314453
0.01883673667907715
0.018791675567626953
0.018804073333740234
0.018730878829956055
0.01860499382019043
0.02082514762878418
0.01869487762451172
0.018579959869384766
0.018573999404907227
0.01896524429321289
0.018769025802612305
0.018619060516357422
0.018658876419067383
0.018548011779785156
0.018596172332763672
0.018561124801635742
0.018581867218017578
0.01851487159729004
0.0185244083404541
0.01867508888244629
0.018803834915161133
0.018613815307617188
0.01856088638305664
0.01871204376220703
0.018669843673706055
0.018614768981933594
0.01854729652404785
0.01858377456665039
0.018632888793945312
0.018630027770996094
0.018950462341308594
0.018589019775390625
0.01867055892944336
0.01883721351623535
0.019498825073242188
0.01953291893005371
0.018805742263793945
0.01879143714904785
0.018690824508666992
0.018693923950195312
0.0187225341796875
0.0192563533782959
0.018994808197021484
0.018897056579589844
0.019004344940185547
0.019005775451660156
0.020812511444091797
0.019008398056030273
0.019052505493164062
0.01901865005493164
0.01914691925048828
0.018957138061523438
0.019099712371826172
0.019082069396972656
0.019090652465820312
0.020087480545043945
0.018970489501953125
0.01881098747253418
0.018815994262695312
0.01920342445373535
0.01863574981689453
0.018619060516357422
0.018605470657348633
0.018680572509765625
0.01869988441467285
0.018741607666015625
0.018555641174316406
0.018616676330566406
0.01863241195678711
0.018662691116333008
0.018764495849609375
0.0186154842376709
0.018619060516357422
0.018752574920654297
0.01882147789001465
0.018618106842041016
0.018781423568725586
0.018709421157836914
0.01893162727355957
0.018815994262695312
0.018853425979614258
0.018891572952270508
0.018843650817871094
0.018918991088867188
0.01889777183532715
0.018753767013549805
0.018768787384033203
0.019016742706298828
0.018810272216796875
0.01886916160583496
0.0188443660736084
0.018954038619995117
0.01876521110534668
0.01888871192932129
0.018691539764404297
0.01874232292175293
0.01878213882446289
0.018734216690063477
0.018711566925048828
0.01874685287475586
0.01854419708251953
0.018563508987426758
0.018647432327270508
0.018659114837646484
0.01880502700805664
0.018792390823364258
0.018564462661743164
0.018544435501098633
0.018695831298828125
0.018535614013671875
0.01860666275024414
0.018575668334960938
0.018517494201660156
0.01860833168029785
0.01860642433166504
0.018930912017822266
0.018824338912963867
0.018711090087890625
0.018829822540283203
0.018799543380737305
0.018803119659423828
0.01867508888244629
0.01856827735900879